21
92
93
116
128
169
200
206
226
285
288
298
363
376
394
407
429
443
455
466
505
524
587
590
632
641
655
663
708
723
725
750
764
777
825
845
866
900
930
972
997
1000
1002
1018
1022
1034
1036
1041
1044
1061
1079
1089
1096
1098
1100
1107
1115
1177
1209
1230
1231
1242
1262
1294
1360
1364
1370
1388
1418
1489
1506
1508
1509
1517
1541
1552
1566
1605
1657
1667
1694
1733
1741
1748
1752
1759
1760
1796
1811
1820
1878
1881
1889
1962
2005
2011
2031
2041
2061
2091
2129
2137
2196
2203
2223
2230
2232
2236
2242
2255
2264
2290
2305
2331
2363
2369
2382
2384
2416
2419
2448
2461
2471
2498
2507
2522
2539
2548
2568
2628
2654
2666
2669
2670
2674
2675
2716
2721
2749
2764
2836
2876
2878
2882
2906
2907
2921
2927
2948
2961
2970
2979
3010
3026
3058
3125
3127
3136
3156
3173
3203
3248
3266
3270
3288
3310
3326
3336
3342
3348
3357
3360
3371
3375
3413
3419
3427
3440
3463
3503
3505
3512
3524
3532
3553
3562
3568
3627
3632
3647
3648
3668
3698
3711
3720
3733
3740
3755
3770
3834
3837
3852
3884
3890
3932
3986
4043
4046
4064
4067
4079
4082
4087
4101
4150
4156
4158
4169
4172
4177
4178
4216
4232
4244
4252
4260
4264
4348
4364
4369
4371
4392
4468
4492
4495
4539
4568
4608
4611
4661
4697
4721
4735
4771
4809
4819
4835
4859
4896
4926
4928
4944
4958
5067
5074
5115
5143
5154
5161
5170
5194
5206
5247
5270
5285
5291
5347
5375
5383
5386
5437
5446
5456
5463
5532
5549
5569
5570
5572
5584
5594
5608
5638
5661
5662
5674
5675
5705
5722
5742
5754
5804
5818
5821
5829
5831
5833
5861
5897
5963
5995
6021
6038
6079
6087
6091
6096
6149
6168
6172
6181
6182
6201
6214
6242
6247
6253
6256
6282
6304
6312
6328
6380
6384
6386
6389
6422
6432
6452
6464
6486
6508
6511
6570
6584
6626
6636
6670
6679
6692
6725
6759
6774
6786
6885
6931
6938
6949
6959
6986
7037
7039
7056
7073
7085
7121
7138
7163
7214
7216
7237
7242
7243
7267
7281
7301
7319
7322
7330
7351
7360
7374
7391
7429
7509
7541
7558
7571
7594
7616
7645
7653
7689
7699
7720
7745
7765
7791
7803
7826
7827
7899
7925
7927
7941
7945
8002
8003
8013
8030
8040
8069
8102
8108
8160
8188
8193
8231
8254
8276
8280
8296
8334
8347
8374
8375
8410
8417
8446
8453
8459
8484
8485
8492
8521
8571
8592
8601
8605
8608
8632
8640
8653
8661
8676
8705
8720
8726
8776
8801
8807
8822
8827
8849
8877
8886
8892
8894
8902
8909
8928
8935
8974
9017
9091
9102
9125
9151
9156
9157
9169
9170
9189
9229
9236
9249
9252
9258
9263
9275
9285
9306
9362
9372
9399
9404
9413
9458
9463
9474
9476
9501
9506
9508
9521
9524
9540
9554
9559
9567
9580
9598
9625
9640
9680
9719
9721
9731
9733
9749
9778
9785
9797
9864
9865
9891
10020
10026
10027
10068
10087
10121
10143
10155
10160
10184
10206
10229
10232
10255
10271
10296
10318
10337
10382
10409
10424
10430
10431
10483
10549
10568
10576
10622
10641
10644
10645
10652
10698
10733
10756
10762
10765
10804
10876
10879
10892
10893
10907
10927
10980
11002
11009
11016
11097
11102
11103
11106
11122
11168
11174
11189
11232
11238
11242
11245
11262
11271
11285
11307
11328
11343
11361
11399
11401
11418
11420
11453
11471
11479
11498
11532
11544
11548
11604
11628
11658
11681
11686
11726
11762
11791
11805
11817
11825
11838
11847
11905
11912
11919
11929
11937
11946
11990
12005
12015
12023
12083
12153
12167
12172
12174
12210
12304
12317
12331
12351
12366
12378
12396
12416
12424
12452
12461
12492
12511
12522
12559
12569
12571
12579
12600
12602
12606
12610
12632
12643
12649
12665
12694
12715
12739
12742
12759
12769
12775
12805
12814
12844
12867
12899
12903
12907
12923
13020
13108
13124
13143
13186
13193
13208
13213
13258
13275
13277
13279
13293
13335
13346
13352
13362
13374
13425
13438
13445
13450
13490
13517
13521
13527
13539
13554
13557
13567
13598
13603
13632
13645
13668
13696
13700
13719
13776
13800
13801
13811
13933
14005
14011
14057
14066
14134
14160
14199
14207
14245
14250
14256
14278
14284
14298
14304
14311
14334
14351
14360
14377
14386
14390
14442
14457
14494
14500
14505
14506
14546
14556
14557
14562
14566
14604
14630
14632
14638
14647
14719
14738
14752
14817
14841
14850
14855
14900
14916
14917
14925
14940
14951
14960
15032
15063
15065
15074
15082
15084
15101
15116
15167
15190
15199
15269
15272
15274
15276
15289
15301
15311
15312
15347
15374
15389
15468
15492
15508
15513
15526
15530
15531
15532
15553
15559
15573
15600
15623
15667
15672
15699
15701
15714
15718
15720
15726
15759
15773
15927
15932
15949
15958
15975
16006
16076
16110
16132
16146
16148
16158
16230
16254
16259
16307
16333
16350
16360
16386
16388
16402
16409
16410
16451
16464
16495
16520
16550
16553
16584
16586
16598
16617
16637
16643
16654
16665
16666
16728
16737
16740
16762
16788
16804
16825
16865
16872
16895
16901
16912
16917
16923
16936
16951
16993
16994
17009
17022
17028
17061
17114
17154
17156
17211
17213
17215
17218
17224
17234
17260
17270
17337
17345
17358
17369
17376
17378
17379
17427
17436
17452
17488
17526
17542
17562
17575
17608
17625
17655
17656
17679
17802
17818
17833
17867
17915
17928
17945
17975
17976
18024
18031
18041
18107
18115
18118
18121
18126
18158
18217
18229
18244
18269
18289
18301
18330
18344
18372
18373
18386
18407
18411
18428
18500
18501
18505
18507
18539
18541
18543
18546
18547
18556
18609
18620
18624
18639
18654
18664
18669
18745
18750
18768
18788
18808
18812
18833
18869
18905
18906
18914
18944
18946
18965
18968
18973
18989
19057
19062
19092
19123
19142
19147
19163
19180
19183
19189
19256
19262
19270
19290
19305
19353
19374
19430
19467
19476
19510
19544
19548
19580
19581
19585
19586
19625
19634
19689
19701
19712
19732
19739
19775
19792
19803
19809
19824
19826
19828
19847
19894
19925
19929
19935
19967
19994
20003
20017
20021
20054
20096
20161
20198
20254
20279
20283
20307
20321
20324
20340
20356
20392
20418
20420
20461
20464
20480
20488
20496
20503
20526
20531
20607
20611
20626
20644
20658
20692
20734
20742
20743
20783
20791
20816
20840
20841
20882
20893
20908
20923
20949
20957
20971
20988
21029
21033
21038
21039
21040
21045
21094
