17.37739
15.60398
19.42753
20.57361
17.95958
21.24085
15.29752
10.33972
24.16167
16.11992
8.370364
12.96096
28.91791
16.0917
15.9948
22.33412
16.96924
25.96549
21.9332
11.03462
22.22412
14.85496
9.709774
17.92721
19.08716
15.86295
20.68536
14.70727
17.62375
10.27266
15.43476
9.326147
8.624556
13.89195
17.64724
17.58043
11.05807
3.906996
14.05203
14.97112
8.314647
16.29823
15.13255
20.10999
18.46063
13.32819
17.2632
17.2096
22.41389
14.49524
11.47948
13.74316
20.34639
24.7911
17.01553
5.724304
12.44269
13.77079
7.564675
13.29035
6.510638
12.54216
0.5152528
16.79433
6.661464
-0.4210854
0.4113807
2.550894
18.45762
14.03746
11.35767
9.65122
0.1194859
4.234289
11.41663
9.064646
11.2479
9.840558
14.28653
6.367729
7.802924
0.3518552
6.1792
-5.090695
2.195484
-2.296452
5.942454
5.204163
9.085747
10.08291
1.04616
5.947769
9.237109
8.002441
3.06624
5.945682
11.18783
10.94411
2.894015
13.96631
7.679392
4.987346
-0.3333196
2.103578
9.247268
11.55117
7.475551
11.01498
2.859428
5.559182
2.87284
9.717262
5.431191
-7.438955
13.00746
12.02527
-3.279092
7.739941
5.007088
9.64779
8.505137
3.126581
5.01535
11.30906
4.68066
4.587393
9.893198
5.192223
3.835801
4.8187
19.39593
9.862735
9.047038
8.176197
9.735353
11.09776
10.4429
7.155753
7.819009
7.400136
11.95356
9.274024
11.48
15.41763
9.434924
1.957706
1.497882
2.759295
9.044935
-2.979147
7.1977
3.84589
11.14869
6.328388
3.873492
17.80331
5.229443
5.707869
7.487979
6.79412
12.69344
3.067078
3.527158
6.65599
15.59511
10.31922
12.04481
10.15458
10.71613
13.63893
14.74334
7.0587
19.87945
-2.343628
1.752414
15.4441
22.05532
-1.297842
4.242994
5.068385
10.67267
12.25209
14.41402
4.559403
16.46421
7.159017
17.86033
14.96029
7.603303
-0.09357977
9.542809
12.08152
15.0862
12.92626
10.12094
5.523367
11.82256
12.60049
16.81756
7.803259
9.339055
9.015774
18.5496
13.72824
18.7975
15.57871
8.886189
11.221
9.935669
15.60159
12.0616
17.15019
-1.733912
1.592967
6.397616
4.220278
8.629747
16.15294
6.818669
15.65639
1.618373
0.5936498
6.868424
18.52085
12.164
10.60551
14.05973
10.24367
10.47086
6.178586
8.72611
18.1456
9.283294
7.349534
14.35748
11.91386
10.15571
4.1879
14.53187
7.782441
4.844464
15.06588
14.14199
7.237185
2.397466
14.28149
8.282692
15.96553
9.480795
8.697269
9.869876
5.883809
6.647247
8.844616
8.555252
16.21878
9.247359
10.77769
9.994688
17.16322
10.82115
4.531051
11.01378
10.12905
12.67637
12.33096
5.289768
5.812434
24.34752
9.1314
5.594984
5.307353
20.02659
6.744628
24.25915
13.86462
11.16282
9.794225
10.63899
2.713259
18.9413
22.2469
7.533509
16.96926
11.91028
9.63002
11.71789
12.85906
17.14799
17.41651
8.50078
8.316125
13.73834
10.18875
17.4015
12.06167
16.93722
17.07956
14.13304
15.86409
11.92229
4.753986
11.80934
7.913077
10.82545
16.94582
6.459401
11.70181
5.520573
14.5123
13.15708
17.22746
16.76093
21.06909
11.4731
11.50286
23.26187
11.06565
15.45884
6.65319
7.817999
6.144012
13.02607
13.45449
18.08736
16.23036
14.20927
17.16878
20.84859
10.85341
14.82502
11.0173
14.82759
18.70513
11.28902
9.945539
9.131824
11.57169
2.721091
7.967044
1.987432
12.557
7.100393
13.10308
8.916322
14.13555
17.34295
11.51921
17.45905
19.34603
11.19393
13.02706
11.03115
18.12641
10.12144
15.93307
24.96094
17.73472
18.97473
13.65139
10.6195
14.51113
18.18573
18.41844
18.56164
14.45008
18.15235
19.59179
23.50391
16.22645
11.59046
12.14125
9.891775
15.0189
20.91844
13.12597
12.32332
15.97043
16.2292
17.49057
17.08917
20.52466
22.18351
10.0044
18.80765
6.641184
9.595525
7.158036
17.87283
16.10093
11.93076
14.94869
9.020636
26.88854
7.646744
11.33266
20.93156
14.7101
14.92677
20.6599
9.45551
19.67479
20.46867
14.07818
16.9767
13.65076
10.84252
15.88061
13.02455
19.34708
9.907526
18.7679
13.93029
13.51376
15.32157
24.83301
16.19512
14.16703
9.936822
10.91394
15.36005
11.79023
8.085921
4.212816
6.961308
11.40438
9.384385
16.0098
10.01918
18.267
19.81364
18.48319
17.05169
12.63752
13.88881
7.360107
15.9101
17.03563
14.67652
19.67284
4.350289
14.35093
17.63508
6.604074
20.58719
13.75013
22.37134
12.99563
15.97984
17.22717
9.221467
11.89397
9.41156
15.38571
23.74515
20.17531
23.36277
20.32653
20.05395
20.38767
19.95746
14.18832
4.287422
13.01105
13.31913
19.88038
14.04939
16.78341
14.71954
15.39942
16.83926
18.41105
22.6388
21.24392
17.05393
18.10202
16.77708
21.96031
23.03275
21.67052
26.12126
23.42332
24.83441
20.77151
22.93532
21.4164
22.50908
10.14134
13.13664
14.98471
13.95302
12.01891
19.17863
18.60358
21.60938
17.48351
18.18838
19.27609
10.83046
15.09326
13.66652
11.69749
19.95216
8.771865
17.07405
17.67545
22.26571
10.31569
17.56112
22.08676
12.59337
19.15162
18.71122
15.16062
23.13655
10.03369
23.40503
9.235219
23.6986
13.48174
21.83896
16.65652
16.39532
18.56301
19.78074
9.642462
18.56468
14.68163
19.62897
22.91071
16.48991
13.41021
17.78381
6.254694
16.21086
15.43805
17.07886
14.44266
19.48092
12.33257
24.3627
24.43019
20.08492
16.06273
21.78713
21.16553
21.83616
26.61024
14.62721
18.18592
12.76523
13.84491
23.84544
15.8966
25.88553
16.07558
17.69011
17.02176
16.60672
23.32279
22.55601
23.74461
22.44287
19.15049
29.47346
21.22131
20.13051
21.28187
14.95335
26.67672
22.61248
23.68381
22.65091
15.78103
15.01423
17.52262
28.03809
22.25116
20.41448
21.98689
15.88042
19.82046
21.25556
19.80008
26.35627
15.88564
19.31442
19.38114
24.8176
24.94927
19.10356
22.32002
31.05527
18.39728
20.78488
22.7064
28.77323
22.61652
8.513893
9.191811
31.42347
17.88458
21.39381
21.50434
12.12215
24.47236
25.37378
16.0353
32.01828
24.71886
21.20418
24.92148
19.07454
17.09169
18.51459
17.95086
16.10298
19.87083
26.51352
17.70685
21.46551
26.0835
17.31872
16.39259
24.80255
23.9318
21.78382
18.03708
23.73436
12.39079
12.07553
22.79558
21.19588
17.26146
26.95221
22.87479
25.50015
20.97078
14.2564
13.90258
15.69711
16.34724
25.47847
18.05435
21.09544
23.59755
14.59169
23.15911
21.80125
20.57293
21.63778
26.56445
23.91176
18.59337
21.97283
23.5189
19.54868
30.5168
28.84663
21.96052
18.9005
26.54699
33.02152
17.42837
28.87029
24.26164
28.1646
25.5106
21.92713
21.96829
18.17244
18.55352
15.97112
28.14585
33.99094
24.67173
23.04106
20.0388
17.77836
15.55118
21.41557
30.00795
19.99585
23.56866
22.05943
20.80055
21.75141
26.66156
21.88965
27.90331
23.43349
21.54795
22.66966
14.89247
14.9632
27.94897
23.6616
14.90631
15.7815
24.15275
17.0503
26.31019
12.13515
10.90842
25.32216
14.07193
21.94151
24.50288
30.38985
26.24067
20.61672
25.64013
15.26397
22.12552
23.20362
21.77986
29.7684
21.78824
21.97979
31.06939
24.0412
25.50473
24.4056
22.19996
27.35619
31.64665
34.65369
25.07402
21.7474
29.01933
26.15111
22.00244
32.22678
19.55693
20.19012
23.72788
13.89017
19.64908
29.6947
17.67309
23.18982
19.19531
24.43587
23.53701
22.94373
27.46517
25.45886
20.502
28.92794
24.3628
27.53944
21.51743
23.57376
26.73039
25.14982
28.44479
26.25693
27.32756
27.2221
25.27094
30.92403
30.06443
29.16529
20.93912
30.11697
29.21075
19.11451
20.72623
31.83173
25.4796
30.38476
24.80437
23.46538
28.99682
36.95592
23.47018
27.60712
31.22103
24.73896
22.0291
28.35199
30.02741
28.61007
22.72979
24.93772
21.15371
23.41365
23.61087
26.13478
26.48923
25.26751
35.91094
32.43513
26.42451
22.69357
25.79656
28.54563
24.05449
22.37949
23.79801
22.89777
32.56188
19.97384
23.6561
19.29761
32.9318
22.94589
27.7715
29.5976
23.36543
20.22802
20.57301
26.63426
19.8004
29.43808
27.03769
23.68572
16.35207
24.12131
27.73712
27.50589
27.6677
24.86174
29.62903
34.98709
35.78194
33.48015
24.93616
27.0308
30.90284
23.82505
27.85147
27.26298
23.24334
21.81207
27.46
34.1948
26.76092
37.19765
27.62688
18.11459
27.69225
23.65335
26.13715
32.01515
32.42359
19.20483
18.07264
24.65907
26.58042
25.04145
22.50612
28.22789
28.80121
27.22676
32.23572
33.51436
31.81397
32.38327
26.69153
19.54235
37.75709
30.44848
26.36541
32.01061
29.83467
24.85036
31.12381
32.95837
25.62384
29.04697
26.47377
21.71298
35.02236
32.04368
31.12083
35.71677
36.02909
29.7804
33.30276
21.28878
25.76544
28.8398
25.87045
24.88569
33.87795
21.14984
27.50029
31.543
26.53005
31.23195
24.23516
22.19856
32.82213
34.17152
25.02298
31.78489
35.08134
34.61413
31.54691
36.81205
25.65311
29.95186
27.15964
29.00364
23.97725
28.38414
28.64808
19.01834
29.71645
38.52948
27.43312
24.23069
29.11172
32.81972
33.17195
24.9804
33.54409
31.06284
25.80814
34.65043
27.27456
33.4296
30.34449
32.71634
23.58782
31.62508
24.07532
29.84303
32.48403
31.31013
27.33711
35.9801
30.19925
24.03055
28.518
29.70798
28.6689
16.35545
34.37175
30.66102
25.87381
28.65483
30.95973
27.48342
28.50655
33.6542
20.45083
26.77418
28.99054
24.92577
22.18314
23.24117
19.18692
27.44174
32.22716
38.75586
37.60981
31.17408
38.79464
32.07006
21.61389
32.98557
40.05398
33.61404
36.23019
35.29572
34.67027
31.44656
31.12106
30.89924
41.23159
35.20657
31.94517
33.05508
37.01109
23.77025
23.92538
27.1555
33.22789
31.71128
28.74344
31.64256
28.81369
32.59618
33.1342
31.11019
27.47559
26.7275
44.29768
42.60855
36.88001
34.39833
26.50468
31.82213
31.62313
27.93998
28.50088
28.84114
32.25908
31.81291
34.63018
33.82164
28.17346
29.09691
31.97184
36.04185
25.13838
35.77635
42.94077
39.5825
35.59132
23.71768
37.88257
35.89773
33.22369
28.28128
30.52039
33.33035
31.09236
34.0277
31.2333
39.60936
25.41072
27.80324
33.54788
32.29577
37.78601
30.922
30.03453
29.72966
35.50488
38.96154
32.98798
37.80951
38.79734
39.82324
34.10765
29.29269
36.19114
26.14448
28.27747
33.85368
23.76429
31.10383
38.46991
38.51973
29.53353
31.58376
27.26994
35.08091
32.64735
34.98068
31.87356
34.71564
