-0.08317684
1.258264
0.5391365
6.296674
2.790839
8.118286
1.271755
-1.926496
5.968508
0.8101425
-2.75374
2.906283
9.008047
-0.6804583
3.464007
10.89503
1.56681
6.568963
6.899664
1.411083
1.636322
1.557932
-3.754592
2.818932
5.301487
3.019128
6.49304
-0.3006756
7.269589
3.131693
0.4947896
0.3559345
-0.4528061
2.653836
1.546861
8.376989
-2.032624
-2.787477
8.149889
0.7120445
-2.790356
3.558302
0.189311
4.199588
2.041405
4.536269
2.697895
2.241819
4.597983
-0.2519838
-1.846149
0.6471321
5.757585
8.948732
2.852865
-9.954001
-5.865603
-0.5729393
-3.534605
0.09900015
-7.29221
-4.344824
-11.843
-3.12078
-10.21614
-11.98791
-11.42347
-10.04058
-4.070226
-4.024362
-3.539873
-6.653616
-10.76352
-8.259024
-1.212135
-1.409739
-4.243481
1.292999
-0.810909
-10.27473
-7.544666
-7.17345
-6.253915
-13.45731
-7.977906
-11.58749
-7.61429
-9.526067
-7.58817
-4.939163
-9.765302
-8.121831
-6.065289
-5.574917
-9.728941
-9.269395
-5.989789
-4.795651
-5.892841
-3.352787
-8.717451
-11.06761
-13.42449
-8.130739
-4.324132
0.6807018
-3.440445
-2.566832
-12.69564
-7.316351
-8.897516
-7.700521
-5.669635
-11.70026
0.1611124
-5.464877
-12.67177
-8.637825
-6.87917
-4.471391
-4.966533
-6.830072
-3.22509
-5.610817
-10.20743
-9.924615
-6.191091
-5.350496
-6.175453
-5.592052
0.6615425
-3.14765
-3.117566
-5.44011
-4.819289
-4.79952
-5.87932
-5.056247
-7.627594
-9.082028
-4.888644
-7.440203
-5.528979
-3.256177
-6.904027
-12.54384
-13.04679
-10.8131
-9.695536
-13.91858
-5.393663
-12.28499
-7.573525
-8.024185
-5.373058
4.321855
-9.480637
-5.498472
-9.501233
-11.28753
-4.263224
-11.94026
-10.78599
-5.157081
-2.965692
-4.369688
0.3448523
-4.864791
-4.035606
-1.304246
-6.295726
-4.628491
2.239113
-12.14437
-10.72382
-0.6141044
5.058279
-11.93306
-10.54969
-4.118789
-3.202094
-4.373816
-6.775776
-5.275863
-7.664693
-3.556908
-2.532526
-5.966901
-5.372605
-7.839856
-4.149514
-5.342367
-1.631736
-2.370973
-0.6522222
-9.743211
-3.113421
-4.377026
-0.2857803
-6.342999
-6.20035
-5.891136
2.081287
-2.558192
-2.628794
-1.099506
-3.27676
-4.494848
-0.9455986
1.785153
-6.185287
-4.273906
-7.017918
-6.620441
-4.369595
-7.809085
-2.483749
-0.5259161
-8.158268
-3.334052
-10.22158
-9.549408
-5.189389
1.246118
-1.135809
-1.818073
-2.259638
-7.262042
-8.083467
-6.641587
-3.897986
-1.884974
-3.43122
-3.048046
-4.869514
-5.060955
-5.599314
-7.925469
-3.502121
-10.11024
-8.059845
-4.294837
2.224816
-8.414428
-7.308185
2.116641
-6.931258
-1.128597
-1.902723
-5.937109
-1.218648
-5.864881
-8.500821
-3.729616
-8.803169
-6.129237
-7.511081
-5.953
-4.024488
-3.429837
-6.741154
-10.12936
-8.067895
-8.358709
-5.256539
-6.362214
-5.303343
-10.2805
1.251414
-7.69718
-7.620924
-7.233984
1.466486
-10.95201
1.029194
-7.262165
-8.061962
-5.390196
-10.57237
-9.621794
-2.37597
1.827869
-8.991871
-1.807705
-1.620706
-9.487219
-4.887903
-6.067713
-0.3384004
-3.223478
-9.733722
-7.174744
-6.338236
-0.4981276
-6.682436
-1.091354
-4.056245
-4.010224
1.514876
2.418793
-5.655474
-9.147655
-4.942238
-9.644378
-7.168865
-0.5214789
-11.22639
-4.812007
-6.032472
-3.159109
-5.981675
-0.3406348
-1.06041
4.74712
-2.323938
-3.902084
3.412071
-9.902283
-3.708255
-2.702848
-4.072124
-7.026546
-5.007843
-4.619475
-2.502086
-1.692078
-3.06939
-7.320578
-0.9059922
-7.892408
-6.893329
-6.866095
-2.119532
-0.1502011
-7.819659
-4.276122
-6.730499
-2.721615
-6.643046
-6.974443
-10.94741
-5.822474
-4.885838
-4.738653
-10.70847
-1.212566
2.285971
-5.990755
0.6426441
-1.469382
-5.567509
-5.130235
-7.476808
-2.746354
-9.264021
0.02049077
6.357344
-1.088134
3.066398
-2.474094
-5.316986
-0.8901903
-2.091941
3.230643
-0.349899
-2.968761
-0.939178
2.751497
5.700533
-2.237881
-2.842232
-3.789977
-2.918042
-1.742562
1.682413
-6.595681
-2.275492
-0.7314379
0.2776929
-0.09644796
0.008010674
2.839349
0.2035401
-6.775702
-0.9849477
-6.895988
-3.923078
-4.642845
-0.7910207
-0.00954366
-8.113226
-3.983088
-10.17102
2.512585
-5.945478
-2.921652
1.482988
-3.119835
-0.4517342
-4.220166
-5.085393
0.5088868
3.277041
0.6431455
3.92895
-2.662677
-7.244934
-2.150821
-6.072926
-2.793281
-5.734608
-0.3604873
-9.905394
-3.120842
-4.259505
0.6360623
-1.785473
-5.04627
-4.049494
-1.841486
1.93346
-3.790681
-1.866014
-3.872058
-6.123531
-4.57857
-1.955304
-2.806665
-6.367043
2.78671
-1.484399
3.532173
-1.01841
-8.459125
-6.227735
-6.29039
-2.441112
-0.2374766
-3.023488
-3.795957
-4.369467
-9.024756
0.452616
-3.348367
3.148687
-4.511156
3.526814
-1.833142
-1.310286
-1.948441
-2.387368
0.7204615
-5.856155
-1.83089
-1.426443
-3.827854
4.839337
-1.292149
3.206326
-0.2699839
1.584821
-2.00446
-5.321073
-3.365885
-4.289417
-1.184705
-7.44109
0.4385345
3.979959
-1.927374
0.6428484
2.253693
1.246435
0.03442798
-0.3431108
-2.863888
2.90307
3.261114
3.557989
0.925264
3.972227
1.026195
4.635456
-0.5533288
5.8112
0.8490053
2.585323
-0.02010047
2.029445
-0.3883227
0.4105593
3.387007
2.059479
3.039258
1.112477
-2.191947
-0.4148156
1.357482
-4.991122
2.322837
-7.274602
-4.267897
6.32142
-7.932526
-2.731471
2.488401
4.275428
-7.266288
0.6693386
-1.649516
-3.670972
-3.281459
-2.59854
-2.055144
4.986708
-6.896144
4.433141
-9.259387
3.623134
-4.011244
1.074586
1.54271
-1.737153
-1.261755
-0.07738382
-4.368422
1.374143
-1.638729
0.8646488
0.6362443
-6.443267
-3.056953
-0.2796009
-9.86559
3.888556
-0.9334154
-4.108092
-0.07807443
-0.9926284
-2.722971
2.126424
0.6506431
6.626493
-1.04184
-1.087375
4.703922
3.17818
5.31596
2.08385
1.644985
-4.505478
-1.688886
1.914086
2.846833
6.04425
1.065641
1.346345
-2.923665
-1.296684
0.6391655
1.52453
4.787199
-0.1910516
0.4891364
5.160776
1.305977
-0.229239
-0.2528258
0.5212853
5.450671
0.8847219
7.724065
-0.009874788
-0.9574459
-0.8932583
1.101907
5.199953
2.778945
-3.979109
1.724239
-4.325555
-2.406438
-2.545486
1.408235
5.690782
-1.925927
-2.992936
-1.553814
0.06087497
-1.065008
1.982558
1.087271
10.81056
-2.795093
0.3089298
0.1153809
7.79754
4.449242
-9.22886
0.3201577
8.293284
-2.860523
1.425393
2.951267
-4.636444
3.785993
-0.3926435
-5.124766
6.20028
6.455922
-1.375513
3.873778
-2.608504
-0.4513013
1.810361
-0.5461043
-1.259795
-3.459282
8.453359
-0.9685819
0.6840996
3.714102
-2.478985
-1.05742
3.207289
3.391266
0.71784
0.4034586
-1.800532
-4.155688
-3.336445
2.488462
4.633161
0.8566976
4.890719
5.141878
-0.1777241
-3.659674
-2.974469
1.403227
-0.2640888
-1.32471
9.178263
-5.273862
4.81385
-2.02535
-1.402515
1.755494
0.478038
-0.249966
-4.043242
5.077216
4.945271
-2.730934
3.175492
0.8041598
3.483169
6.563988
6.684909
2.365751
-1.974424
7.139852
11.37567
-2.769729
5.212484
-0.9447603
5.149135
-1.565744
-2.513348
3.345614
-0.6364901
2.088457
4.509775
3.070403
7.466182
3.795738
3.505352
-1.013196
-4.297485
-3.311485
1.171228
8.970106
-0.2758905
2.164631
4.149656
-1.660207
3.107904
1.96248
7.050165
4.499548
1.368261
0.08878734
-0.4088454
-1.752292
-0.9544794
7.728498
-0.4133535
-2.022187
0.7038068
-3.097778
-2.384124
3.631798
-1.944584
-6.182599
2.992459
-3.974631
-2.793134
5.115801
5.22181
6.645887
-1.250819
3.369942
-3.603847
4.831419
1.816735
3.248069
6.055399
2.484806
2.273189
6.80073
-0.5610288
5.938597
2.441885
-2.58522
2.81808
10.18624
11.03806
1.345313
-1.179461
7.746565
3.985409
-2.753919
4.261346
-0.3571959
-3.048444
0.2918373
-5.965041
4.631957
7.180319
-0.7245599
-1.668792
-1.28026
6.029149
0.8171388
7.454163
4.109123
3.535651
2.963509
9.659827
-0.3791865
4.014654
2.385065
4.887295
2.803224
-0.8502658
3.429871
7.817115
5.184058
9.558962
5.265202
4.201839
3.252067
0.9280717
2.246583
7.015831
7.360174
5.629068
1.906102
0.9051562
5.754868
9.10062
-1.391615
2.386473
8.306418
9.135907
5.7348
7.558035
8.826396
1.548172
-0.6473072
-3.505701
9.126996
5.813128
7.853283
3.616425
1.229776
2.170676
-1.153382
7.688094
5.665067
1.851091
8.445376
8.317024
3.567134
-1.035266
0.8198987
0.5519996
2.101891
1.518961
2.136837
3.681212
9.970111
3.826271
3.305155
0.03778768
5.517347
4.834022
4.821426
8.197644
5.366892
0.8658621
2.971606
4.693215
-0.2416872
6.403271
1.723655
3.172198
0.143437
1.498837
4.734044
4.574524
-1.705227
-2.789691
1.807751
9.344475
7.05002
9.125843
3.312305
2.93056
9.431091
4.545939
4.214533
4.719321
2.675499
1.668866
2.889151
7.78876
0.7840757
11.12998
6.478122
-0.3456789
1.136803
1.604327
8.992972
7.17379
4.434791
-0.1173244
-1.779279
0.8699752
2.696374
-0.2296389
-1.285035
9.273447
3.360645
7.140832
5.69731
9.336243
5.79548
6.717925
8.399305
2.120685
9.890254
6.881801
4.459189
4.158337
2.768958
4.40623
8.40464
11.05903
5.36791
6.553053
6.233978
0.6184502
11.98649
3.806586
9.291897
10.50822
12.34056
7.193
8.39005
0.4933398
4.448175
5.720804
2.755046
-0.3233904
7.718435
5.125682
7.368257
9.65675
2.768133
10.05149
4.631468
3.761199
6.99899
8.362542
4.744481
2.893843
9.255281
10.43124
5.548883
12.36996
0.4051824
6.247528
5.727829
5.443281
2.717404
5.133946
2.760379
2.694868
6.900104
11.9013
9.519697
0.8390878
6.408911
10.32544
11.23002
1.444557
7.81623
6.63971
2.415831
7.31254
3.757722
14.48626
3.899785
7.071756
1.864291
5.352595
4.063286
6.704378
6.956339
8.745677
6.739873
12.28102
3.114946
2.410874
5.650487
8.328648
1.300868
0.02409863
11.74711
10.28949
8.565232
4.963241
6.017485
2.489047
10.35229
7.647605
0.03411566
5.072521
2.046
3.554494
1.704152
2.364884
3.130842
3.431743
13.3528
11.84412
12.28281
3.003862
11.09025
5.776701
1.725391
7.260489
9.045478
9.042411
7.191869
9.774882
4.51251
8.500928
4.75608
8.795997
7.373856
3.177538
7.467398
5.640611
8.510504
6.210647
2.913826
3.762711
7.523569
5.521898
3.212097
5.534343
4.400026
9.091889
10.2101
4.99238
1.746287
7.789928
18.64249
9.881316
13.4308
12.21871
0.9218332
7.110043
4.180754
6.870252
1.975367
4.884245
6.088659
5.360986
9.849756
5.104829
3.958846
8.340012
7.893512
9.114362
2.7359
7.911886
18.01879
10.67636
8.076571
0.2864413
11.9279
11.03863
6.937596
8.539587
3.002777
9.183119
9.405254
6.877329
7.262111
11.22641
5.955094
6.826331
6.782494
2.328067
12.30006
4.468119
12.22536
6.984444
8.306013
14.43131
12.55471
6.913583
10.18648
10.89933
9.919884
8.282155
9.959664
3.189451
3.381073
11.36031
4.109123
8.776231
10.6029
4.977906
2.366577
7.14232
5.810282
5.882205
3.141484
7.268464
11.88963
7.629984
