13.62339
8.125866
19.64838
28.8699
17.85452
19.57502
12.32243
8.02634
25.87034
12.39954
-1.928978
17.13009
29.10797
18.68334
13.39052
21.95529
24.14116
33.17541
22.68245
15.92104
25.32298
18.0047
15.66911
25.0632
24.51998
14.63444
26.32523
8.297364
19.76001
7.497434
14.34291
1.519899
10.70355
8.108679
7.670959
5.321985
4.013931
6.530418
20.99697
14.66661
5.689119
17.60255
9.462897
9.865463
14.13518
9.701286
17.62932
20.61339
24.54708
15.83488
18.68704
13.17775
15.42974
22.95262
16.74704
9.144033
9.891425
27.95615
12.39111
17.59733
4.421251
12.0889
6.302789
14.88306
9.817569
6.892164
1.873597
10.70571
19.9406
11.77442
3.97628
2.133115
-5.11454
6.458194
4.081059
19.75721
7.657208
11.37145
19.86221
-0.1486308
5.617064
-7.969919
6.432632
-10.58135
15.57901
-6.8775
12.00955
-0.9366124
15.41838
12.61626
7.726153
4.964547
18.53787
4.440934
3.151917
15.29869
4.493746
10.23399
10.0191
11.94046
1.341775
-0.2003336
-1.943335
-6.130611
9.140087
5.479975
6.472281
14.21623
1.853134
15.71923
6.413257
2.614908
6.812377
-5.870755
22.34647
6.565827
-0.1689936
4.713259
-1.791791
2.485168
8.876402
7.605945
-0.5656911
10.65855
5.727193
7.896631
3.625512
7.44178
10.11294
2.295254
19.61629
10.58197
8.575244
6.91653
8.390292
8.93179
10.19137
2.662048
9.387087
-2.888426
8.965325
0.5068124
18.43117
21.99127
5.944396
-1.179349
-6.711865
6.633819
11.73411
-8.196063
1.041261
3.682644
11.78667
1.112113
2.174902
15.7104
8.83255
4.341902
7.02291
-10.76143
5.51929
-2.714684
16.39673
6.747773
9.569122
7.286704
12.57881
12.5183
13.06086
17.81373
10.47175
7.501977
19.27648
-1.779807
-3.161138
6.252432
19.98032
-2.565452
7.869618
5.735276
21.55223
15.32607
14.26227
10.9495
11.98077
3.788131
11.96761
20.81175
-0.9497604
-2.889282
1.641269
12.49163
12.48746
20.29969
-0.637821
6.944996
13.29497
15.38448
15.02147
12.10289
10.83497
14.37941
19.5658
17.37027
16.44388
11.88476
12.90596
2.313269
12.65024
13.40525
7.95203
17.92921
2.287749
6.652916
9.870709
-0.4477343
8.303775
23.44617
22.97233
20.0512
1.45366
2.324985
6.242178
21.54147
8.453878
18.35367
15.22808
9.230297
18.90271
8.305511
5.075844
19.32156
12.21831
1.265642
20.48081
12.20935
6.191801
-7.589229
12.78762
22.45626
10.25907
18.01084
5.89498
-5.286633
0.5720443
15.83714
8.637095
20.13285
10.16401
10.82176
11.63757
1.383803
7.00622
13.53095
8.659057
21.95887
9.622741
9.913183
13.56509
18.55232
13.55067
-3.656423
4.37156
5.15097
9.874661
1.842338
5.13226
8.180775
25.20047
7.748512
-4.319488
0.9290903
14.76231
12.0107
28.5987
18.26584
9.282926
22.8351
19.83808
6.886704
8.12799
24.23064
5.422928
13.99668
10.69039
5.382264
12.27986
15.71396
11.03688
12.01046
14.06131
4.553794
22.77883
16.09181
27.49325
15.68674
14.43772
12.93603
10.5881
10.80484
7.512097
5.524859
12.51493
4.202612
10.93468
12.89282
3.958769
3.881392
9.73751
23.63904
12.62537
16.03979
16.34155
23.50741
-1.623062
18.06812
26.3735
10.43724
12.49039
7.525175
1.087402
6.491343
6.844452
4.150916
11.87454
16.08444
13.43474
12.75938
24.53203
17.84169
9.475914
13.70862
13.08667
22.91923
10.3977
13.14762
12.8987
17.60481
-5.846791
4.497535
10.9454
8.405449
7.770859
12.77727
3.414149
9.469698
22.07597
7.837024
31.65614
19.00995
12.97993
15.13849
10.48161
24.51746
8.784049
15.31459
21.99278
20.20339
13.36941
27.78718
11.47869
22.56821
20.06409
23.12903
15.21399
10.8107
17.51983
11.39326
21.33947
3.51105
19.82187
12.23364
10.80708
17.61603
14.77718
10.58831
9.488562
21.81313
21.0451
15.18449
24.43403
-1.67941
20.12522
4.347331
13.18639
10.03416
18.24132
19.53397
23.76366
22.38989
14.3335
10.68352
9.274551
24.64583
8.855005
11.84837
20.4406
16.14994
15.66202
21.89774
19.44194
20.37788
19.12571
6.120905
17.90469
28.96965
17.55059
16.94735
7.963673
14.11807
11.81307
12.58051
9.148113
12.46787
11.38304
18.52775
12.61303
10.5886
8.420402
7.823785
12.32511
7.231487
13.59623
15.36566
9.343216
8.452445
7.534943
10.97012
8.191402
21.82121
25.71725
14.79825
17.81108
14.70383
23.87848
15.24861
13.62451
14.93435
25.23449
13.92746
2.218303
11.27878
16.53158
2.515013
29.08989
15.18384
20.04267
11.12133
18.80906
9.216982
9.724113
7.138715
8.959821
16.45338
30.14868
18.4752
17.89412
17.58741
24.31559
32.82272
22.31355
15.25045
6.060768
18.61566
7.561308
23.22757
14.94365
21.91874
15.72033
23.0984
12.97012
16.01038
18.24947
31.93063
10.63014
16.79444
22.71818
27.30896
25.71632
31.21976
25.39099
22.28365
31.79407
17.51132
23.62338
29.11967
30.35645
14.11127
7.038987
18.5929
15.88094
9.412107
20.07592
12.20157
28.15803
16.22635
15.49975
13.63342
12.53348
19.56169
20.5444
21.14899
13.17948
11.93984
14.47634
20.84404
24.00925
20.47434
20.77133
10.58036
21.89976
20.98648
16.56551
11.01255
8.167535
4.281845
34.23038
6.130638
25.12888
10.01613
21.47674
21.73362
13.04886
16.03556
20.70155
4.426615
21.61627
16.06085
25.64327
22.0256
16.09072
13.93334
10.60984
13.8842
17.92107
21.16536
15.71038
14.2095
25.49482
16.67394
29.29835
23.60368
10.70915
23.52281
22.68479
22.56858
20.01388
32.49622
22.37461
18.16481
17.78187
14.52223
24.11025
6.336859
28.63239
4.154798
13.30811
23.81427
16.73529
25.38335
27.97933
20.98553
15.92366
12.61736
35.57974
28.03667
18.85352
23.58858
13.80582
28.22811
19.57851
16.10644
13.16056
12.30568
18.07031
5.733998
20.97242
17.87454
27.86681
22.33315
20.46033
14.04708
28.15864
26.92629
27.47695
16.38889
19.7687
17.38265
24.76521
33.51566
25.64476
20.30273
34.92241
19.55753
13.68229
27.83416
35.27657
13.03507
14.15436
13.53753
26.97039
19.86043
23.23317
26.95817
16.71703
19.86633
19.15135
14.02232
39.04916
32.8163
23.74018
16.52075
23.85869
14.6115
18.98546
3.69719
21.37252
19.95513
24.17229
5.025264
25.45878
27.68444
11.16952
14.88669
14.43129
15.72244
17.98022
22.94359
22.62217
14.29682
17.43284
18.84688
20.19835
24.27347
31.21768
25.72069
30.64131
14.4986
11.82111
13.91885
10.80225
30.9615
22.59869
14.63647
20.71732
22.39869
9.421001
23.31098
20.81968
17.76659
14.17226
22.14981
25.75563
12.14182
20.99161
22.09015
32.30602
33.08266
39.9881
21.51814
14.50416
24.49108
37.56535
21.47019
33.91195
25.43104
33.32092
27.54431
29.30764
18.64822
20.82806
22.13246
16.77464
32.89072
39.29013
25.815
18.44566
21.00662
14.01877
17.95311
27.62886
27.98243
24.59254
19.82899
24.20842
15.58598
29.85912
32.54221
25.59269
35.44748
24.85219
23.88227
23.32444
24.36735
15.07086
27.42519
20.00922
13.58806
15.51327
26.58327
18.29404
19.78936
10.424
10.04779
26.19221
-1.749032
18.66591
33.14616
25.34813
29.60002
19.73353
33.83178
6.69813
33.04445
23.18873
23.01244
28.09155
28.19014
13.55631
36.67118
25.61061
18.55991
15.25562
27.38447
21.30752
27.07777
40.17518
25.24566
26.10354
29.79312
26.96563
19.92647
38.07824
28.39509
25.02448
19.74488
13.97467
20.19376
32.6495
17.91803
15.0868
13.6453
23.96965
29.20179
20.55217
33.55119
22.02001
17.00515
35.70768
20.73611
21.57359
21.41442
19.00269
29.24526
22.92538
26.00808
38.96477
27.52695
30.36565
29.33905
28.29964
26.70148
24.5794
16.41618
21.91543
25.36729
18.0623
16.40242
49.32866
22.79476
33.39674
16.69313
26.96152
20.92223
45.23048
20.08053
23.57908
27.43646
30.2886
29.05513
28.36508
33.68227
22.95635
19.83616
29.0453
32.12639
17.90901
19.1407
20.99314
29.6222
25.44648
32.76985
33.94153
22.28613
23.98549
21.71098
25.37224
20.86216
30.5825
28.55509
17.18686
24.0016
17.33776
30.00018
13.05419
27.63399
28.01196
39.60497
27.79364
19.7772
31.87587
16.74815
31.99392
11.9172
33.18861
34.70055
26.59833
17.95037
18.61667
30.68237
24.45036
33.64831
23.29986
24.61943
39.92186
42.55627
50.94339
33.37739
21.10724
36.10939
17.02623
39.31627
29.91369
16.90339
12.83694
21.0132
35.32775
17.94073
42.86462
26.20967
9.914021
29.35444
22.15598
24.62222
36.24118
42.16725
19.03768
25.39094
23.6681
25.14197
17.13244
27.80859
35.74552
25.22903
25.7437
39.53213
30.97912
32.00299
30.63013
32.51357
22.47736
51.74127
24.59785
31.29515
36.38519
28.58031
21.14591
32.83817
40.25918
27.59572
28.03951
26.83117
20.25135
41.94306
24.47548
35.36679
33.26177
32.93892
29.59316
38.40989
18.10218
32.06405
26.74662
30.50273
10.77558
33.62002
23.70768
24.83104
34.78414
25.69783
29.74293
27.99577
17.22396
29.71149
28.21944
18.91881
29.62291
43.52117
36.90195
36.35131
39.17314
23.30981
33.53066
25.94088
29.67303
25.21336
33.50313
30.03669
25.13915
29.86143
43.81921
16.78896
20.41557
29.24496
35.30613
44.24596
19.57501
41.36589
35.07517
28.25252
34.41689
26.62281
40.95573
30.99975
32.96145
17.41003
24.95456
20.90594
22.89564
27.14451
32.62252
27.10396
32.62107
40.71185
17.67491
33.38147
34.06095
30.5502
6.380005
33.82271
33.80322
24.40705
19.00317
25.79697
23.89522
34.41656
38.2336
20.83129
27.93901
18.593
22.89673
28.68455
31.44053
24.98493
30.87967
37.26139
38.85309
42.28755
24.97838
41.48144
41.50275
14.78529
30.20625
45.24868
30.52727
46.71627
29.61743
31.63344
27.87755
28.76481
34.98709
33.52814
29.02036
34.33227
29.94217
39.39257
17.93371
33.75567
21.31631
38.18166
22.85838
20.31185
30.82373
24.67536
28.35306
26.09949
39.54557
34.52103
17.11276
39.11212
55.32587
41.3911
30.55536
35.51447
27.27456
33.05536
37.88579
23.18632
26.71956
36.89186
45.42962
39.60842
33.29692
36.59414
27.88018
36.05349
32.49853
27.08371
40.7487
48.75479
39.08841
30.82314
29.71531
37.27564
30.76761
24.26578
24.72771
27.28557
28.36846
31.76255
29.7577
30.31976
23.62049
40.06466
26.44241
29.26986
29.72031
35.83111
29.51438
18.89383
30.19766
36.41901
29.86286
34.80936
29.77374
45.99474
44.7902
28.36691
37.57243
31.83804
30.9542
33.04772
34.7611
18.83492
33.34884
33.31679
37.53054
27.21687
30.12718
20.01355
43.83366
25.80838
38.7816
37.7
32.69748
