-3.8371700000000004
-6.219844
0.7599899999999984
14.592960000000001
2.685780000000001
6.4524599999999985
-1.703339999999999
-4.239880000000001
7.67717
-2.91024
-13.053078000000001
7.075419999999999
9.198110000000003
1.9111800000000017
0.8597200000000011
10.516200000000001
8.738729999999999
13.778880000000001
7.648919999999999
6.297507999999999
4.735190000000003
4.70768
2.2047399999999993
9.95493
10.73431
1.7906200000000005
12.13291
-6.710585999999999
9.405850000000001
0.35646800000000045
-0.5970600000000008
-7.450313
1.626187999999999
-3.1294310000000003
-8.429411000000002
-3.8814600000000006
-9.076768999999999
-0.16405500000000028
15.094826000000001
0.4075400000000009
-5.415881000000001
4.8626200000000015
-5.4803429999999995
-6.0449470000000005
-2.284049999999999
0.9093660000000003
3.0640099999999997
5.64561
6.731170000000002
1.08765
5.361409999999999
0.0817199999999989
0.8409399999999998
7.11026
2.5843799999999977
-6.5342769999999994
-8.416865
13.61242
1.2918299999999991
4.40598
-9.381599
-4.798080000000001
-6.055461
-5.032049999999998
-7.060031
-4.674665999999999
-9.961253
-1.8857700000000008
-2.587250000000001
-6.287410000000001
-10.92126
-14.171724999999999
-15.99755
-6.0351159999999995
-8.547701
9.28283
-7.834172
2.8238909999999997
4.76477
-16.7910908
-9.730526000000001
-15.495224
-6.000477999999999
-18.947965
5.405620000000001
-16.168539
-1.5471899999999987
-15.6668424
-1.255539999999998
-2.4058200000000003
-3.0853070000000002
-9.105053
3.235470000000001
-9.136426
-9.643263000000001
0.08361000000000018
-12.683874000000001
-5.50578
1.2322439999999997
-5.378639999999999
-15.055065
-16.2552936
-15.034505
-16.364931
-4.431313000000001
-5.390495
-4.443719000000001
0.6344199999999987
-13.701936
2.8437
-5.357103
-14.802872
-4.2884530000000005
-10.132065
9.50012
-10.924323000000001
-9.561675600000001
-11.664511000000001
-13.678051
-11.634012
-4.595267999999999
-2.350707999999999
-8.8061311
-6.2613199999999996
-9.160897
-6.615379
-12.458777999999999
-3.1009399999999996
0.10168999999999961
-8.115496
0.8818999999999981
-2.4284099999999995
-3.5893560000000004
-6.6997800000000005
-6.164347999999999
-6.965490000000001
-6.130850000000002
-9.549952
-6.059513000000001
-19.370586
-7.876874999999998
-16.2074176
1.4221900000000005
3.31747
-10.394554
-15.680889
-21.256535
-6.938581
-7.006359999999999
-19.135493
-11.550099
-12.448236000000001
-6.93554
-13.240457
-7.071648
2.2289499999999993
-5.87753
-6.864438000000001
-9.9663
-28.84308
-11.43737
-17.722023999999998
2.0835800000000013
-5.065297
-8.991678
-7.402196
0.8788600000000013
-2.5010700000000003
-1.6908700000000003
2.8705499999999997
-10.567319999999999
-4.185212999999999
1.636140000000001
-11.580549
-15.637367999999999
-9.805778
2.9832800000000006
-13.200672
-6.923062000000001
-3.451898000000001
7.677470000000001
-1.2998300000000018
-6.927530000000003
1.1142330000000005
-12.148130000000002
-6.927789000000001
-8.425249999999998
-0.11543999999999954
-13.925670400000001
-10.635558
-12.051051000000001
-4.932259999999999
-4.230469999999999
5.0024599999999975
-11.410981000000001
-8.321584
-1.6410100000000014
-1.5930399999999985
-2.0818699999999986
-2.0433699999999995
-4.70443
-0.5274999999999999
3.097480000000001
1.0838400000000021
-4.982420000000001
-4.79345
0.74301
-13.402581
1.7689699999999995
-0.4111799999999999
-10.29486
-3.4948799999999984
-2.996257
-1.560491999999999
-0.8965010000000007
-12.477094300000001
-2.8097250000000003
6.767309999999998
7.995389999999999
1.0607500000000023
-10.3863
-7.818075
-5.815632
4.266739999999999
-4.845932000000001
5.930090000000002
-1.091289999999999
-8.275413
0.3483799999999988
-4.514659
-7.548256
-0.7090199999999989
-0.4962
-9.131938
1.2538100000000014
-4.7654700000000005
-9.563219
-19.702599
-5.246369999999999
4.563580000000002
-2.645240000000001
-1.3498699999999992
-6.02219
-20.938243
-9.1336067
3.6722900000000003
-6.576855
3.0387200000000014
-1.2195100000000014
-3.812620000000001
0.5490499999999994
-10.364887
-8.141850000000002
0.9567200000000007
-8.699362999999998
-0.3891399999999976
-7.135699000000001
-6.817506999999999
-0.45409000000000077
-2.0407399999999996
-4.01163
-18.316833000000003
-14.71012
-13.33679
-8.058249
-16.850842
-5.46085
-7.9121549999999985
2.1043699999999994
-9.080067999999999
-17.535398
-11.6122497
-3.797789999999999
-5.685939999999999
5.3687400000000025
-2.860949999999999
-9.941854
7.650680000000001
-1.3732799999999976
-5.448346000000001
-13.18928
3.8116100000000017
-11.102452
-4.780289999999999
-2.8405999999999985
-13.734976
-4.325939999999999
-3.212810000000001
-6.44951
-8.62953
-4.17319
-10.937076
2.7022499999999994
5.4049299999999985
3.4093100000000014
2.5337200000000006
-6.555749999999998
-8.15375
-2.030059999999999
-2.640459999999999
-10.065673
-8.376781000000001
-4.236640000000001
-13.354847999999999
-7.0596299999999985
-4.574480000000001
-13.727021
-12.632427999999999
-1.815529999999999
5.96763
-6.513390000000001
-1.5283100000000012
-1.479779999999998
7.18544
-15.420102
2.6631800000000005
6.523700000000002
-10.53069
-6.676700000000002
-1.830863
-10.802717999999999
-6.679217
-11.189457999999998
-13.923044
-8.71491
-1.838000000000001
-3.843919999999999
-11.729980000000001
2.777449999999998
-0.9041299999999985
-12.242436000000001
-4.174780000000002
-3.8604600000000016
4.0639
-8.71098
-1.07404
-2.9636200000000006
3.31151
-15.210928
-10.443954999999999
-1.98944
-9.974021
-4.215371000000001
-5.064459999999999
-16.210641000000003
-5.878412000000001
7.018990000000002
-9.672936
14.83973
-1.80546
-3.781510000000001
-3.01881
-8.026340000000001
3.6447000000000003
-10.601421000000002
-0.5979899999999994
3.3891799999999996
1.3805399999999999
-2.538919999999999
11.6617
-4.457799999999999
7.16689
-0.21358000000000033
7.941230000000001
-3.697549999999998
-6.608139999999999
-1.5716999999999999
-5.44703
3.536089999999998
-14.95328
5.389180000000001
-3.69759
-2.002740000000001
0.8545699999999989
-4.45884
-9.13334
-5.110248
5.1112600000000015
5.093600000000002
-2.402519999999999
7.352869999999999
-19.364720000000002
-1.8547500000000028
-12.432769
-6.606200000000001
-3.5030099999999997
4.7227200000000025
7.733090000000001
5.099800000000002
6.279420000000002
-5.71049
-8.24826
-9.917108999999998
0.26987000000000094
-4.737214999999999
-2.4059500000000007
0.9920200000000001
-1.67999
0.28351999999999933
-2.9823200000000014
4.901039999999998
1.2119700000000009
1.9340900000000012
-7.314125
4.856939999999998
12.656210000000002
-0.5368600000000008
-1.0840800000000002
-11.133797000000001
-8.022290000000002
-3.82906
-6.547879999999999
-14.687567
-4.166729999999999
-8.198030000000001
-5.6692
-5.367569999999999
-8.6247
-5.565918
-4.9316450000000005
-1.1014799999999987
-8.349422999999998
3.6442949999999996
7.280786000000001
-3.741624
-7.530505
-3.804746999999999
-7.84634
-8.194828000000001
6.340920000000001
4.41921
-0.15276000000000067
-0.2590199999999996
-6.39282
3.761939999999999
1.5981100000000001
-4.7266999999999975
-2.338759999999999
7.534480000000002
-9.541340000000002
-6.501453
-12.0969
-0.6508799999999972
-7.437428000000001
11.65139
-3.077449999999999
1.1981400000000022
-3.70744
1.518939999999997
-9.958628
-1.8847270000000016
-4.034795
-6.307899000000001
-0.7632300000000001
4.9770900000000005
-5.52796
-0.6293100000000003
-4.031270000000003
7.467970000000001
12.165059999999997
3.940909999999999
-0.9423199999999987
-3.547726999999999
2.238729999999997
-10.047232000000001
2.1624799999999986
-6.546830000000002
5.573869999999999
4.980740000000001
5.771600000000003
-3.2262900000000005
-0.1469699999999996
-3.142900000000001
10.721140000000002
-6.766909999999999
-4.17146
8.84417
8.609769999999997
6.24156
10.474500000000003
3.241959999999999
-0.11346999999999952
11.595110000000002
-3.813519999999997
6.49926
8.55227
10.432689999999997
3.9498299999999986
-4.068213000000001
3.2198700000000002
2.3384800000000006
0.7802000000000007
2.956769999999999
-3.36275
7.66113
-3.449110000000001
-3.103440000000001
-4.285190000000002
-3.2881
6.791269999999999
-0.3967300000000016
5.183600000000002
-0.45125999999999955
-4.76455
-5.329180000000001
5.65699
6.018970000000003
2.89236
3.8795499999999983
-13.15592
5.63542
-1.4466
-4.744250000000001
-6.20321
-9.982315
-12.647994999999998
15.258489999999998
-12.363972
5.053419999999999
-7.476849999999999
0.7123600000000003
6.6198099999999975
-5.083620000000002
-3.789200000000001
0.8434300000000015
-9.584265
4.425740000000001
-0.25951000000000235
6.87895
-0.24887000000000015
-6.842459999999999
-2.5338200000000004
-7.453570000000001
-2.236080000000001
5.59876
4.793900000000001
-5.476569999999999
-0.3112300000000001
5.021280000000001
1.6184000000000012
7.0620699999999985
-0.17586000000000013
-2.749270000000001
6.418240000000001
-0.18972000000000122
6.1069700000000005
1.3559000000000019
11.20194
9.83125
1.6238799999999998
0.5111600000000003
-1.011569999999999
2.1789000000000023
-6.712911000000001
8.79111
-10.855132000000001
-3.03566
3.8688399999999987
-1.1681200000000018
2.6997199999999992
6.9478500000000025
2.0281100000000016
-6.71026
-6.043989999999999
11.267050000000001
8.12134
-1.5062299999999986
2.053889999999999
-0.6262399999999992
7.00206
-2.1492499999999986
0.14669999999999916
-9.500229999999998
-4.4327999999999985
2.16282
-10.686712
-1.8657199999999996
-1.5976800000000004
3.4732200000000013
2.070499999999999
0.25435999999999837
-8.179820000000001
4.357589999999998
8.53444
6.81146
-1.42267
-2.53866
-3.552299999999999
0.008489999999998332
7.5013799999999975
8.523760000000003
-0.930019999999999
14.677689999999998
-1.6348500000000001
-6.793660000000001
5.24314
14.30088
-5.132210000000002
-3.5883900000000004
4.665877
3.8401999999999994
-0.8846699999999998
3.264750000000003
8.405089999999998
-0.041560000000000485
-0.8200399999999988
-6.615069999999999
-7.1377500000000005
13.23116
14.553359999999998
1.1604799999999997
-4.526949999999999
2.175639999999998
-2.93149
2.2812300000000008
-14.799780000000002
4.009740000000001
-3.3749800000000008
6.1121300000000005
-13.650165999999999
4.67737
5.315049999999999
-8.628189999999998
-2.563319999999999
-7.163969999999999
-4.818099999999999
-3.0857600000000005
5.30997
-2.91272
-2.2496599999999987
2.0208699999999986
-1.4602400000000024
3.635640000000002
7.86871
9.156180000000003
7.987770000000001
4.963440000000002
-10.13186
-5.40976
1.419500000000001
-5.158949999999999
13.289550000000002
6.298480000000001
-8.69174
4.4357299999999995
-3.224210000000003
-6.573209
1.9073600000000006
-0.5035299999999978
-3.05631
-11.50877
0.6625799999999984
6.78914
-9.182480000000002
2.194270000000003
-0.6245899999999978
16.240509999999997
9.129839999999998
17.826370000000004
1.9233699999999985
-6.3707699999999985
5.083940000000002
15.919490000000003
1.2720899999999986
10.254139999999996
0.22464000000000084
10.30546
0.4679700000000011
4.867169999999998
0.025539999999999452
2.0191300000000005
5.667399999999997
5.313290000000002
7.815280000000001
12.765369999999997
4.93901
-1.0900500000000015
-0.045369999999998356
-8.05708
-0.909550000000003
7.384519999999998
6.944580000000002
4.320789999999999
-1.5750399999999978
6.2986499999999985
-6.874770000000002
11.215610000000002
7.843129999999999
10.753210000000001
12.04372
2.7869600000000005
2.423099999999998
0.24594000000000094
7.722589999999997
-0.846820000000001
7.204720000000002
-4.065730000000002
-3.340439999999999
0.43557999999999986
-0.6672600000000024
-1.1403800000000004
-2.8890300000000018
-3.65573
-7.043229999999999
3.8625100000000003
-19.795592
-6.068729999999999
13.75908
0.18008999999999986
10.005230000000001
-2.1340100000000035
11.561590000000002
-12.16969
15.750349999999997
1.8018399999999986
4.480650000000001
4.378550000000001
8.886700000000001
-6.150290000000002
12.402519999999999
1.0083800000000025
-1.0062200000000026
-6.708099999999998
2.59929
-3.2305899999999994
5.617350000000002
16.559549999999998
1.5169500000000014
3.1766799999999975
8.520349999999997
4.79993
-4.8298900000000025
10.11281
8.48097
1.7859200000000008
-3.69116
-5.88054
5.176630000000001
10.135120000000004
-0.47961999999999705
-9.771809999999999
-6.8302700000000005
5.5629300000000015
6.481909999999999
5.062609999999999
10.195149999999998
0.09679999999999822
-0.533339999999999
16.439570000000003
-4.005870000000002
-1.9511900000000004
2.2820600000000013
0.3162200000000013
5.318099999999998
-3.0747
0.9931599999999996
20.52495
5.38345
12.70251
9.33331
1.577449999999999
-0.11088000000000164
-3.657820000000001
-2.2763600000000004
-1.1857100000000003
3.51671
4.57685
-2.4177099999999996
18.402079999999998
3.070029999999999
12.1126
-9.502859999999998
5.88261
0.23181999999999903
17.41047
2.3451500000000003
3.5299900000000015
5.041830000000001
7.097809999999999
6.378729999999997
-3.4926100000000027
12.781860000000002
0.15941000000000116
4.95965
7.724
12.202460000000002
-3.3339700000000008
-5.623560000000001
2.5464599999999997
8.79803
2.0300600000000024
5.304289999999998
9.823430000000002
-0.5712399999999995
0.2566600000000001
-3.2656799999999997
-2.621389999999998
-1.090440000000001
9.721969999999999
6.893920000000001
-2.029700000000002
1.409839999999999
1.1901899999999976
9.64923
-6.205630000000001
0.21953000000000245
9.900089999999999
16.65489
6.39368
1.7786600000000021
12.51371
-0.8532500000000027
10.052879999999998
-8.12488
10.153799999999997
9.386510000000001
6.084810000000001
1.74174
-4.005800000000001
7.679299999999998
1.5189899999999987
4.275380000000002
-4.351570000000002
-3.2018500000000003
14.279250000000001
13.824349999999999
26.589090000000002
11.753529999999998
-2.9929999999999986
14.637639999999998
-2.2528799999999976
15.679330000000004
7.37003
-3.6644599999999983
-7.30626
-3.5576399999999992
8.921710000000001
-8.03612
16.796950000000002
5.06091
-8.546249000000001
2.7989999999999995
0.10695000000000121
7.47804
11.399819999999998
14.178450000000002
-0.2844799999999985
5.539020000000001
-0.12100000000000222
1.2579200000000021
-8.138650000000002
4.017429999999997
16.791079999999997
-0.21152999999999977
5.657769999999999
12.993720000000003
6.801000000000002
5.984499999999997
4.964780000000001
14.221340000000001
5.055690000000002
23.87443
1.0311699999999995
9.388929999999998
8.53292
1.5146000000000015
0.7017799999999994
10.119
18.359840000000002
7.339790000000001
5.545590000000001
6.591380000000001
-0.8431800000000003
18.907180000000004
-3.7616099999999975
13.537850000000002
8.05322
9.250400000000003
7.005760000000002
13.497179999999997
-2.6932599999999987
10.746780000000001
3.6276200000000003
7.387319999999999
-14.4335
7.460509999999996
7.6835200000000015
4.699000000000002
12.89789
1.9359099999999998
8.562460000000002
8.39207
-1.2134
3.8883500000000026
2.4104600000000005
-1.3596900000000005
0.7318700000000007
17.69511
12.719059999999999
10.353279999999998
14.731049999999996
-1.9381200000000014
9.826329999999999
4.509070000000001
6.112670000000001
3.953520000000001
10.252939999999999
4.148990000000001
8.81567
7.045089999999998
17.191029999999998
-1.1244599999999991
-2.9760300000000015
6.5421499999999995
12.811860000000003
22.304029999999997
-3.9608300000000014
15.63803
10.65204
4.860210000000002
7.079000000000001
3.105970000000003
22.012390000000003
4.555039999999998
7.316859999999998
-4.313490000000002
-1.3179300000000005
0.8939100000000018
-0.24302000000000135
1.616810000000001
10.05807
6.506730000000001
8.921990000000005
13.62755
-3.9447599999999987
10.513950000000001
12.681619999999999
3.1821699999999993
-9.951345
11.198070000000001
13.431690000000003
7.0984700000000025
-4.688420000000001
0.85473
-1.0991500000000016
16.262299999999996
12.227000000000004
0.41456999999999766
6.237359999999999
-8.35154
1.5254600000000025
8.205560000000002
10.564239999999998
8.928849999999997
6.8696800000000025
18.38703
11.94135
16.96055
-3.1918299999999995
13.77705
15.209389999999999
-5.103210000000001
4.481170000000002
14.240169999999999
5.9556400000000025
17.677950000000003
4.096589999999999
1.4756800000000005
4.9319099999999985
2.3998300000000015
12.883840000000003
-0.3295999999999992
-3.008680000000002
9.854500000000002
2.5276999999999994
10.89198
0.3741100000000017
12.744120000000002
-2.07648
12.477340000000002
-3.3309999999999995
-5.21949
4.7155200000000015
0.26170000000000115
4.848769999999998
3.1753800000000005
13.42776
8.791730000000005
-1.824819999999999
13.456929999999996
22.59863
17.94189
8.37574
9.931630000000002
2.562470000000001
5.61298
16.81606
-3.3392000000000017
2.76267
10.721440000000001
18.97769
14.827990000000003
4.580110000000001
12.379530000000003
7.123279999999998
11.975159999999995
5.5710400000000035
4.681229999999999
12.884229999999999
23.83281
10.182280000000002
3.3083899999999993
6.28407
11.320980000000002
5.90851
-2.020310000000002
4.98602
-0.23204000000000136
4.2212299999999985
10.07545
2.607330000000001
6.348579999999998
-4.762460000000001
20.609030000000004
5.465499999999999
2.504480000000001
-0.24738999999999933
10.345150000000004
3.0604999999999976
1.0846599999999995
7.452449999999999
9.22015
5.332630000000002
14.376079999999998
-1.1221800000000002
17.38389
15.86629
4.17914
16.56189
5.606559999999998
7.9991699999999994
8.151319999999998
12.26772
-0.8202499999999979
11.021240000000002
5.449779999999997
3.9887100000000046
0.049920000000000186
5.685739999999999
-1.446110000000001
14.634950000000003
-3.6974799999999988
11.069379999999999
17.716070000000002
5.611819999999998
