6
8
16
35
59
68
79
139
165
208
243
258
261
271
296
311
337
353
364
391
398
423
448
453
485
487
497
502
515
517
534
540
565
568
584
665
668
670
682
709
724
764
788
795
837
872
924
934
936
952
1003
1044
1055
1065
1067
1107
1131
1154
1170
1185
1206
1211
1253
1303
1305
1326
1331
1335
1377
1380
1391
1425
1426
1429
1521
1531
1532
1536
1560
1564
1566
1572
1583
1604
1610
1613
1622
1627
1629
1657
1663
1673
1700
1702
1742
1747
1755
1775
1827
1850
1889
1911
1912
1913
1914
1926
1927
1934
1941
1969
2033
2065
2123
2152
2153
2171
2191
2241
2250
2271
2281
2319
2328
2420
2501
2511
2524
2529
2549
2559
2568
2595
2597
2601
2644
2656
2661
2689
2708
2750
2756
2781
2819
2821
2961
2962
3018
3020
3040
3048
3051
3062
3065
3094
3099
3160
3168
3169
3195
3212
3218
3252
3273
3275
3291
3340
3387
3390
3414
3435
3445
3451
3455
3480
3484
3519
3544
3556
3603
3604
3631
3635
3648
3661
3680
3692
3705
3728
3740
3742
3803
3810
3820
3822
3858
3896
3929
3943
3955
3978
4020
4052
4061
4135
4188
4193
4210
4256
4271
4288
4295
4311
4347
4356
4366
4378
4387
4448
4454
4468
4471
4499
4534
4552
4561
4580
4588
4613
4619
4624
4635
4651
4687
4699
4700
4703
4754
4769
4793
4854
4871
4896
4941
4957
4981
5007
5015
5018
5022
5031
5043
5056
5085
5094
5100
5103
5112
5120
5138
5142
5145
5160
5186
5192
5194
5207
5221
5240
5260
5262
5268
5312
5314
5315
5331
5344
5347
5351
5381
5385
5401
5420
5422
5427
5432
5474
5485
5494
5520
5535
5550
5554
5557
5561
5566
5584
5592
5614
5616
5670
5676
5679
5686
5710
5751
5762
5789
5820
5878
5884
5945
5988
6002
6015
6028
6033
6042
6062
6070
6092
6100
6127
6129
6146
6157
6167
6205
6220
6248
6277
6353
6412
6423
6441
6447
6484
6491
6527
6609
6635
6642
6691
6708
6793
6835
6919
6921
6953
6969
6986
6992
7004
7020
7063
7069
7113
7160
7175
7246
7279
7307
7314
7331
7341
7361
7421
7431
7441
7448
7464
7473
7495
7514
7527
7531
7570
7624
7629
7663
7673
7688
7719
7723
7755
7783
7801
7835
7850
7862
7923
7931
7939
7963
7984
8020
8051
8057
8071
8081
8083
8096
8112
8121
8144
8200
8207
8221
8239
8265
8268
8297
8301
8317
8349
8354
8363
8367
8378
8386
8389
8412
8420
8449
8466
8469
8488
8529
8566
8569
8584
8598
8608
8629
8695
8698
8701
8720
8721
8749
8755
8756
8766
8796
8798
8814
8849
8858
8869
8889
8902
8906
8922
8939
9011
9086
9119
9136
9152
9160
9163
9205
9215
9251
9298
9308
9315
9328
9352
9357
9401
9405
9445
9508
9519
9529
9550
9551
9562
9612
9622
9647
9667
9670
9683
9685
9693
9695
9712
9738
9744
9754
9793
9796
9797
9841
9859
9888
9906
9917
9952
9960
9971
9974
9976
10037
10065
10091
10096
10104
10109
10129
10173
10188
10190
10227
10284
10331
10334
10354
10371
10379
10416
10434
10467
10474
10494
10500
10531
10540
10542
10550
10571
10609
10613
10619
10625
10697
10702
10714
10766
10820
10835
10851
10880
10900
10911
10965
10981
10992
10995
10997
11002
11011
11023
11064
11124
11126
11139
11140
11149
11178
11199
11203
11205
11223
11228
11237
11238
11243
11248
11264
11265
11302
11312
11358
11361
11388
11465
11470
11485
11499
11520
11541
11564
11565
11616
11675
11756
11814
11861
11871
11876
11882
11915
11930
11942
11960
11997
12006
12027
12087
12106
12124
12133
12189
12220
12222
12224
12227
12235
12255
12271
12274
12286
12300
12346
12381
12396
12405
12473
12478
12486
12505
12535
12548
12551
12553
12627
12631
12644
12648
12663
12667
12677
12731
12746
12748
12775
12784
12806
12832
12834
12872
12889
12900
12916
12957
12974
12986
13012
13023
13025
13030
13041
13097
13139
13189
13198
13211
13231
13242
13286
13295
13307
13313
13332
13358
13361
13375
13447
13487
13517
13533
13567
13583
13593
13613
13643
13692
13715
13728
13763
13792
13797
13805
13807
13822
13880
13922
13926
13953
13959
13972
13977
13987
14011
14012
14036
14040
14052
14055
14058
14097
14144
14147
14195
14210
14215
14221
14252
14272
14284
14285
14308
14320
14323
14340
14367
14372
14400
14470
14500
14504
14537
14560
14593
14595
14617
14626
14633
14635
14659
14663
14671
14679
14725
14749
14778
14791
14804
14816
14839
14854
14886
14917
14934
14991
15049
15057
15060
15066
15077
15089
15094
15098
15121
15126
15149
15177
15183
15190
15204
15210
15218
15227
15243
15258
15268
15275
15283
15375
15376
15455
15551
15590
15613
15627
15654
15699
15706
15735
15740
15764
15770
15791
15812
15862
15867
15876
15884
15909
15913
16013
16027
16045
16077
16105
16108
16134
16136
16137
16186
16217
16225
16234
16269
16275
16324
16329
16336
16337
16348
16368
16407
16412
16441
16448
16457
16463
16479
16507
16525
16559
16598
16608
16622
16644
16668
16671
16677
16706
16731
16737
16756
16774
16775
16798
16807
16820
16826
16828
16830
16848
16870
16922
16930
16953
16954
16962
16971
16991
17009
17012
17019
17075
17102
17127
17139
17142
17148
17151
17167
17179
17191
17218
17223
17251
17286
17307
17309
17314
17341
17352
17355
17357
17368
17385
17390
17395
17420
17471
17475
17477
17489
17512
17516
17535
17592
17607
17614
17637
17670
17674
17686
17693
17729
17733
17739
17743
17762
17780
17788
17792
17796
17802
17805
17818
17822
17852
17855
17859
17881
17902
17925
17947
18003
18023
18047
18107
18124
18149
18195
18196
18200
18207
18238
18249
18278
18281
18308
18310
18316
18343
18355
18394
18420
18423
18463
18465
18511
18632
18655
18669
18685
18722
18765
18793
18820
18876
18941
18984
19005
19014
19037
19066
19127
19134
19142
19162
19170
19182
19194
19200
19228
19237
19241
19245
19257
19271
19276
19298
19340
19347
19354
19357
19377
19384
19432
19457
19498
19548
19565
19611
19653
19658
19668
19690
19694
19715
19726
19750
19758
19835
19856
19879
19881
19900
19913
19924
19954
19961
20014
20037
20062
20069
20083
20138
20142
20160
20176
20292
20304
20305
20332
20341
20344
20360
20371
20400
20406
20417
20438
20471
20477
20478
20484
20499
20501
20546
20548
20575
20584
20623
20642
20652
20657
20723
20733
20750
20769
20782
20829
20837
20839
20865
20871
20916
20950
20986
21024
21035
21056
21072
21073
21085
