24.25968
20.44677
15.66485
21.07916
14.55894
17.73735
9.837902
25.51788
12.29209
14.64647
16.26979
10.94282
13.05562
7.008326
11.35638
27.42001
17.43697
10.22647
20.07209
25.32283
14.34312
6.245804
24.44945
12.46238
20.76143
22.69514
13.85684
19.29714
15.81564
14.87643
20.76383
18.55005
20.39942
16.18113
15.8712
24.21081
21.9593
14.86746
10.44745
14.21847
20.96145
8.624556
12.07324
13.09234
25.23724
17.01473
15.48999
21.72461
18.93877
18.09676
14.965
22.41389
19.52407
17.90492
19.65412
5.724304
14.45387
1.227792
5.143422
3.192361
8.509048
11.08812
3.745618
10.70161
5.505777
11.8916
13.47875
9.933615
-0.08182662
5.62274
7.629455
0.7349282
8.361324
-1.726149
1.440199
-0.145804
5.476289
13.66857
10.21762
9.058775
11.2479
5.155341
11.06503
8.651747
5.849572
7.371672
8.226647
-5.145471
2.882204
14.28653
4.299065
-3.431042
17.51087
7.972068
6.670913
1.926025
-1.111032
6.843275
2.743034
6.524055
9.237109
0.4041458
3.879705
6.949877
3.624121
-1.591794
-0.5363066
4.68195
4.561248
9.100152
3.567188
9.328317
4.619652
4.867384
12.88754
8.431524
14.00506
11.88886
3.192696
6.639751
6.268132
-0.4200248
4.480438
5.99822
8.542815
5.75552
10.56467
8.289533
5.760298
8.910574
3.835801
14.44471
3.766339
11.83562
15.22699
13.30645
1.201092
8.059155
4.234344
8.712239
7.354799
11.40721
4.501022
6.44785
-2.979147
1.73652
14.09499
11.68706
9.452354
2.602363
-2.667511
12.36616
1.009266
20.26452
2.665608
8.187338
13.60864
15.4286
10.1853
9.187124
9.123081
8.788357
10.12588
12.94016
7.26968
10.42965
9.981204
11.92621
8.883323
20.54774
9.334437
8.77187
3.491141
4.935091
4.284118
6.462526
11.53446
12.36547
8.47271
9.827498
12.18856
13.51667
9.542809
6.347327
8.706925
4.627478
13.33741
6.681018
11.82256
12.49624
1.815336
11.8355
16.08282
23.01606
14.46957
8.529462
9.733388
5.330884
0.8687986
8.04762
7.496872
4.019903
2.604824
4.767836
7.887017
11.33136
8.536123
11.20485
7.160289
11.80057
12.36016
8.291091
11.17102
6.145649
6.539397
13.80461
7.638129
4.160722
15.44096
9.283294
16.1947
5.582939
9.677965
7.904482
4.236551
13.02577
13.9945
2.928075
10.09644
6.234448
6.210223
11.42133
4.633334
14.48814
16.32858
5.29737
8.746135
5.73669
6.318237
14.07951
6.169934
9.480795
10.21447
14.79488
8.611371
3.635601
10.15533
11.63917
11.16769
7.634552
6.91009
10.39557
13.63582
8.127161
2.343464
17.16331
17.27413
13.64463
21.43411
17.58566
12.30139
9.414988
9.941262
9.341604
10.82115
23.07827
11.44071
9.750428
6.604717
16.14381
19.31515
0.1132049
21.08281
6.114838
10.10806
10.07956
5.289768
13.38435
9.333209
13.2227
3.217566
16.27594
4.060159
6.419245
18.36334
4.550609
12.22969
16.66446
17.99394
11.33235
11.42612
15.8379
5.845393
7.587946
3.086554
2.713259
14.66868
8.126321
6.864917
14.43121
11.62486
14.12406
12.69431
14.75369
9.021942
18.99295
12.80738
13.01105
4.379528
14.94763
12.54352
12.198
9.149635
16.41541
10.58587
3.959586
0.9415142
19.40884
14.88237
13.1291
11.27294
19.1088
10.92104
9.006978
11.98511
1.234696
13.17011
8.130083
16.54445
19.05406
15.88256
4.065124
15.08376
14.31101
8.567615
6.584345
8.242772
20.29389
13.56791
5.339516
13.20128
11.77929
13.54001
11.39215
15.22793
8.978557
13.67945
19.32231
11.16098
19.34603
9.71517
10.50195
16.22696
11.64708
11.0123
19.55864
12.64685
11.13796
14.59277
13.69329
13.52643
17.78973
18.72348
9.42847
16.71731
8.703815
6.567873
19.33109
11.92128
-1.204874
13.06232
17.8561
19.46236
22.11027
12.2406
18.93243
20.8237
20.58913
19.54255
9.912451
16.37592
12.21527
20.11355
14.18743
13.53207
11.88794
15.51824
11.32408
17.22164
24.12137
8.248766
11.22339
8.529137
8.45714
15.31534
11.11802
22.04978
8.021439
19.2403
10.71276
15.94339
18.06079
20.20257
18.52183
20.69777
14.58782
12.73477
24.57478
10.24982
12.89764
10.86485
15.724
19.35424
13.99549
25.28156
13.03129
13.84052
10.11698
12.62554
21.52861
8.862205
6.10236
18.5374
18.20003
26.31618
12.68262
16.15583
15.56306
7.555422
17.40614
14.13106
18.267
15.78699
14.8064
24.77329
27.56335
15.9101
15.25874
5.820627
11.22232
15.94326
15.56747
12.55219
16.55723
20.81859
6.604074
25.16645
21.69384
13.11091
15.97984
11.964
16.63585
12.33913
23.31365
21.60107
20.52661
20.88491
22.65042
24.76561
16.47667
16.09207
19.25059
18.40435
16.94716
18.46641
20.92553
21.0558
12.34603
22.14031
7.936073
15.31669
17.1861
20.77151
20.61512
20.26032
12.06192
21.77352
20.18372
28.51755
7.344125
20.32513
22.29792
18.32656
8.584605
21.13872
15.93921
22.14857
14.5669
17.49081
21.0424
31.90972
20.59763
16.13319
19.95216
23.81463
17.02733
18.27924
18.97453
19.30046
16.73821
20.10375
19.3771
9.944992
14.43312
16.57395
18.32844
8.811335
17.02148
23.04776
14.58152
22.50424
9.038676
14.78697
18.70837
10.84355
19.34923
12.79403
19.25652
25.85523
12.98417
10.79738
11.02683
24.1892
23.96806
20.35843
17.16124
25.38254
15.96398
4.351267
14.22407
21.84557
20.67744
9.620906
24.29221
12.13788
17.01025
14.91061
18.9083
25.04455
14.54542
25.99589
17.5837
23.074
30.03652
20.8807
14.24989
23.18888
20.77059
21.4211
25.94899
21.34968
13.84491
16.50953
15.57399
14.43108
18.88372
26.44693
17.74867
23.01502
13.0349
18.82523
22.35588
26.27427
21.07274
20.70481
13.77142
21.32702
19.15049
13.19708
19.72298
22.62291
24.53609
13.59408
20.83864
18.57626
22.65091
23.99069
18.56628
6.682848
18.26771
17.57399
21.49997
17.31615
23.65727
24.73409
24.39139
23.83266
25.68865
27.34383
18.27106
19.58041
31.8193
18.35843
16.91779
25.58116
16.23049
22.14211
16.08555
16.2726
15.26647
21.7548
14.45417
19.64431
23.91193
22.73329
15.53914
17.06528
21.53001
19.74425
22.4123
22.01646
15.61903
17.84544
14.07748
15.32682
23.63796
19.15887
17.70685
28.97146
19.53239
18.57777
16.44484
18.02587
17.95362
16.29593
13.87805
24.71157
21.05055
22.53272
29.56213
25.00243
27.71432
19.87042
25.1088
17.24514
19.79312
21.36446
23.59755
19.83225
17.74107
15.77442
21.89496
15.8373
26.89159
19.3841
24.21418
19.17382
22.80223
21.7944
24.55267
19.3149
23.37987
30.02779
20.43467
19.73534
20.66331
17.74199
27.66375
30.06297
19.71881
23.48547
29.6841
28.46312
28.25369
20.09026
26.37922
25.64448
21.07808
26.45314
22.04959
28.11446
20.0388
23.02736
23.56866
21.66215
26.44139
21.79054
22.8526
14.15195
28.8928
26.05563
28.56103
25.58567
28.11221
27.39955
23.97177
26.51609
22.71024
27.30552
22.37253
24.03589
29.06504
19.56356
23.04361
22.06854
15.7815
25.16683
28.59253
19.15277
22.2124
20.34415
26.44483
20.72802
25.67084
16.64993
26.53628
26.64015
26.80515
31.58664
18.29539
22.12898
26.24067
21.98026
26.13228
28.47287
24.03116
15.57001
26.72096
30.07053
16.13027
18.30814
24.4056
20.49111
18.79262
23.28745
27.20537
22.15913
19.4715
29.02584
26.37913
12.67136
28.21651
35.60689
22.00282
25.54083
21.10546
22.78085
29.1878
19.76214
11.80001
23.43498
25.76955
20.70318
28.16664
22.94373
25.41876
24.39052
28.93123
21.51234
25.8891
17.51242
16.24573
22.58735
26.30832
20.41876
16.73502
28.36538
29.50819
29.49618
24.38921
27.2221
25.4457
33.77731
27.22839
25.89523
29.42293
30.17083
30.37169
23.79856
25.21154
33.54494
28.19022
28.81749
29.99927
22.68222
23.03531
26.2285
29.7295
23.41365
23.15951
32.24248
21.55194
22.60526
25.49696
36.43633
25.19272
30.8293
26.34927
28.86662
28.19198
26.86786
24.62527
22.52333
33.30291
31.12662
25.80851
22.8009
30.17397
33.16172
25.24437
27.64526
30.28589
23.39554
33.68609
32.12221
23.6821
23.86765
25.04542
20.72621
31.06265
23.73749
24.36332
22.52865
23.02292
23.0319
31.92383
21.90576
21.48635
24.30125
24.40279
30.1778
25.20377
23.55561
33.48015
27.20063
29.29998
31.59955
25.98388
32.38465
29.65014
26.45757
27.77444
21.81207
33.93395
34.26305
23.70452
26.68919
25.31984
32.01144
22.69803
22.1506
31.82192
33.77117
30.26162
32.52387
25.25536
14.86988
22.19093
23.07777
24.85373
27.20928
22.50612
33.63991
35.40644
31.67497
29.72863
17.07376
28.50204
28.87308
24.68147
35.09056
27.6571
30.34321
22.20878
37.75709
27.26251
23.70547
33.23034
28.57166
26.36962
28.22439
27.37487
27.78548
24.06065
31.55481
25.4173
36.44188
33.38575
31.37586
26.37919
30.31739
23.45172
39.50719
30.7187
31.25359
24.33808
18.58068
24.45943
28.36965
30.88933
24.90813
18.25956
38.26475
13.86659
30.39714
30.0535
25.85099
20.37091
32.52882
32.22515
31.87686
36.40993
27.28851
28.63368
21.14984
26.67245
27.50029
25.30568
30.06525
24.07669
23.71081
30.99753
29.81211
22.96633
31.27456
35.26661
31.9508
29.29278
34.61413
28.93052
34.65318
27.45398
32.5512
26.40166
33.94579
25.94356
22.5107
28.19058
30.58722
25.92492
20.53343
33.68466
26.01081
35.7303
28.20467
31.27557
27.52924
25.78923
29.60821
22.89033
37.98647
27.35798
24.03055
26.93286
26.09379
35.21823
26.2192
24.49986
31.85609
36.63315
25.74639
28.84377
27.37675
27.02501
25.32308
36.87097
31.86411
38.75586
28.62687
36.50766
28.95522
27.77618
36.03268
31.35884
37.19381
29.58455
32.93083
34.26284
29.65582
24.16729
31.57225
28.52887
29.9242
37.85606
39.16018
28.41055
30.15565
36.15928
33.74864
36.95927
33.05508
34.52299
39.43478
30.16304
25.57324
34.48565
34.16068
39.29408
36.30957
38.30831
36.15508
32.15649
28.47121
38.42112
31.84039
30.0533
30.20992
28.83559
39.4047
35.7987
24.72675
33.04643
33.48536
30.64863
29.78567
31.24394
33.67539
30.76753
30.69298
28.54149
36.27208
32.05303
35.86775
20.21864
36.4467
27.74748
35.49886
27.80714
31.49548
32.00798
35.63541
30.12989
30.67236
36.13138
25.38783
35.00556
34.05423
16.98551
33.3533
35.72165
29.84839
36.33653
29.68367
30.79417
25.75649
37.02085
36.94246
36.96378
42.76509
25.57863
25.32836
43.49602
34.82152
42.29092
25.80335
34.43327
32.3078
26.82163
32.13049
32.12786
40.29599
29.44341
30.10012
34.65426
31.31473
