4.990901
7.444113
4.502573
3.992694
1.359495
1.495117
4.389914
6.588908
0.8886262
1.553406
3.446833
-1.767721
-1.069596
-2.448412
2.319529
11.14553
9.936841
-0.3706042
4.648286
7.796116
2.423073
-3.950582
8.960617
5.659749
7.514094
11.24989
-0.8268535
5.517315
2.721097
-2.474591
8.33149
3.99391
8.658154
7.269484
4.602419
9.157268
6.213159
1.382374
-1.822727
2.892433
8.991807
-0.4528061
-1.354816
3.14451
6.376381
10.12161
2.291926
9.436977
7.243921
4.815949
6.000246
4.597983
1.929394
2.287922
4.029115
-9.954001
-4.363801
-15.03397
-8.020029
-6.913681
-5.053195
-6.072052
-8.167269
-1.874608
0.2899489
-2.318574
-1.56708
-3.635189
-10.64164
-7.732886
-8.688967
-12.37703
-5.803107
-11.34666
-15.07493
-11.45785
-8.539177
-2.21647
-1.589893
-5.558912
-4.243481
-9.282527
-4.038511
-0.6508481
-3.555181
-0.8383752
-4.269496
-10.63013
-6.312249
-0.810909
-11.5172
-14.38455
-1.559829
-4.076562
-5.270497
-8.28247
-12.44074
-6.628058
-6.605505
-10.99158
-6.065289
-9.690134
-7.252747
-6.840758
-10.4819
-10.55982
-6.770613
-8.328102
-11.7794
-2.379666
-9.901335
-3.921066
-11.28196
-5.022452
-1.596001
-3.846353
-5.882456
-3.352223
-9.574938
-8.295455
-11.23683
-9.325935
-7.66552
-8.166356
-7.76333
-8.306836
-2.668377
-4.047005
-7.145794
-7.469347
-6.175453
-4.760198
-12.57143
-0.3404701
-2.699587
-3.88034
-8.381361
-5.190987
-13.8722
-7.391299
-10.19473
-1.636694
-4.993716
-6.29915
-13.91858
-12.88637
-4.5748
-1.827234
-2.593505
-8.824575
-16.24235
-2.917304
-14.50114
-2.775681
-13.32073
-9.241473
-2.019324
1.228475
-2.920055
-5.193447
-3.844325
-1.664881
-3.40935
-7.786286
-7.769367
-6.558973
-5.926688
-1.915185
-5.05451
-0.8215677
-2.491563
-6.74737
-4.473981
-3.026429
-9.674481
-10.67379
0.9842387
-2.044619
-4.532825
-11.32929
-6.909084
-5.710449
-4.149514
-9.738188
-6.989902
-7.029461
-0.317322
-3.929151
-3.113421
-5.339768
-8.283279
5.313609
0.3180066
4.450217
0.5496102
-5.213378
-3.159316
-5.679925
-11.17401
-3.550336
-7.06651
-4.337348
-6.730294
-7.09013
-5.721464
-2.714809
-4.652866
-4.374796
-6.44775
-4.657539
-2.964441
-2.911783
-6.486851
-4.929295
-5.418008
-0.7374426
-3.844287
-9.169135
-0.6787613
-3.43122
0.5584714
-5.659438
-4.902057
-7.659858
-7.39899
-1.434742
2.287887
-7.878117
-4.219407
-11.41105
-1.720065
-5.251771
-9.871516
-4.331035
-4.417386
-8.170796
-7.593702
-5.742814
-3.613713
-2.950112
-4.75547
-1.902723
-3.510453
-4.687769
-3.982816
-11.46558
-4.354088
-2.284767
-3.939365
-7.00897
-4.497687
-0.625996
-1.513083
-3.827382
-7.258133
2.882442
0.603755
-3.181642
-2.222847
-2.161976
-1.487859
-10.39176
-7.258822
-4.743074
-6.741154
4.461075
-3.628483
-4.599107
-10.05984
-0.4210298
2.077435
-8.622023
2.19239
-6.934788
-7.408209
-8.540285
-5.303343
-2.283296
-3.057217
-7.596957
-9.569393
-1.338312
-5.923822
-7.732295
1.969413
-12.80541
-6.474798
0.9957235
0.7670937
-2.676489
-7.762936
-3.291787
-7.444857
-3.971901
-16.82372
-9.621794
-3.864198
-11.87678
-4.195268
-5.474056
-1.913612
-5.146748
0.2686436
-2.658523
-6.569113
-0.472833
-0.325689
-4.862027
-7.480547
-2.743314
-4.561786
-5.280071
-5.727351
2.166754
-3.629464
-11.05428
-6.179905
1.67825
-5.092853
-2.993524
-0.8584435
-1.837377
-7.172576
-4.417434
-2.774319
-9.32042
-4.414992
-6.347461
-5.174875
4.269483
-5.810545
-11.56453
-5.973967
-4.874712
-6.977128
-5.603466
-5.198557
0.9832677
-1.940568
-8.065521
-1.541292
-5.549176
-1.073687
-7.292714
-0.3584129
-2.845249
-6.78324
-0.1789181
-5.581243
-1.469382
-4.187655
-2.062968
0.6057109
-8.674771
-6.159979
-1.769193
0.4721839
-3.563974
0.6802638
-0.9415304
-1.989357
-1.911201
0.5946823
-7.874982
-6.730953
-10.18472
-8.047296
5.522411
1.713305
-9.220268
-3.769417
5.791858
4.239264
2.783701
-8.197257
-1.016286
3.081585
1.855033
-2.829074
-2.521142
0.6595998
-1.584773
3.850963
-1.221395
-4.63708
-3.926027
-3.428658
-3.812663
1.595735
3.56847
-9.161405
-3.463233
0.2650806
-10.44363
0.6098059
-5.600974
2.352793
-4.914419
1.767737
-3.233176
-2.812764
-1.342295
0.7208245
-2.439929
-2.993633
0.8335776
-3.767111
1.972423
-5.586471
-4.663992
-3.232567
-3.165126
0.3663881
-0.4608403
6.666112
-5.666568
2.17493
-6.315373
-3.788907
3.898164
-6.807406
-5.595831
2.630351
2.579584
8.222107
-7.837032
-6.802295
-1.661537
-6.211168
2.765431
-3.922502
2.78671
-2.146735
-0.8017166
0.2469344
1.127649
-2.441112
-6.215816
-11.06535
-1.095617
-1.900611
1.10666
-4.108918
-0.9142454
2.954278
-3.348367
5.994974
-0.1155756
-1.048934
-1.310286
-5.298781
1.774975
-2.591548
0.7828898
2.269426
0.9315408
0.3526528
1.369832
5.983615
-1.339925
1.024151
0.244579
-0.3116381
-3.319971
3.793447
-0.7876637
-1.746935
-2.92328
1.610958
-5.871977
2.933702
0.9052502
-0.5533288
2.569346
-0.1868952
-6.471482
-0.5086432
1.262019
7.340769
-11.48618
-2.153723
-0.4573726
-0.4942618
-11.03046
1.510134
0.1633812
0.03637309
0.5706398
-0.6763484
2.61592
6.491804
-1.546931
1.155809
6.32142
4.142481
2.209728
1.566992
0.4850605
1.594126
-3.184355
2.060711
3.169609
-4.10889
-8.68691
-2.481317
-0.3849879
-6.069274
-4.490971
5.291835
-3.925264
1.54199
-2.883381
-0.4765432
-1.608874
-7.182803
1.78855
-5.930336
1.085723
8.356482
-4.910791
-5.239827
-3.768512
2.521377
-1.248558
1.412367
-1.195727
1.509824
-2.58104
-6.609366
-0.5166498
3.53166
0.453759
-5.755342
4.758232
-3.243013
-1.711526
1.187262
-4.30575
5.358091
0.02531693
-0.8483233
0.1045819
4.383729
9.641047
2.873523
-5.151501
-0.5793161
-1.429202
1.547905
5.339893
0.4275973
-1.688886
1.535047
2.313721
-4.209387
0.528931
6.515507
-1.422053
3.344274
0.1837102
-4.721006
1.640977
2.172231
1.988631
-4.731837
0.7808255
2.297953
0.4891364
-1.449699
-3.757923
-3.906219
0.8996585
-2.44516
5.334036
-0.8282178
-0.009874788
2.870222
-0.4850901
-5.370533
4.149446
-1.372702
4.345227
4.718482
5.212932
4.696441
4.371106
3.610578
4.521414
2.753757
-0.7003152
3.869303
4.984408
2.049468
-0.6454225
5.125994
-3.420808
-3.890038
-1.012534
0.1538236
-3.177769
5.179504
-0.6125972
4.751561
-1.021751
-0.6833385
-0.7245062
-5.427346
3.527539
6.247873
4.909449
-0.1686064
4.500346
-1.174726
-2.678501
-5.748033
-2.39751
0.7998251
-0.9685819
6.167956
-3.079341
-0.1629569
-1.163343
0.7855163
-1.049393
-2.519049
-2.671204
7.775748
1.249705
6.983449
6.834103
3.129863
2.462211
-0.4882727
3.356277
0.3485049
-2.654201
-0.01517254
-2.02535
-2.600394
-2.440499
-3.930359
1.181664
-4.22927
2.692315
-3.650307
3.158204
3.490317
2.97533
3.402722
2.972846
-2.435457
2.604643
8.185053
2.373896
-1.184679
5.15754
-0.2266204
5.5315
8.594524
1.609597
4.506389
9.072549
8.742537
2.715331
-0.130687
3.718557
3.649568
0.100585
6.248913
4.766842
0.3873255
-1.013196
5.957716
2.164631
0.2808188
6.615708
4.77892
0.8687771
-6.329896
5.920666
5.740108
2.921025
5.494904
8.752286
3.092127
-0.447494
3.893434
-0.9968086
7.225375
1.345737
1.486805
2.493511
-0.2488895
1.58189
3.68812
0.7038068
5.498325
4.676314
-0.2247072
3.162857
-2.893231
-2.010094
2.629544
4.052455
-3.476462
2.418501
4.917953
0.6387482
8.943867
1.877202
0.6852088
6.645887
-1.961217
5.138852
5.38738
5.180691
-3.506903
3.844888
8.714565
2.796687
1.425956
2.441885
1.772656
-0.05197778
-0.271947
5.541609
3.207997
2.039971
2.308389
4.28863
-2.112269
4.753779
7.646985
2.759251
1.081184
-0.6610934
0.9175653
3.835642
0.8235015
-9.98231
-7.780957
0.5315041
2.762697
6.738152
7.454163
4.810292
3.522019
7.40645
2.389794
4.304933
-0.7534766
-1.155278
1.499321
6.700368
3.550976
2.457315
4.6787
5.438742
7.146143
2.503269
9.558962
4.482239
7.991542
7.881184
2.048876
7.657963
4.242738
3.502298
6.53372
0.6113422
8.905589
3.901745
6.131099
1.568488
2.172626
-1.654746
2.059152
6.221836
2.170676
2.035004
9.806044
6.888028
6.867806
3.186055
9.127014
6.302038
10.21304
7.915998
7.049732
9.106562
4.132177
7.324607
2.925664
6.081464
4.728668
8.305965
-2.672049
7.656663
10.93238
3.421454
6.58874
7.276225
-0.938493
13.63406
10.5282
0.731443
1.16604
6.46119
-0.5930254
10.58667
7.182908
6.005281
1.840974
1.654258
0.03888312
6.764232
-2.300666
0.9220981
7.205735
3.273179
5.548525
6.754393
5.427251
9.125843
5.064618
8.120389
8.260923
1.583858
9.530627
6.311892
2.031827
6.449918
1.668866
13.26919
5.991417
1.998437
3.858773
0.8748704
8.272825
-0.09512017
8.377163
2.962179
10.70025
4.131549
3.418444
0.6489278
-0.1833895
2.955751
-1.543907
2.49594
-0.8102764
-1.285035
8.197068
8.400938
8.07069
9.467946
-5.211326
4.868904
8.522696
7.994125
8.135445
5.665709
10.82319
3.985546
9.890254
6.849679
2.853106
10.22005
4.156335
3.214116
3.826315
4.867449
3.27081
0.9549054
8.070533
4.805694
9.481691
4.920028
4.977379
4.778507
5.950326
0.4944558
6.891688
9.04536
9.859396
6.660759
-2.651366
6.540804
10.40401
8.445156
1.313688
1.950122
14.42349
0.05309732
4.321171
3.749331
2.303583
-3.092035
11.63839
12.40108
8.079206
13.5609
8.534928
4.809834
5.125682
1.317837
7.368257
1.17542
7.578939
0.3771148
6.253104
4.798336
7.789156
5.232874
4.107478
10.61974
11.66927
5.136027
10.43124
4.731844
11.89677
7.48894
10.3349
3.310053
13.07346
7.521141
3.367536
2.03912
14.04906
5.352967
0.8912031
9.797558
7.428649
10.40587
6.060389
12.02411
4.374501
4.315094
4.284838
-2.221909
11.93902
8.089842
2.410874
7.578601
6.431788
7.751039
2.178462
1.588086
6.750657
9.736286
2.6377
8.249015
3.807866
5.810469
2.705766
8.547676
6.648174
11.84412
7.968592
8.450928
4.733361
7.454188
7.766014
7.972755
11.64718
10.52003
7.581954
6.984156
4.370527
0.1780578
8.267891
1.998513
6.093471
7.923858
12.32987
5.652543
4.059752
12.8628
4.255117
10.53218
5.640611
7.749862
14.729
6.699369
3.327303
6.217512
5.512876
11.79586
15.17264
6.308783
10.06317
4.872827
6.322864
13.78298
8.477106
5.2429
4.257338
2.873034
14.05933
11.60878
-0.2103274
5.387346
8.545164
10.13891
11.14246
6.684839
8.151975
9.324574
7.767212
10.90585
7.113829
6.857549
10.4486
0.5491623
7.593701
9.396109
8.300369
2.268222
7.029806
6.510894
12.70781
2.381216
10.24946
6.627243
5.117439
12.11868
7.557386
-1.807094
7.943656
7.480494
4.3076
9.926874
9.025528
8.761393
1.307669
12.47323
12.55492
12.06678
12.95653
3.472511
7.537064
12.64117
6.923219
9.561019
3.202168
7.621878
4.075594
7.188936
6.010983
8.346899
9.706334
6.146741
10.17485
8.9344
6.781082
