23.56029
13.14607
8.068127
8.615854
18.8107
18.05252
6.321939
18.98121
4.416945
9.045712
27.51806
8.457703
21.99055
11.80775
10.41868
37.13893
10.81098
5.069554
19.82874
34.79144
13.84952
11.50616
20.30657
15.81297
19.20647
24.39868
14.59684
19.41386
32.03012
10.91667
22.4075
18.6743
23.40421
19.5649
20.49327
27.27149
23.45664
10.91138
9.671517
22.20971
18.13163
10.70355
12.43691
13.26032
30.00221
21.77312
4.229385
22.50228
14.3815
18.71445
6.150673
24.54708
23.50162
17.9527
28.57475
9.144033
13.5085
1.538998
2.367562
6.463278
11.41537
25.70253
14.19376
10.49311
9.521964
4.281917
15.96026
3.225564
-3.129527
0.5266229
16.01644
-0.9324295
11.97546
2.836793
-5.37615
-4.08934
-0.447524
15.12119
6.257607
3.030726
7.657208
-3.345742
-1.298402
5.91226
2.366641
11.27327
6.077806
-0.4260788
0.1642585
19.86221
11.11161
2.121577
22.94541
5.139196
5.494395
-2.078301
-4.133416
7.241341
-7.906363
3.242342
18.53787
9.298156
11.33207
6.499154
9.189936
8.819761
3.855055
3.837848
10.388
7.147507
4.180028
16.80492
10.57575
-0.6413914
8.34515
-0.8161198
18.77327
7.295248
2.117114
8.994096
8.738655
-8.017474
1.052886
2.11511
4.606489
6.443954
15.10369
9.480802
3.069734
14.40368
10.11294
21.68023
4.188488
10.53852
16.57988
11.87613
-14.62099
8.687815
6.176744
14.10099
4.885976
18.54182
15.46269
2.787554
-8.196063
3.958616
11.48104
11.84178
21.78004
9.967943
-7.904472
10.2235
-7.191278
15.64658
0.6289839
5.869635
23.30568
6.315315
0.9203644
3.878889
9.959705
6.173741
7.686297
12.11246
8.840539
12.04073
2.650887
10.35879
9.934256
31.73219
11.41834
10.33284
3.092479
10.71874
5.514091
9.52753
1.857054
19.1555
12.02648
12.1876
13.49747
9.216782
1.641269
9.445671
11.86616
8.148837
14.73134
10.9402
13.29497
7.855444
6.785076
11.04283
21.42569
22.70876
7.002207
15.84772
20.03155
4.595455
1.497777
6.112287
10.43128
13.77534
-2.298428
4.162245
8.411998
8.69103
4.066248
12.45685
8.941048
12.64948
8.006583
15.27265
9.682031
11.92669
11.9296
14.80357
10.88977
5.205316
11.5564
12.21831
13.20349
-0.19688
9.103283
9.549497
5.102642
24.68848
2.72702
-2.945689
3.185324
13.85834
-2.870539
14.41085
6.207938
19.7526
12.49433
4.776638
3.698253
1.629694
8.646163
11.3076
2.081584
10.16401
12.91726
8.853747
4.256946
6.257792
6.39487
16.83351
11.71945
-2.215623
8.926884
14.49004
14.81388
2.426589
-0.4973178
18.06396
17.14182
17.3002
22.40536
22.60252
13.53574
16.387
6.073508
4.518308
13.55067
20.7037
14.09378
7.789649
11.08645
13.48663
15.62025
6.39048
26.93262
5.835887
10.83017
10.62804
5.13226
8.353679
10.14908
14.23116
9.40951
21.53113
-1.36166
-3.821348
16.67726
-3.758207
-0.006904603
23.54319
16.52764
25.00732
15.55539
22.13126
1.276529
14.21167
-0.5141417
6.886704
20.94154
2.190055
11.50632
17.75477
11.72466
10.99128
14.84173
12.42206
17.35575
18.45213
12.58158
15.6866
5.662545
15.17065
17.9099
9.435724
21.08413
17.39949
16.06788
3.918274
-11.52443
26.07579
18.0656
5.698984
20.6516
9.338207
4.621157
10.2946
7.774257
0.5958146
13.18203
10.63652
7.133537
11.51518
24.33692
-5.795135
17.64721
19.81777
21.87282
8.511346
4.287279
16.78621
14.16257
4.585362
11.48809
8.693516
19.1023
0.9061189
10.98822
13.79698
7.180265
8.594657
4.997059
19.00995
19.54849
0.3202289
22.36863
1.904354
14.40219
14.41507
17.45478
12.77514
10.19261
9.745214
16.60594
26.8956
13.06018
5.899548
11.71396
8.321791
1.673266
14.21779
20.11337
-9.415718
4.568788
8.33536
27.14129
19.52596
7.800753
22.65934
24.49785
21.52943
21.32403
6.94358
13.41362
9.616664
6.597533
9.839429
11.0997
5.414915
12.93662
7.398622
15.06643
22.2652
4.566526
10.8019
9.139632
11.48815
23.27871
7.961665
28.20558
11.26166
28.21943
12.2032
24.21075
14.14589
17.36073
22.04788
17.62284
12.3718
13.7058
24.65037
7.780842
22.64834
8.90113
19.1888
23.45876
15.01998
26.96974
6.593382
18.24306
6.296254
19.85214
13.89761
10.47619
11.10823
21.44759
13.8719
25.40689
14.21427
6.840947
14.95256
6.67402
16.5197
3.082562
21.82121
16.79161
14.87581
16.91051
29.83836
13.62451
23.8955
5.524758
10.5519
19.77086
17.29161
20.83332
12.2079
20.1083
2.515013
35.86532
24.92498
11.97658
18.80906
9.161501
18.78882
4.031267
26.25173
28.00964
19.91603
23.36678
15.46603
25.46738
21.88641
12.79065
7.874482
18.24081
15.10817
16.84608
24.74182
21.01787
12.87692
21.3939
8.031907
14.2078
14.54114
17.51132
26.06396
24.28594
14.16043
21.68984
18.78012
28.80629
12.10826
14.93258
20.86378
17.10576
-1.580157
9.208462
11.88584
22.00205
10.46733
16.0682
22.975
30.38742
18.6006
10.16707
13.17948
23.12131
18.46065
9.025218
12.78559
24.44776
20.82557
19.27254
13.586
8.756369
19.59806
15.49982
23.52399
10.7838
24.29111
30.61514
15.94555
20.5698
12.16084
15.58911
10.08758
12.58315
12.43197
9.229462
12.61329
23.46885
9.643992
18.18162
18.01521
19.25418
20.61682
18.23703
17.85901
22.76561
16.68398
-6.295599
13.70445
22.84499
26.14849
0.895256
21.32382
14.97628
29.91036
10.22696
18.60519
22.16528
14.59385
32.07432
15.22377
17.61634
32.52162
18.30816
13.05021
22.65683
14.72336
20.87238
28.79013
21.1648
14.52223
21.08439
13.75753
12.88167
23.76345
24.88696
17.98807
10.24434
15.74837
10.45489
27.5923
24.21082
25.75087
13.20969
18.6339
19.79952
12.61736
10.34552
15.89812
20.38492
22.11859
8.922472
23.03923
14.94964
13.16056
19.62259
17.80306
9.380031
17.26708
20.97377
24.36367
23.51577
21.66322
24.7681
21.43935
20.5587
19.47801
30.32886
16.74609
17.12817
29.47341
18.48791
13.30728
28.47034
14.68754
17.76976
19.72334
13.32643
20.43399
24.60987
12.4575
19.14136
23.66282
30.63502
22.62888
26.62802
24.16703
25.41831
14.81905
20.4659
16.2754
19.10493
15.3119
14.02823
26.61102
8.215019
5.025264
24.96679
20.40408
18.86767
14.80339
21.09814
19.56531
13.2692
13.72926
21.6895
21.3907
27.16314
31.95147
23.20028
24.83369
23.48219
19.20713
19.46566
20.84155
13.21241
22.39869
25.46897
20.0203
14.61737
28.54406
14.14399
32.37928
23.70326
27.378
17.55539
22.35094
18.46192
25.39019
16.3431
25.26525
27.35375
22.27183
26.78247
14.74587
15.26215
32.81311
28.39255
24.09349
28.60836
31.45363
32.41233
27.59713
14.4193
29.62414
29.04367
21.07771
19.55401
26.54094
29.70024
21.00662
32.14395
19.82899
28.82642
28.55184
20.7554
30.40337
14.31585
33.14758
27.96757
35.86071
18.37314
24.8574
33.68796
24.92716
24.64137
23.91829
28.85241
13.3537
20.1126
23.70333
12.43925
23.44572
17.63872
15.51327
31.17544
28.83593
15.21687
25.25721
17.01566
17.83681
17.26379
27.05733
22.36645
25.19257
26.68179
33.76011
32.05337
18.34294
18.08523
29.60002
13.4379
19.12206
29.06011
29.98376
22.93913
28.01511
27.93245
10.53201
7.821795
15.25562
29.39217
20.87394
22.59056
21.39025
18.77245
16.40926
27.98854
32.24707
10.25385
26.61507
39.49132
19.41259
33.06984
20.17088
21.01651
20.54452
5.484088
10.93669
20.33602
34.52913
20.38881
30.94946
20.55217
32.65326
26.04343
30.15118
20.23865
25.54313
17.21675
15.5574
20.15787
21.16866
17.63123
23.58876
28.964
39.22492
32.64387
14.88066
30.36565
24.06124
34.46811
27.37244
26.61961
27.06685
19.38198
38.06764
22.13063
28.59046
33.81022
34.48183
35.83313
33.5197
23.83306
28.79857
26.45302
25.21918
17.90901
22.60309
28.20386
20.57148
11.57976
29.87815
34.76528
22.11657
30.2272
27.35028
21.74063
25.54534
21.25274
15.07114
20.74315
39.7853
37.27986
18.84781
28.6936
25.19749
32.1012
29.82657
32.79053
37.29497
10.0598
34.35315
33.4571
26.29849
19.69698
20.25143
27.66853
38.28598
31.45864
28.26471
18.08718
14.13934
20.60912
38.80681
26.26172
29.74096
23.59982
23.41721
28.20102
25.50327
28.03068
50.94339
30.51404
29.90143
32.41755
24.42713
33.1103
33.89732
29.21363
27.31622
12.83694
35.94744
36.10573
22.89753
41.21406
23.16977
33.53258
22.13667
17.58434
33.47811
41.24422
31.72414
26.6061
20.86984
17.75385
18.52824
17.75754
22.63457
17.58782
27.80859
24.58928
44.90336
36.51954
27.82027
14.49926
19.51774
36.93023
24.56462
36.0586
28.4495
38.70854
24.5536
51.74127
27.03788
24.14247
30.65648
37.15067
23.28039
32.54739
23.32536
30.96559
25.41757
22.94173
36.48798
25.71451
31.92574
37.91257
26.41551
32.85319
27.86861
43.98612
36.32237
34.31977
29.83664
19.94348
21.65609
31.49841
36.23286
16.23978
17.07415
37.47069
9.061409
33.41448
34.44252
23.7769
22.5023
31.14603
24.1094
31.45877
37.5549
19.58909
34.44544
23.70768
33.60787
24.83104
27.8087
19.62251
23.21063
22.43091
29.88572
32.35192
27.11624
28.03564
35.3291
31.40429
32.03385
36.90195
36.31631
33.16152
23.42156
32.38191
28.19315
30.49295
28.91759
20.8859
32.28962
25.19257
25.52502
20.30858
35.41255
24.54212
42.37341
31.06168
38.37951
30.66435
27.56513
37.79189
22.36284
41.97852
22.81325
17.67491
27.87143
27.29316
30.62266
22.09593
30.25154
40.6856
33.37592
26.1293
33.65009
24.13654
22.66182
26.35498
44.75813
22.41178
38.85309
30.68803
34.74386
27.2399
24.46124
46.16123
37.07221
42.67951
28.09635
26.587
31.3301
23.21636
17.54056
36.25567
24.04713
35.17556
44.221
35.19586
24.77373
30.74479
30.57021
43.34455
30.92998
29.94217
38.3291
40.73042
21.16837
31.29405
37.2594
36.89176
43.61903
38.57612
33.35452
33.9793
33.29431
23.48374
37.73815
21.18457
38.58044
23.69066
19.65468
28.50023
35.26344
24.32745
33.36729
32.95809
38.85158
25.83033
27.21692
33.76237
31.3175
39.21633
28.43792
42.96334
27.78001
33.92237
20.11861
38.92869
26.17432
27.93443
27.14868
32.26207
33.70591
33.43612
37.37789
36.32927
35.03132
31.48438
35.20278
38.10822
24.44321
32.81765
44.2151
33.44146
35.57348
27.13623
34.48546
19.75244
49.94636
39.56664
41.30032
42.25779
28.62632
28.9914
40.94247
43.17254
42.96145
19.06432
45.24107
34.94192
24.96216
31.56226
37.93309
40.6405
36.99243
34.10407
32.02596
29.87846
