4.291509999999999
0.14340999999999937
-3.0941530000000004
-8.470615999999998
5.6112600000000015
1.8102800000000023
0.8739510000000008
0.052240000000001174
-6.986515000000001
-4.0473479999999995
14.695109999999998
-4.2528369999999995
7.86534
2.3510120000000008
1.3818280000000005
20.86445
3.3108510000000004
-5.527526
4.40494
17.26473
1.9294799999999999
1.3097700000000003
4.817730000000001
9.010342
5.95914
12.953429999999999
-0.0868500000000001
5.634039999999999
18.935579999999995
-6.4343499999999985
9.975159999999999
4.11816
11.662939999999999
10.653251000000001
9.22449
12.21795
7.7105
-2.57371
-2.598663
10.88367
6.161990000000001
1.626187999999999
-0.9911500000000011
3.312494000000001
11.141350000000003
14.879999999999999
-8.968685
10.214649999999999
2.68665
5.433639999999999
-2.8140779999999994
6.731170000000002
5.906949999999998
2.335699999999999
12.949740000000002
-6.5342769999999994
-5.30917
-14.722771999999999
-10.795888
-3.6427620000000003
-2.14687
8.542359999999999
2.2808699999999984
-2.0831099999999996
4.306136
-9.928253
0.9144299999999994
-10.343236
-13.689347
-12.8290071
-0.30198000000000036
-14.0443895
-2.1889699999999994
-6.783721999999999
-21.89127
-15.40139
-14.462994
-0.7638499999999997
-5.549913
-11.586964
-7.834172
-17.783612
-16.401942000000002
-3.3903350000000003
-7.038112
3.0632230000000007
-6.418334000000001
-5.9107378
-9.030194499999999
4.76477
-4.704649999999999
-8.831933
3.8747100000000003
-6.909433999999999
-6.4470149999999995
-12.286791
-15.463126
-6.229989
-17.254902
-14.273298
3.235470000000001
-0.7961239999999989
0.19961999999999946
-7.291486
-4.916084
-0.14826400000000106
-2.379251
-9.172201999999999
-5.95265
-4.332313
-9.288492
3.555539999999999
-5.3258600000000005
-10.5312274
-6.138399999999999
-13.093999799999999
-1.1142399999999988
-7.945832
-10.650516
-5.941113999999999
-8.766305000000001
-16.923385
-11.093074000000001
-12.049470000000001
-11.699651
-7.618406
1.8706399999999999
-2.8557379999999988
-9.836356
-1.9762399999999989
0.10168999999999961
2.47532
-12.149282
-1.6375700000000002
-1.346700000000002
-5.310659999999999
-24.203443
-4.5623249999999995
-11.929796
-2.0025499999999994
-12.663554000000001
5.497920000000001
5.967952
-9.959446
-19.135493
-10.664273999999999
-7.188749999999999
-1.6725100000000008
9.73418
-1.458997
-21.479312
-5.05996
-22.701688
-7.3936199999999985
-15.3573561
-11.559175
7.677709999999999
-7.884805
-12.1849856
-10.501681000000001
-3.0077049999999996
-4.2794989999999995
-5.848933000000001
-8.61398
-6.198511
-4.947890000000001
-13.257003000000001
-3.4826099999999993
-4.003574
10.36288
-0.4076599999999999
-5.186400000000001
-4.872642
2.7572210000000004
-8.444509
-7.608790000000001
-8.693166
4.74541
-0.9790600000000005
-8.969190000000001
-5.600180000000002
-10.010337999999999
-12.051051000000001
-6.639848999999998
-3.8306699999999996
-3.508103
1.0766099999999987
0.3300300000000007
-1.6410100000000014
-9.980566000000001
-3.3135440000000003
4.52094
5.660869999999999
4.1429100000000005
-6.917752999999999
2.1048800000000014
7.13885
-6.415354999999999
-10.545033
-5.485673
-4.132100000000001
5.418089
-11.633547
-7.6957249999999995
-5.196482
-5.3551400000000005
-9.122742
-3.1228000000000016
-4.6669920000000005
-3.808630000000001
-7.318017000000001
4.06978
-7.975838999999999
0.8517500000000009
-0.02780999999999878
0.26152000000000086
-0.592649999999999
-8.124544
-4.563320000000001
-0.4962
-2.432739999999999
-11.43926
-5.476737
-6.014842999999999
-6.532898
10.227959999999998
-8.97959
-13.751879
-11.130526
-3.7871599999999983
-10.800827
-2.2622500000000016
-8.296911999999999
0.9334300000000013
-8.25164
-8.691532
-12.641587
-9.849806
-1.285787000000001
-5.7220200000000006
-8.843816
-1.2195100000000014
-0.8076599999999985
-10.628903
-8.337243999999998
-8.843388
-8.114550000000001
2.9095700000000004
-3.387599999999999
-16.859143
-2.4808960000000013
3.46847
-0.3350200000000001
-9.527951
-10.0989148
3.7830900000000014
0.47143999999999764
0.4739299999999993
-1.2515899999999966
2.854879999999998
-0.25350999999999857
-3.4197500000000005
-11.126572
-9.566372000000001
-4.01163
2.086500000000001
-0.9754199999999997
-6.559881
-5.578099999999999
-3.0782100000000003
-1.6174599999999995
-2.344747999999999
8.042200000000001
-7.213743000000001
-6.686099999999998
-7.991809999999999
-5.46085
-7.313961000000001
-2.2413500000000006
-6.58849
-3.3774500000000014
3.9168800000000026
-11.345641
-17.972888
0.2833299999999994
-21.114227
-18.711384603
7.874459999999999
-0.6992099999999972
10.99848
-3.633670000000002
3.0015800000000006
-12.013721
2.651819999999999
-20.4244117
-5.448346000000001
2.408660000000001
-17.813045
0.44613999999999976
-2.150500000000001
-1.8138100000000001
-8.279530000000001
2.41606
-4.990150000000002
1.7646899999999999
-1.0136499999999984
-0.5514899999999994
-2.186469999999998
-6.197535
-2.520290000000001
0.804590000000001
-8.042345999999998
6.207139999999999
3.150830000000001
1.852549999999999
-11.095585999999999
-18.645849000000002
8.345200000000002
-1.90963
-10.423646000000002
8.520219999999998
-11.607972999999998
-13.472453000000002
-3.129809999999999
-6.985173
-9.9593054
-4.403080000000001
-3.8410199999999985
-14.585783
-3.2693899999999996
2.6438099999999984
-21.424785
-3.410519999999998
0.6320499999999996
6.328080000000002
-3.676464000000001
-9.154051
-2.5244099999999996
-1.34591
-8.819678
-3.254480000000001
-8.634953999999999
4.4886099999999995
-17.7787411
-4.59812
1.9731699999999996
-13.282424999999998
-10.906573
-11.745161
-1.80546
5.645660000000001
-12.2446911
6.74738
-18.417496
-2.7700900000000015
-6.912769999999998
5.280109999999999
-1.9268
-3.719899999999999
-4.889605999999999
1.0901499999999995
7.1946600000000025
-5.0686199999999975
-11.403902000000002
-11.734300000000001
-10.566749
-12.941904000000001
0.4091100000000001
9.90539
-17.431113
-12.262952
-3.72888
11.918190000000001
0.19939000000000107
-12.637107
2.7106199999999987
6.755739999999999
2.795340000000003
-1.0475999999999992
-5.490010000000001
-2.3026999999999997
-4.183375999999999
-9.665057
-5.569400999999999
-7.069449999999998
-10.399055
-6.01028
-7.738118
-0.5594799999999989
1.712299999999999
-12.843644000000001
-3.8847199999999997
0.8755760000000006
-7.412620000000002
8.573170000000001
-8.757325000000002
8.508600000000001
-1.6742000000000008
10.746869999999998
-1.7427399999999995
5.454599999999999
-5.25719
-2.1210099999999983
1.0861199999999975
-6.068570000000001
-1.382439999999999
-2.79608
2.048009999999998
-8.055448
5.08671
-5.196289999999999
0.29968000000000217
4.47091
0.5636500000000009
8.354300000000002
-12.104477999999999
6.57747
-10.136095999999998
3.43769
-3.7328399999999995
-5.19342
-0.5899599999999996
5.540540000000002
-1.7485400000000002
7.312820000000002
-6.305379999999998
-16.117173
-2.272029999999999
-7.092570000000001
1.87899
-14.970998000000002
6.340920000000001
-1.1421100000000024
-0.73231
-7.615850000000002
3.402660000000001
-4.7266999999999975
2.4209499999999977
-11.361222
-1.7660400000000003
1.92699
2.830799999999998
4.172219999999999
-5.263579999999999
2.2439800000000005
-7.437428000000001
16.693839999999998
3.115560000000002
-2.1832700000000003
1.518939999999997
-8.101279
3.927950000000001
-10.899413000000001
3.7209699999999977
8.678
0.32095999999999947
2.8345199999999977
-5.81456
6.6853799999999985
4.06982
-2.2772700000000015
-11.131528
-0.4751800000000017
-5.158960000000002
2.173120000000001
3.0286299999999997
-1.784860000000002
-2.3923900000000007
0.8645399999999981
-5.776142999999999
1.8248200000000008
-1.7397100000000005
-3.813519999999997
8.01819
3.8387199999999986
-4.3729700000000005
-0.5923200000000008
-0.14158000000000115
7.62951
-6.722040000000002
-7.546270000000002
-1.8915199999999999
-1.7150600000000011
-21.195217
-10.420117999999999
-3.8899799999999995
-0.11015000000000086
-3.528929999999999
-2.098959999999998
4.548530000000003
4.96951
-3.5439599999999984
-4.810309999999999
-0.45125999999999955
3.4491600000000027
3.6430500000000006
-7.687022000000001
-5.703880000000002
6.741419999999998
0.9030099999999983
1.229499999999998
-2.6214899999999997
-5.297511
-3.5219699999999996
-3.555440000000001
4.810560000000002
-4.096810000000001
2.7786599999999986
12.85922
-2.561239999999998
-0.3924500000000002
0.23878000000000021
0.32559999999999967
-10.22966
-5.443200000000001
-5.128710000000002
-9.494898000000001
-5.557510000000001
5.970099999999999
-8.250978
2.144409999999997
3.2198700000000002
-2.4136399999999973
-4.599789999999999
-0.7090299999999985
-0.49794999999999945
-1.1071000000000026
-1.8610400000000027
-17.256229
-1.03627
4.531079999999999
5.924809999999997
-14.480994
1.7898400000000017
-0.4046100000000017
11.188580000000002
-3.49639
-4.60886
2.478819999999999
0.07375000000000043
5.23011
-2.2553399999999986
-1.0739300000000007
12.126149999999999
0.3009900000000023
-6.351179999999999
-1.1113700000000009
-7.476430000000001
0.9991899999999987
8.181040000000003
0.24270999999999887
-1.011569999999999
6.109909999999999
0.4972599999999989
-5.758800000000001
5.408659999999998
4.955539999999999
-1.1826599999999985
-9.426410000000002
2.8971799999999988
-13.09135
6.8774000000000015
0.10878999999999905
6.66676
-12.22696
5.6433
0.7704500000000003
-6.043989999999999
-4.301259999999999
-7.582790000000001
-6.1442099999999975
-1.5178399999999996
-7.116767999999999
7.53463
-4.454839999999999
-9.500229999999998
-1.497880000000002
-1.24831
-2.673349
3.1488200000000006
2.027079999999998
7.208929999999999
10.91811
3.2188799999999986
4.730450000000001
1.4190700000000014
0.33662000000000347
-1.6892299999999985
5.738789999999998
-2.225290000000001
1.4170700000000007
2.6385199999999998
2.1789500000000004
-4.255930000000001
8.015170000000001
-4.963749999999999
-8.26239
2.625250000000001
-2.7923500000000008
1.9897500000000008
8.034570000000002
-2.6092700000000004
4.248609999999999
-1.270859999999999
7.218399999999999
6.36524
4.135400000000001
6.164560000000002
11.921930000000001
-2.6838099999999976
-1.7191599999999987
5.15671
0.08475999999999928
-1.4440800000000014
-7.04663
0.5755499999999998
-10.144031
-13.650165999999999
2.16329
-2.207650000000001
0.12695000000000078
-2.8047900000000006
3.8577900000000014
0.5623000000000005
-5.545779999999999
-2.8199900000000007
4.753679999999999
1.589859999999998
11.613869999999999
9.22345
1.3277099999999997
-0.41841999999999757
3.1235
-2.545390000000001
2.5690199999999983
-1.6057699999999997
-8.167219999999999
-3.224210000000003
3.03632
-0.1612700000000018
-5.08741
7.830770000000001
-5.922579999999998
8.180010000000003
0.6688499999999991
6.322019999999998
1.8718899999999987
2.524040000000003
0.0702399999999983
3.810369999999999
-5.407260000000001
4.490030000000001
5.511020000000002
4.21106
5.862449999999999
-0.7599
-2.7064600000000016
10.680860000000003
6.924109999999999
5.984279999999998
9.629280000000001
10.84208
12.691749999999995
2.058769999999999
-5.801649999999999
6.963480000000001
7.048759999999998
0.1002200000000002
-0.6502199999999974
9.258189999999999
1.9731000000000023
-0.045369999999998356
15.074309999999997
-1.5750399999999978
7.445079999999997
8.72616
3.743780000000001
8.419549999999997
-6.166000000000002
10.175439999999998
7.6520399999999995
10.220699999999997
-1.7176200000000001
5.49747
9.380539999999996
0.5078999999999994
2.0187099999999987
0.2112400000000001
8.77226
-7.673089999999998
-2.436489999999999
-2.868199999999998
-7.373199999999999
1.9840000000000018
-0.7417000000000016
0.43557999999999986
11.506939999999997
4.919710000000002
-4.160609999999998
6.20767
-6.221720000000001
-10.618120000000001
-0.8346799999999988
5.438950000000002
2.2400599999999997
1.0747900000000001
4.959589999999999
7.593709999999998
9.410600000000002
1.9247599999999991
-3.3585400000000014
10.005230000000001
-10.503569999999998
-1.8713699999999989
5.974620000000002
11.133289999999999
3.862219999999997
5.139040000000001
6.57649
-2.8015799999999995
-9.060385000000002
-6.708099999999998
10.67372
2.0293400000000013
-0.9688400000000001
-0.27350999999999814
-0.17867999999999995
-1.022269999999999
1.271090000000001
10.156570000000002
-4.529770000000001
3.152339999999999
11.53142
0.16902000000000328
8.610199999999999
-1.5956699999999984
-0.8467699999999994
-4.807640000000003
-13.454552
-10.845629999999998
-10.879919999999998
9.29109
2.4483299999999986
9.520969999999998
5.062609999999999
12.044800000000002
5.17493
8.6264
1.116109999999999
3.958960000000001
-1.0491399999999977
-1.84361
-0.9301600000000008
1.5607100000000003
0.7634499999999989
9.31105
5.27732
15.155469999999998
10.29383
-7.005280000000001
12.70251
3.0977700000000006
8.682340000000003
8.02523
2.7732600000000005
5.30189
-6.546110000000002
11.198249999999998
4.8657900000000005
3.9902599999999993
9.17087
10.193360000000002
13.146739999999998
5.088920000000002
3.3234700000000004
4.1085100000000025
2.283669999999997
1.7115100000000005
-3.3339700000000008
1.4785900000000005
5.767429999999997
5.9075700000000015
-4.1576900000000006
7.567240000000002
7.4559599999999975
3.2258899999999997
9.610949999999999
8.917000000000002
-0.07626000000000133
6.45992
-1.4829399999999993
-2.229520000000001
1.1454799999999992
12.563849999999999
10.881909999999998
1.3452699999999993
3.2206599999999987
2.68018
9.871869999999998
8.00365
11.734009999999998
14.285309999999999
-14.274240000000002
14.301120000000001
11.863089999999996
3.3478400000000015
-3.004629999999999
1.6671999999999976
6.3492999999999995
17.810000000000002
14.904059999999998
9.906670000000002
-2.6004900000000006
-7.229319999999998
-2.3839000000000006
13.647209999999998
2.0552899999999994
9.17671
6.50431
2.287600000000001
3.571749999999998
7.053900000000002
9.90232
26.589090000000002
8.378030000000003
8.72184
9.07892
0.02710999999999686
10.25627
10.559070000000002
4.787889999999997
5.991700000000002
-7.30626
15.28267
7.834100000000003
1.1914499999999997
18.383640000000003
-1.2752000000000017
9.793970000000002
-0.656480000000002
3.8109
4.618370000000002
18.173299999999998
5.5940699999999985
-2.499329999999997
-3.7365899999999996
2.7005800000000004
-0.7069399999999995
-6.864140000000003
0.2767799999999987
-10.431739999999998
4.017429999999997
-0.8535600000000017
17.897859999999998
12.91526
7.55958
-7.785820000000001
-4.115400000000001
16.57985
7.877270000000003
9.103489999999997
6.458110000000001
19.18852
6.3303699999999985
23.87443
6.625050000000002
3.2901099999999985
7.646189999999997
12.735349999999997
0.12488000000000099
8.14931
0.8179400000000001
6.45092
2.3118300000000005
-0.5425499999999985
15.876370000000001
-1.2456800000000001
3.46002
11.514080000000003
4.814830000000001
8.48613
4.911349999999999
11.37061
14.64903
12.925569999999997
12.159319999999997
-1.2885600000000004
3.7374699999999983
13.53277
13.788680000000003
-7.354659999999999
0.7647100000000009
13.62943
-4.752081
7.338509999999996
8.138350000000003
0.22949000000000197
-0.9606499999999976
10.255600000000001
4.285330000000002
7.66112
14.705870000000004
0.8355099999999993
10.621599999999997
7.6835200000000015
8.253259999999997
4.699000000000002
3.678440000000002
-2.8638000000000012
-0.48894000000000304
4.973210000000002
3.686519999999998
10.328969999999998
9.38279
0.868549999999999
10.682229999999997
11.12277
7.877100000000002
12.719059999999999
12.117640000000002
10.405110000000004
3.456520000000001
10.165609999999997
5.10154
9.620630000000002
10.495170000000002
1.7427399999999977
6.138159999999999
8.654419999999998
4.95307
0.6663499999999978
11.525450000000003
5.959960000000002
17.04898
8.9174
19.12805
7.509619999999998
6.0909900000000015
12.468510000000002
-2.7493900000000018
15.931080000000001
3.5451200000000007
-3.9447599999999987
8.51717
7.631160000000001
3.155470000000001
-1.9448000000000008
7.339769999999998
15.580170000000003
6.479050000000001
3.0206100000000013
13.055339999999998
0.56766
1.4472799999999992
3.7376700000000014
16.43483
-2.8041599999999995
11.94135
10.02975
6.687129999999996
3.018049999999999
4.139240000000001
17.89457
13.686119999999999
17.13288
9.031840000000003
1.2381199999999986
4.05142
-2.068929999999998
-6.44867
12.951310000000003
-2.4832199999999993
11.344829999999998
14.288799999999995
8.365560000000002
2.0157200000000017
4.648889999999998
7.2737300000000005
13.851029999999998
4.502890000000001
2.5276999999999994
11.555969999999999
16.02465
-2.295300000000001
9.048109999999998
8.99126
8.243949999999998
16.120810000000002
17.439200000000003
1.3549900000000008
7.8873900000000035
6.010650000000002
1.3354
13.099999999999998
-2.1787199999999984
13.770040000000002
-2.26192
-6.307880000000001
3.1548599999999993
11.073520000000002
-0.6096300000000028
5.708199999999998
8.017899999999997
18.341849999999997
7.18712
2.6578199999999974
8.238959999999999
9.87455
16.29056
10.80228
13.805090000000003
2.584530000000001
8.503220000000002
0.44913000000000025
10.075700000000005
7.822950000000002
0.7359399999999994
1.6097599999999979
7.796390000000002
8.208820000000003
10.50852
9.62922
15.906370000000003
5.527190000000001
11.213990000000003
12.315899999999996
11.611380000000004
5.65061
7.408010000000001
15.973949999999999
7.900669999999998
9.163820000000005
6.478080000000002
12.452680000000004
-4.696390000000001
25.39874
15.179099999999998
16.40333
12.44922
6.520199999999999
11.200099999999999
10.08763
15.274239999999999
10.231540000000003
-3.536860000000001
18.42968
6.709720000000004
5.329470000000001
5.44275
14.15213
10.050840000000004
13.69576
14.178799999999999
6.306099999999997
5.344809999999999
