61
70
113
142
158
172
180
192
202
235
256
281
314
339
340
346
368
400
421
431
465
467
488
492
508
535
538
563
611
623
626
713
717
732
735
739
793
828
829
860
868
871
905
916
919
927
938
950
954
958
989
1000
1019
1020
1052
1146
1158
1164
1165
1193
1197
1277
1281
1282
1310
1312
1324
1339
1342
1404
1415
1458
1471
1520
1550
1555
1561
1580
1588
1621
1642
1646
1663
1695
1713
1745
1753
1773
1831
1890
1914
1930
1943
1948
1977
1988
1995
2029
2043
2105
2119
2120
2123
2139
2157
2162
2168
2177
2186
2207
2209
2248
2260
2310
2318
2329
2339
2372
2382
2413
2439
2450
2482
2493
2501
2507
2547
2550
2551
2580
2588
2656
2666
2712
2716
2725
2733
2745
2768
2770
2777
2789
2794
2802
2870
2883
2891
2905
2912
2915
2916
2946
2991
3046
3057
3128
3197
3237
3241
3255
3302
3303
3326
3332
3353
3396
3411
3440
3483
3517
3533
3579
3599
3609
3611
3613
3628
3632
3700
3739
3742
3773
3781
3809
3863
3879
3907
3952
3972
3997
4016
4022
4034
4054
4085
4113
4136
4145
4169
4221
4241
4244
4251
4266
4269
4284
4327
4334
4337
4348
4359
4391
4400
4406
4432
4438
4449
4452
4476
4481
4501
4506
4525
4527
4561
4563
4596
4646
4685
4686
4711
4718
4739
4751
4755
4761
4791
4804
4825
4872
4876
4879
4883
4912
4936
4954
4956
5022
5025
5030
5032
5045
5051
5054
5071
5128
5140
5159
5188
5192
5207
5211
5212
5228
5232
5241
5244
5269
5317
5328
5334
5389
5395
5403
5406
5416
5483
5519
5520
5525
5528
5596
5603
5617
5632
5654
5661
5666
5680
5709
5731
5757
5823
5834
5841
5888
5896
5902
5913
5937
5988
6038
6061
6062
6112
6117
6133
6144
6164
6182
6208
6214
6242
6287
6294
6303
6315
6347
6350
6363
6374
6380
6384
6407
6412
6415
6439
6467
6478
6485
6490
6513
6521
6543
6628
6635
6639
6670
6681
6700
6704
6816
6885
6896
6929
6940
6961
6998
7010
7024
7027
7029
7034
7046
7083
7101
7128
7157
7162
7190
7194
7201
7205
7213
7238
7258
7282
7310
7347
7349
7366
7372
7378
7384
7399
7424
7426
7474
7487
7491
7500
7523
7538
7540
7551
7570
7593
7689
7703
7705
7719
7729
7818
7845
7855
7869
7891
7893
7901
7902
7944
7994
7995
8007
8032
8057
8116
8122
8146
8160
8170
8172
8176
8196
8221
8249
8271
8283
8284
8292
8298
8351
8356
8380
8390
8391
8438
8442
8445
8458
8471
8476
8503
8517
8589
8618
8629
8641
8675
8707
8740
8803
8807
8812
8834
8936
8974
8977
8978
8992
9006
9056
9068
9092
9094
9130
9191
9195
9206
9237
9302
9322
9340
9341
9351
9381
9399
9505
9514
9527
9566
9577
9578
9581
9582
9587
9624
9647
9650
9658
9695
9741
9746
9776
9851
9868
9880
9882
9916
9920
9936
9955
9956
10012
10033
10039
10046
10063
10064
10097
10131
10145
10148
10155
10161
10230
10231
10238
10245
10254
10264
10284
10331
10353
10372
10400
10414
10433
10437
10494
10506
10507
10530
10549
10576
10580
10589
10607
10644
10656
10671
10686
10687
10700
10701
10742
10743
10752
10754
10779
10806
10820
10837
10840
10911
10928
10933
10937
10968
10976
10996
11003
11035
11057
11097
11145
11152
11169
11173
11179
11205
11210
11280
11286
11288
11291
11350
11364
11404
11411
11433
11474
11513
11536
11584
11602
11659
11677
11713
11724
11730
11746
11781
11783
11793
11812
11836
11883
11925
11933
11948
11960
11965
11985
11996
12033
12043
12048
12077
12079
12103
12110
12150
12247
12257
12265
12268
12280
12321
12345
12349
12356
12369
12376
12383
12388
12390
12394
12408
12412
12431
12445
12446
12452
12458
12493
12501
12561
12599
12603
12610
12612
12645
12685
12687
12710
12732
12766
12767
12784
12801
12832
12834
12866
12916
12946
12950
12971
13005
13010
13015
13027
13036
13065
13098
13128
13161
13204
13228
13236
13239
13304
13326
13329
13337
13340
13343
13434
13448
13449
13451
13475
13497
13498
13506
13507
13550
13570
13571
13583
13584
13667
13679
13693
13698
13755
13764
13773
13802
13819
13832
13849
13867
13875
13876
13890
13909
13912
13932
13949
13962
13963
14064
14080
14083
14130
14142
14202
14204
14207
14210
14227
14257
14309
14316
14325
14338
14341
14363
14374
14377
14381
14408
14425
14431
14434
14445
14459
14467
14493
14536
14551
14568
14646
14654
14655
14680
14705
14722
14729
14740
14745
14780
14788
14789
14811
14856
14860
14866
14883
14939
14958
15054
15069
15075
15103
15117
15136
15149
15197
15214
15233
15236
15252
15262
15290
15344
15358
15360
15373
15399
15423
15442
15445
15446
15448
15467
15469
15470
15482
15517
15524
15538
15583
15591
15597
15601
15608
15617
15630
15718
15724
15737
15741
15767
15775
15784
15794
15812
15816
15828
15959
16006
16009
16010
16026
16077
16147
16154
16158
16191
16196
16222
16272
16284
16319
16328
16338
16379
16383
16385
16387
16403
16454
16460
16494
16497
16501
16506
16515
16523
16542
16544
16551
16565
16577
16582
16618
16628
16640
16683
16713
16765
16773
16784
16788
16792
16858
16922
16927
16977
16984
17002
17060
17071
17144
17157
17174
17176
17189
17194
17197
17199
17210
17213
17242
17267
17282
17302
17358
17367
17382
17413
17428
17429
17445
17519
17554
17563
17569
17583
17596
17607
17619
17624
17675
17704
17717
17746
17755
17771
17797
17800
17805
17812
17853
17917
17925
17930
17948
17951
17962
17964
17973
17998
18022
18029
18031
18067
18079
18080
18104
18196
18200
18211
18218
18236
18243
18269
18281
18311
18322
18345
18394
18406
18441
18547
18577
18581
18604
18616
18634
18636
18642
18660
18698
18708
18719
18724
18725
18759
18804
18843
18851
18863
18875
18900
18920
18926
18938
18995
19048
19057
19076
19086
19128
19152
19153
19186
19198
19256
19265
19267
19282
19337
19342
19353
19372
19392
19403
19440
19493
19494
19498
19506
19509
19513
19544
19585
19591
19596
19628
19634
19657
19689
19742
19750
19766
19775
19784
19786
19803
19806
19810
19812
19817
19822
19840
19878
19904
19958
19968
19997
20035
20040
20083
20097
20116
20154
20180
20184
20188
20190
20223
20244
20261
20267
20299
20305
20314
20329
20334
20336
20337
20347
20360
20372
20427
20447
20451
20465
20502
20529
20551
20582
20607
20624
20659
20723
20731
20755
20806
20843
20855
20858
20867
20869
20894
20913
20934
20951
21017
21039
21082
21098
