14.38459
19.42277
13.86651
19.56754
17.40199
23.22128
16.6905
15.96511
18.87269
21.13521
16.97432
30.50801
5.093731
20.40782
18.98428
18.36346
20.81228
20.44967
11.02901
14.8244
12.01846
9.53014
16.90378
19.19392
10.74243
16.79952
19.84178
12.14791
20.75397
15.34087
15.31614
19.1193
17.20776
19.9425
9.534268
29.03404
27.53982
14.31227
19.38149
21.69584
28.83256
6.425849
16.20369
10.45841
17.54075
21.92953
18.35115
20.1878
9.359695
10.91492
19.24872
16.29823
16.30565
14.12053
20.19274
8.723979
8.700019
17.07796
16.18099
3.038229
-2.973367
4.665623
17.05406
14.41129
9.497488
6.805205
17.12616
10.79931
6.2387
9.903676
8.244266
11.91443
0.18182
1.88108
18.97349
4.207733
11.42199
1.306988
1.712436
8.05106
7.550717
7.90505
4.299065
8.739985
-1.382287
-0.8675177
2.074056
3.501859
-2.79437
10.92444
3.624121
5.416805
14.78261
12.70059
1.592006
8.735163
7.393776
8.896913
6.191554
5.622447
-7.349945
-2.701093
4.619652
4.580811
8.836916
6.109289
9.725883
6.583768
11.02741
6.662503
8.947941
8.457864
4.149054
10.26912
8.497235
3.451019
0.9293499
5.459964
-3.279092
7.892128
12.67969
13.30212
3.396071
11.29062
8.542815
4.68066
0.5306899
8.769006
12.97384
18.07688
8.77474
13.30645
9.862735
2.179618
10.4429
3.226867
5.813215
3.213452
9.574832
13.8676
12.96962
7.886185
10.33765
9.087496
7.827159
2.462461
13.78123
9.108826
15.32021
13.07644
11.09635
5.942358
3.430863
9.328064
5.336835
3.27746
7.900542
4.261208
10.56912
9.715316
11.8511
9.795328
12.04481
11.69194
13.88724
8.753242
12.9937
-1.297842
4.86871
13.42336
11.70573
13.94166
6.822292
12.79596
12.40402
20.67414
14.61478
7.603303
6.629264
11.48508
12.49624
4.809916
10.51638
8.522248
12.88882
12.79763
-1.994583
12.07034
9.79735
11.5267
5.287313
8.944804
7.602656
12.83216
14.61248
16.62953
5.105693
10.09872
16.15294
9.094792
4.445454
18.52085
18.72763
14.34155
10.75816
15.11875
6.617567
5.865812
7.363234
10.24367
3.446418
15.40685
11.9052
19.18945
6.797552
9.284397
10.63476
2.418868
2.203157
6.469061
13.20507
-3.608224
14.21006
8.204522
4.236551
12.65612
11.16967
15.66593
7.696984
2.095848
7.323083
-0.5982035
20.43634
8.997644
10.06826
2.995769
8.167811
7.283091
19.45527
13.81912
5.142017
18.25716
6.073955
9.849322
8.96206
14.62434
12.93659
11.16769
8.237381
7.110312
6.248871
10.96062
19.18757
16.25038
9.678902
12.93981
9.947769
11.8182
6.259188
9.341604
23.07827
12.9953
4.504423
9.857434
8.73427
10.46129
15.44461
8.903911
18.18497
14.14177
4.939671
20.08319
13.98121
10.56681
11.18997
10.44627
9.383971
15.8911
17.99394
11.86884
5.257301
12.72915
13.28502
14.53757
14.40162
13.42556
16.96926
12.11573
8.070275
15.95115
16.66558
9.836277
14.52117
14.08005
12.29155
2.749103
21.79213
6.66799
18.56272
13.92695
12.198
11.80934
18.49346
19.40884
15.78908
12.63827
11.7104
15.77864
18.28008
17.22746
8.708221
21.06909
11.4731
12.79822
6.611641
12.28191
13.94118
14.85028
11.49663
12.34266
20.21493
13.02607
13.45449
18.4638
4.065124
11.37569
13.79846
8.755084
12.95577
20.53348
6.91829
17.25543
8.897666
13.82761
13.86114
5.339516
12.14387
11.57169
13.78059
13.37972
16.88542
23.47231
8.916322
14.93608
6.625137
21.12465
19.94473
6.006255
7.186795
13.1098
11.50682
13.0671
14.78393
16.63341
17.73551
16.87975
14.74914
13.17811
8.404022
16.75432
14.64278
13.77157
15.9166
21.2096
11.0246
15.29578
18.20042
22.55715
10.40005
9.973787
17.64884
14.97469
19.09596
18.44197
20.74862
21.53184
21.6616
11.52473
19.16809
21.87426
15.4958
17.45763
10.86401
17.84112
16.25906
18.93243
16.01423
22.18351
20.32537
12.06619
12.21527
18.7283
11.59586
21.03327
21.42908
15.93189
14.23697
8.551648
8.872956
10.18593
7.364259
17.69526
12.3922
13.69832
15.35102
22.04978
19.28887
13.98411
19.50515
16.9767
12.26535
13.33578
22.80773
13.72621
12.73477
15.48366
22.77714
15.95401
20.09002
15.39157
12.89703
19.90309
16.42026
15.24454
22.97791
14.80601
18.62481
9.651158
16.0369
18.71187
27.47076
9.88249
12.37565
18.13522
14.56875
12.57497
15.78699
14.3977
12.68308
14.22062
11.37625
9.165624
4.350289
15.14958
10.52655
13.7272
9.41156
8.406796
15.42368
23.40862
16.06581
20.27118
13.42154
22.63712
8.704657
13.18848
18.76286
15.84802
23.57853
16.24361
14.38672
28.19089
18.47799
8.954723
24.32365
14.89386
17.05393
24.62626
18.00221
13.38899
21.95764
18.18043
11.7772
19.05329
19.49478
14.60888
17.1709
20.32513
12.68689
21.10467
22.14857
11.42476
13.48846
12.81084
18.91718
18.69823
18.08799
18.61916
6.691509
12.60627
22.40757
21.69711
26.07057
18.55826
19.71168
22.87451
15.91112
16.16413
22.99293
16.16314
12.07392
19.03885
14.51933
15.16062
18.93022
15.02767
20.84605
13.74103
17.53447
13.56934
22.92362
19.34923
12.79403
20.28358
9.276935
18.87756
12.44532
27.1233
10.61858
17.16124
17.28158
14.90586
17.23011
16.48991
17.78381
21.94604
15.9314
20.64761
15.43805
12.14049
14.86052
22.79598
23.02255
21.53386
23.62656
12.62827
11.42955
24.27911
10.08472
23.10169
25.46051
25.99589
15.31248
29.85955
14.24989
12.92371
14.87356
19.26979
15.20158
16.84372
18.87801
17.12231
11.92527
15.04625
25.88553
11.6792
25.76785
23.57434
20.04011
21.51265
21.07274
20.67047
23.39548
21.31413
18.82115
17.91229
13.89031
18.64156
17.38358
17.77955
25.02147
16.24267
15.15984
18.164
13.19703
23.43843
17.59089
19.06551
20.97771
24.22558
17.89373
21.73274
28.99908
18.0452
31.30978
13.38019
19.88863
27.82811
22.63778
22.0656
16.59528
22.14211
17.16976
21.31349
21.43004
23.66723
22.23862
13.86352
16.33324
21.81908
19.88565
22.72652
19.72495
22.20868
15.04916
17.59487
24.7466
18.11605
23.24608
17.48337
16.13509
16.99255
23.11791
21.3083
19.62901
20.76888
20.46335
22.41715
15.11088
17.13796
18.56039
11.34174
16.5078
17.31872
20.63649
21.38241
24.78458
26.17972
18.82746
21.3436
26.95221
17.40102
21.49861
27.31201
25.93266
23.6402
17.05318
17.4942
12.54415
19.83225
23.96257
15.77442
21.89496
20.08346
24.21418
20.12191
24.40212
18.30586
13.08633
23.55486
22.42238
20.67749
22.92868
16.01097
18.011
31.07732
16.42057
24.0229
27.92325
20.61167
13.60541
20.24359
32.04268
23.50039
22.10898
18.31483
11.19179
24.7404
31.08736
29.92179
18.70264
21.48865
26.82829
26.38847
19.03602
26.76057
22.21919
27.51228
35.52337
21.66215
26.01545
18.55389
20.96693
28.83292
29.87908
20.67508
32.50183
16.67762
28.83863
27.06441
25.70295
24.46669
28.77634
24.66956
25.55533
28.20116
24.67438
32.17303
30.76808
25.99212
26.30427
19.87557
25.28731
24.13211
30.94738
21.30582
31.73761
18.90308
18.76627
25.32216
26.64015
24.70916
21.34039
23.01027
21.89633
25.52164
29.85094
21.86863
24.34028
17.66116
29.7684
28.18707
24.90886
22.52124
29.6257
15.29841
22.70472
25.80969
32.23271
26.30193
19.17186
28.27032
28.46407
26.2647
23.60349
17.68874
25.45526
25.28928
30.18769
21.10902
29.73378
26.40747
19.56793
24.74526
24.91886
23.19729
25.59678
19.37645
29.28083
23.59697
20.66726
22.19325
18.45923
29.62477
26.58957
25.26297
35.80996
32.21194
29.50819
24.16265
25.39088
32.5506
21.28114
25.59319
30.09806
31.05862
21.42199
27.1988
21.21217
40.84344
31.52876
23.74467
29.92338
27.13799
33.51698
26.9978
27.31208
32.07512
38.1564
28.1338
30.35081
22.89538
20.78195
24.31115
28.65092
28.60955
24.18433
26.00998
27.76831
28.62949
26.48923
16.09658
29.78083
28.07028
31.95688
29.7803
31.2183
27.38168
25.19272
25.46681
27.61196
26.89992
23.79801
27.48062
30.93766
27.97737
25.80851
23.32954
20.35616
32.9318
29.7657
23.24404
26.28931
23.80795
34.44842
30.44672
30.24647
33.48543
20.85924
23.3717
25.32007
27.35546
35.34756
22.79981
28.49618
16.32039
30.19874
25.10136
28.41806
22.88791
22.24296
26.2984
28.22163
31.45005
15.76929
23.85586
37.78177
26.1073
29.24788
24.36638
33.2507
28.18626
19.44434
25.27578
22.76964
26.76092
26.98399
32.44039
32.52387
23.25974
17.97626
31.20172
17.18836
33.7015
22.76311
25.6577
31.79448
25.38112
25.81175
36.48185
34.36967
24.18575
33.83026
28.49836
26.69153
25.14016
34.16181
23.85311
29.80731
32.95837
24.14618
29.46527
28.36314
30.64719
30.24292
26.45779
24.10266
29.97507
34.57963
25.23379
26.47685
38.07113
28.36965
29.96288
32.55493
35.8664
35.77284
29.52753
23.4826
28.61874
30.21263
29.77872
28.52295
26.67245
30.60407
24.13626
29.69193
22.96633
29.60673
33.2827
25.23509
30.71251
31.08402
35.43453
32.02779
27.52622
30.81622
31.78489
29.21189
28.32305
25.33607
21.08298
32.5512
26.40166
27.17196
27.34946
28.12054
23.47107
28.64808
30.58722
26.75586
31.40433
28.35761
28.20467
42.92828
39.68345
31.62508
17.08798
36.85253
24.53792
34.91501
27.05042
30.09065
28.08553
30.84395
35.21989
36.05362
30.92808
24.55284
40.32929
28.70738
26.90993
24.52832
25.73463
28.33347
35.24682
35.95825
29.41197
28.86303
23.98512
28.25429
31.73693
23.24117
25.18215
21.64371
33.94136
32.41218
29.51969
39.99709
23.62262
32.98557
31.15924
26.97963
33.09889
36.87268
34.36056
34.67027
36.5895
36.99264
30.67236
32.43311
38.87261
31.75807
36.95927
28.44463
30.93718
30.39211
31.94517
23.92538
30.1369
31.14508
34.83055
31.71128
29.60407
28.74344
38.50956
36.15508
23.60375
31.11019
38.87735
29.14188
26.7275
33.65101
43.29231
30.62176
34.36798
30.25573
26.92264
33.10775
34.37344
31.31018
29.40305
38.69454
31.10246
30.52941
31.24394
33.68468
34.38902
40.99915
24.36624
36.64608
28.35974
37.48103
36.00286
27.89244
31.70898
34.31543
33.32727
35.86775
23.20947
35.2341
31.74919
28.67191
39.35476
41.19219
35.49886
28.25833
24.00449
29.04591
28.35115
28.85404
29.02514
37.95913
31.89302
36.22398
32.29577
37.43559
31.45887
36.94246
32.86864
24.54235
27.54207
34.50241
37.25022
33.95727
35.29612
21.79594
35.76148
28.86637
26.02454
34.30065
39.23098
32.64735
39.82776
36.41935
