9.521823
1.188284
0.09461832
2.934339
0.6495875
5.55527
8.072904
3.283941
3.204622
7.175554
-1.424104
10.08455
-7.312646
8.799117
2.044953
4.740612
7.002545
5.184848
4.744546
4.315053
1.134635
-1.843692
3.408671
2.360264
1.703883
-1.423848
3.450748
-0.6659111
6.661947
0.9345248
1.033968
5.28213
1.259105
4.979971
-2.7876
13.18933
4.851121
3.14547
11.72896
4.047314
9.018471
-4.413591
1.771058
-1.651718
4.029422
7.571892
2.450899
6.869058
1.86842
-0.1378877
2.973353
3.558302
6.525456
-0.4908934
3.330583
-8.656578
-6.263738
-1.041969
-3.188327
-8.084957
-10.08371
-8.94712
-2.349671
-4.496679
-1.809953
-7.174686
-1.227397
-3.94398
-7.03987
-5.513506
-7.104914
1.714446
-9.457826
-9.456531
1.607184
-11.345
-3.59534
-11.07383
-11.89388
-3.833429
-7.083445
-7.669739
-11.5172
-7.675526
-10.86742
-12.65254
-11.43017
-12.05317
-10.78396
-3.739639
-10.4819
-8.463028
-3.809393
-7.128608
-6.569434
-5.202838
-7.786681
-6.792723
-4.223098
-9.986435
-13.9302
-10.57197
-11.28196
-9.22009
-7.64008
-8.354442
-6.475865
-4.302708
-6.102483
-6.146589
-4.542698
-10.93833
-10.4872
-2.398719
-0.8689668
-7.136731
-4.926864
-8.309523
-12.67177
-8.204562
-3.677757
-5.123162
-12.27731
-6.433834
-7.76333
-10.20743
-8.66424
-6.239931
-3.342634
0.2204532
-7.838174
-3.88034
-3.14765
-13.46585
-5.87932
-7.652191
-6.730012
-11.68918
-4.147457
-3.311374
-3.015889
-8.739344
-2.257164
-4.266856
-8.222063
-9.666209
-1.756126
-6.207223
-2.187897
-2.436161
-4.479561
-10.22274
-12.07091
-6.854752
-6.438383
-5.997177
-9.55172
-5.922531
-3.466515
-5.73989
-3.665779
0.2549638
0.3448523
-4.825455
-1.442033
-4.440107
-0.02769736
-11.93306
-7.461289
0.8073692
-3.553157
0.1156786
-9.523217
-5.264643
0.2908204
-1.811599
1.976852
-5.372605
-8.18285
0.3701006
-5.339768
-6.985958
-5.198075
-3.190541
-0.1178817
2.310424
-7.44753
-1.123434
-6.947915
-0.8628921
-6.095938
-5.3479
-1.975336
-2.006394
-2.166826
2.611033
-8.391866
-3.162637
-0.5259161
-7.38031
-9.211997
1.246118
-1.140178
-1.240184
-3.85123
-5.038267
-4.832878
-10.41086
-8.365865
-7.262042
-6.359343
-3.969027
-3.344732
5.915298
-6.261833
-4.632173
-7.345331
-4.597602
-6.271411
-7.73743
-4.068367
-16.59862
-3.748469
-8.320304
-7.39899
-5.47295
-2.098593
1.93551
-9.266839
-12.18492
-6.297988
-7.389919
-0.5726541
-3.58885
-4.665257
-8.408194
0.01221656
-6.25878
2.169334
-4.855283
-7.58582
3.76618
-2.781928
-4.259084
-7.284271
-1.292617
-0.01411116
-3.939365
-6.533798
-9.593841
-6.355938
-3.375572
0.3453971
-2.469043
-4.523466
-3.55033
-5.331684
-4.285581
-7.821377
-4.743074
4.461075
-2.730029
-7.694186
-4.368549
-3.137337
-2.133468
-4.627635
-11.75478
0.6010572
-3.689315
-9.040044
-0.1148775
-5.290457
-3.487654
-2.553806
-5.267349
-1.440953
-4.630754
0.7670937
-3.368792
-9.363469
-2.399916
-2.736182
-2.140569
-7.291513
0.252462
-1.807705
-0.6905378
-4.982346
-1.124726
-0.9669167
-3.575105
-0.1680959
-5.16555
-5.379615
-13.51161
1.209255
-11.06515
-0.5253537
-0.1014308
-5.280071
-4.942238
5.147813
1.67825
-6.168524
-5.181088
-2.950123
1.390865
-2.481159
-0.3406348
-6.840446
4.74712
-2.323938
-5.899175
-12.39471
-0.5323795
-5.418485
-3.377416
-6.928672
-1.928822
-1.913763
-5.007843
-4.619475
-0.8465043
-11.56453
-7.433287
-4.490593
-6.121012
-2.013252
0.833005
-5.513169
-2.980791
-7.692211
-6.287083
-0.6995577
-8.065521
-0.3546105
-2.721615
-5.210491
-4.420817
-2.947115
-0.9163035
-10.70847
-1.612823
-2.880236
-1.338996
-0.6716606
-8.566254
-4.799322
0.4337197
-3.586659
1.783498
-4.455378
0.3660627
-0.8921284
-3.970581
-1.872899
-0.4096839
-7.772031
-3.700008
0.5673527
-0.4383287
-7.699373
2.613705
-2.925994
-0.4443713
0.4648107
0.7101004
-5.856614
-5.117975
0.4750151
-4.791511
0.469131
4.960929
3.617184
3.480835
1.273963
-2.422548
0.2766133
4.408399
-1.901347
-3.823233
-4.530641
-2.638243
-1.146577
-1.016286
-0.5042193
0.2035401
0.2462485
-8.009925
-1.584773
-1.410427
-0.3506215
-2.622888
2.173203
-1.910618
-3.221104
-10.95189
-2.520862
-1.483124
-4.242592
0.9825941
-0.965391
-6.772793
-5.91578
2.352793
-1.631824
-6.190736
-0.7913092
3.92895
-3.921548
-4.67575
-2.439514
0.7956012
-3.767111
-1.485308
-1.710072
0.7813679
2.603358
-5.671007
-5.213542
-1.33067
6.271206
1.538127
4.647764
0.1547878
-0.5585979
-7.654185
1.928123
2.524446
2.152631
-3.536852
-5.086174
-3.368131
0.8872461
-0.5427169
-2.146735
-5.698624
-7.87432
-2.600359
-4.956432
-7.841376
-4.369467
-2.103873
-1.831877
0.07860122
-5.856155
-7.36542
-1.476303
2.038461
-1.6843
3.376301
-1.742515
-1.079639
-8.884118
-6.167196
-1.418739
3.839933
6.733209
3.702688
-3.847603
2.584778
1.942178
-8.331618
4.749245
-1.399318
-0.3431108
1.543486
-3.819165
-7.511917
4.40244
-4.785921
-7.319654
1.147714
-0.9875823
-5.035909
-4.123439
-2.153723
-3.606757
-2.778791
0.03637309
-1.099678
0.3668789
-2.39052
-0.1505685
3.881361
-1.679231
0.1065663
-8.738683
-4.297962
2.2765
-1.505044
0.7989511
-0.4477416
-1.207619
-1.110523
-2.3536
-3.117793
-0.8982831
-1.218938
-5.197303
-0.5620081
-0.1915507
-2.055144
-4.080351
-2.314949
0.9240262
-1.765816
1.357412
-3.477804
0.6324519
1.78855
-5.930336
4.10349
-5.138227
2.523851
-2.766173
3.527686
-3.928612
-1.195727
0.2258516
-1.352331
0.07695376
-6.443267
-0.2796009
2.222342
-4.340402
-1.319297
-0.9334154
-8.427747
-4.900934
-1.56823
2.357863
-2.538486
-1.321223
-1.076177
-5.766771
3.054599
-7.511286
2.58384
5.716625
-0.8483233
-2.531316
9.773912
-5.151501
-3.302981
2.780755
0.9719614
-4.05316
0.8890259
0.5052741
-0.6516724
-2.955323
-1.755866
6.04425
-2.863805
7.626979
5.852356
2.188393
2.264303
1.988631
5.785498
0.8080179
3.956965
1.484814
-1.223605
-0.6165606
4.301197
-3.654904
0.7931663
5.96878
-5.493102
-7.262455
-2.775936
-3.050723
-4.893108
3.481967
-2.847656
0.7367278
7.585099
-3.958512
4.1464
9.62299
0.2141162
5.161174
-2.581101
1.279646
4.876022
3.213362
0.2196728
-0.9620634
-3.890038
-2.810476
-1.103869
0.2428716
9.196885
5.963066
-3.374426
0.5240592
0.04405308
-1.947723
-1.107697
0.9548693
4.381199
-0.6154754
0.8383747
3.555025
3.885619
1.224252
-0.9494706
-4.548834
2.299452
2.97335
-1.080836
3.381549
-1.60894
2.001612
6.002323
-2.086283
2.587835
3.883301
-9.290951
-5.835839
-2.478985
3.312536
5.223946
4.987597
2.670886
-2.188986
-0.9427143
4.890719
-2.640308
0.3115674
4.182108
0.7402553
1.023301
0.04333883
2.401293
-3.948455
-2.600394
3.325441
-3.930359
1.181664
1.348239
3.158204
3.298399
1.877301
0.7816237
-6.13408
4.865701
2.465325
-0.7637931
1.696146
1.277485
0.1126463
5.268817
-5.221048
2.195509
5.90714
-0.3887866
-1.08719
-0.2050658
5.956138
1.295123
1.413012
2.225896
-3.154446
-0.1131174
10.58058
7.482102
2.003627
0.1575559
0.8172387
8.32951
-0.7514668
2.122135
-2.246458
1.790885
9.676478
0.2808188
0.576506
-0.4492834
4.462654
5.84661
4.349233
1.084218
9.882462
-2.298898
7.889363
7.975312
0.5474761
0.9085135
5.395031
6.06462
3.807659
9.878753
2.097241
6.778034
3.313031
4.099015
6.741984
-2.295883
3.464503
-1.668907
6.96959
3.504275
7.434004
-0.701173
0.3369325
2.992459
4.917953
3.39241
-1.068411
6.287429
4.155232
3.529183
7.603089
1.406956
-0.1353171
-0.6583652
6.055399
5.01428
0.7838672
-0.02289936
7.992366
0.437135
4.508345
4.980426
6.962012
2.625564
0.1793388
5.774489
7.08074
6.833196
-1.743518
-0.2532721
1.79263
3.104727
7.150704
0.9123577
4.269611
1.86853
-2.342716
3.707397
1.117552
5.793479
-1.668014
2.288179
6.971243
-0.1388915
-3.522426
0.1671054
0.8298504
3.260594
5.458755
5.412971
12.0944
7.483857
5.438742
5.705141
-0.8998387
7.23952
3.787092
6.090628
3.890729
9.594643
4.508783
6.011102
3.39287
14.98463
10.01485
0.2141975
8.746114
6.013036
9.445477
2.400292
-1.567518
3.002884
7.215313
3.770597
4.207271
0.471975
1.344791
1.883447
1.916094
5.420885
2.684251
1.893553
3.052023
5.131198
5.665067
-3.195046
5.375805
0.9068111
10.76214
6.424225
4.496877
2.137627
6.302038
2.52453
3.495304
8.354523
2.136837
6.965016
11.29565
8.022016
8.305965
3.903993
-1.347002
5.517347
5.579741
1.179293
5.488149
1.600509
10.05446
6.56292
5.848456
14.33633
0.8502017
5.460304
1.78857
3.217304
9.418409
1.888374
7.940658
-8.569276
8.335185
0.1033598
4.202096
8.181974
9.075308
-0.1480064
6.054317
9.104084
-4.906176
0.7817741
10.76831
4.994665
7.787873
-0.8308061
5.893963
3.29546
4.176254
5.332473
4.008945
0.7840757
5.954578
3.633395
3.418444
4.3711
-1.521623
5.113259
-1.093768
4.651571
0.5590858
4.323868
6.688592
6.239857
3.593258
6.968587
11.8716
2.588311
9.181976
8.008971
8.399305
3.294601
5.646522
2.267098
5.712217
11.05903
5.703065
6.147208
8.124946
7.846811
5.875729
6.286396
3.272173
8.444555
13.43102
0.8501619
4.383082
13.27474
10.40401
7.388563
8.905083
9.21878
8.712952
10.76105
-0.1094385
7.932088
11.23135
5.473855
4.459175
1.317837
7.29188
3.981195
6.5253
5.232874
2.215057
11.38179
2.45944
2.561433
9.04818
12.14216
3.381407
6.43747
8.261564
2.893843
5.938356
8.204935
6.750448
-2.550208
10.3349
3.310053
6.874308
6.090603
6.729369
4.884197
2.760379
14.04906
4.739706
8.479458
6.725287
6.060389
12.8373
12.31972
5.352595
1.134062
7.001739
7.187137
14.09266
9.951729
5.071098
6.733466
6.68682
6.912168
11.62195
6.148253
5.119945
15.41097
2.753313
5.21435
-0.8091642
3.273766
5.757254
13.27971
12.55969
5.508145
10.26713
1.453234
5.925189
8.013367
2.364884
7.177479
-0.07372275
9.353319
6.335737
2.347483
12.75619
0.2461575
7.260489
7.526568
1.686644
3.354345
9.927058
8.299306
4.51251
11.68569
10.43487
7.137662
4.260615
12.79966
4.793912
10.53218
6.939879
5.399171
6.559664
7.467398
2.913826
9.416834
6.053784
11.37845
5.521898
5.032804
3.212097
13.78775
10.06317
4.492115
4.99238
12.75908
3.600438
7.789928
10.36988
13.77712
3.679142
5.893997
8.160651
2.010081
8.896847
12.29698
7.731856
3.157147
15.0781
-0.2439331
4.967124
6.684839
9.023121
6.987303
14.29444
9.149135
10.62595
4.376054
8.810644
14.8983
3.401691
9.299281
10.54965
4.683954
10.4486
0.01329148
7.499561
9.149752
5.175387
13.75211
17.54726
8.300369
5.030237
3.007255
7.678893
1.671643
3.982712
5.670372
11.98475
8.98038
10.67283
2.328067
10.81458
10.46944
12.55492
8.560239
0.7502086
5.119628
8.217748
8.384643
8.912229
11.19203
2.378669
9.902891
0.2356453
7.027596
8.68218
12.07991
3.141484
10.86362
9.533337
