21.71919
24.80174
16.93919
23.2507
14.60059
23.90569
13.73185
21.9352
12.2551
17.16831
21.62536
32.92864
0.1614814
24.34084
31.69522
24.7013
21.90667
16.68838
14.66699
7.523968
12.24081
16.50703
16.34709
12.17378
8.265796
15.24271
23.07145
9.728449
18.69247
14.60402
11.36153
15.23277
22.27769
21.637
13.68663
29.90597
26.2062
11.40072
16.59426
24.91459
25.81297
2.118123
17.32493
13.98189
17.39591
17.03667
15.99026
16.50812
5.941043
8.232016
15.33104
17.60255
5.1687
22.01785
15.93325
4.547317
-1.524715
25.7061
25.9397
-1.259499
2.643199
13.71583
13.45427
16.9917
20.1754
-1.666171
26.59636
15.62263
8.076596
10.7818
3.524364
6.337521
-5.894552
8.007808
24.48898
-2.042823
21.67111
4.933491
-10.59365
0.8631982
-1.705358
15.02224
11.11161
12.84096
15.1949
-4.789576
1.222506
2.891809
-5.834914
12.37218
9.189936
5.853323
12.07335
7.749029
3.285752
16.73577
19.11227
6.26782
-6.354802
2.212336
-5.905384
-5.329147
10.57575
9.274294
7.329717
3.617537
14.91475
5.044964
3.831682
3.527516
-0.05109324
1.346803
2.599736
18.26118
4.273484
13.44209
3.691622
-1.591892
-0.1689936
13.34775
20.98099
3.606076
8.025921
7.193084
4.606489
5.727193
6.291557
5.049256
5.583898
23.26083
7.575273
11.87613
10.58197
2.214664
10.19137
-0.4218542
9.029844
6.306679
7.568549
18.74386
9.38467
8.172061
13.14256
18.50958
10.27081
10.28576
10.20356
13.59659
23.07423
16.19089
5.577869
15.06995
4.752566
8.341937
3.062517
7.681388
6.658327
2.557204
10.53771
7.610413
12.9528
15.11237
12.57881
8.578122
13.82785
10.15617
-0.8866625
-2.565452
2.2885
12.1098
6.334135
15.9234
6.588358
18.14699
21.05737
17.82291
13.89232
-0.9497604
9.403456
1.193958
7.855444
0.371716
15.79544
11.3723
16.29771
14.97227
4.194273
13.68749
7.724783
14.39079
4.061777
6.8016
11.84083
14.44249
19.04231
6.593285
0.3041533
6.195166
23.44617
12.73656
-0.02467814
21.54147
16.2366
15.94033
3.438401
10.75507
11.61427
8.873044
9.416064
9.230297
4.755305
11.48639
19.0678
29.93447
-0.7677729
5.775134
17.84528
5.191707
2.498086
7.000127
19.85547
-6.005464
12.03627
10.82597
5.102642
13.0935
13.9559
20.08238
5.533822
9.079338
-3.460165
-7.909304
16.07544
15.39543
9.358107
-1.975109
7.367511
1.483598
37.37321
24.64845
6.956949
21.44451
0.8095861
18.2194
7.939874
15.66498
5.797028
11.71945
2.074284
0.7940047
3.462814
16.67555
14.21268
25.98147
6.548167
15.05537
6.635296
24.19517
4.744808
4.518308
20.7037
12.76858
3.717593
3.67794
12.28915
16.62761
20.214
9.621672
13.73725
20.53785
6.277967
14.70447
20.02428
6.834546
18.07134
15.49909
7.66418
10.15608
16.52764
13.0619
-4.164999
25.00438
14.96956
15.27878
27.71529
4.701337
13.99668
15.79624
7.934187
12.63975
27.48155
14.27842
15.7684
20.86009
18.8906
7.481313
16.86775
9.946514
10.20558
14.32191
9.435724
12.51493
16.62002
26.07579
10.88614
8.454554
15.8174
10.87129
11.69988
16.03979
8.54653
23.50741
-1.623062
1.579605
6.595106
10.6448
8.676494
16.52233
18.34289
19.75198
13.62962
6.844452
4.150916
22.46034
-5.795135
8.374526
10.47436
15.50724
11.41176
15.12574
16.36244
6.21689
-2.037837
21.18992
18.35072
4.585362
15.35607
17.60481
21.48531
8.04493
21.67276
23.24165
3.414149
21.65308
22.59404
29.33744
12.74862
2.743502
11.0437
12.65898
2.398786
7.689767
13.16267
12.47093
24.71378
25.79407
19.86507
11.1707
13.47998
18.49252
6.399378
15.64551
22.57427
18.71084
21.2228
9.337338
8.473511
36.5773
13.37199
16.09652
21.68709
19.23636
16.0277
13.65661
22.42392
26.10905
15.22711
10.81834
19.58491
27.50276
15.28113
24.75623
23.90848
16.09614
14.34722
22.65934
8.658072
20.12522
18.57404
4.53944
9.616664
20.98546
5.728763
19.24524
21.34357
22.43367
19.82008
8.496816
11.26923
15.05917
1.936739
8.575841
8.86124
24.2986
11.08489
28.20558
17.29266
10.13751
19.86952
17.90469
13.10724
14.54603
14.18728
6.346977
13.7058
13.10047
26.39847
34.2207
28.94908
15.57448
16.23493
20.30019
16.80625
14.48118
18.00451
8.931445
17.88195
7.607404
20.13847
17.57268
30.31698
9.383372
10.74814
11.8352
20.57767
14.29088
16.79161
14.44112
13.13187
23.73125
16.91105
9.770267
2.218303
18.69758
8.222866
10.98133
8.959821
17.7364
15.92997
24.66034
18.50773
27.57072
11.75526
13.64221
-0.2913622
21.78041
14.6929
10.0815
17.124
15.60557
11.03835
28.22199
23.67781
15.36486
22.33092
9.018717
10.63014
30.00394
15.18647
21.28067
22.8899
25.2179
7.443875
17.9527
12.46207
20.11742
16.38329
14.93258
20.56936
17.68793
22.00205
9.882661
17.10192
15.24041
20.48496
12.72292
22.6249
21.73914
6.489932
2.71535
18.59169
26.64037
30.04623
18.94093
17.84668
22.32094
19.20129
17.85449
23.83556
17.27374
8.420512
20.20645
20.12486
11.01255
24.56114
15.43012
11.57529
12.56976
15.82083
7.491661
23.44177
12.43197
9.229462
30.77389
12.96956
17.96125
5.991925
18.6125
13.53454
17.85901
22.36584
27.9367
16.23266
16.09072
10.60984
20.24935
11.8945
21.18188
21.16536
9.461806
11.71268
19.55751
20.60987
22.14274
27.41951
13.16413
12.75051
27.99237
18.27881
26.99489
34.45468
32.07432
22.16389
28.82679
13.05021
15.68367
18.66156
24.79788
11.55778
15.16381
19.91413
23.82123
11.313
20.01991
28.63239
19.2884
27.67484
17.1872
18.14968
11.60185
25.75087
16.67727
29.39339
21.89597
18.26464
15.53946
6.801217
8.592433
16.84896
14.8939
31.37744
17.17222
16.45364
26.91056
12.97498
20.25543
14.84711
18.30618
24.84881
24.14833
19.03554
21.75959
24.88942
20.36478
36.26449
22.67339
22.2129
21.08064
23.7238
23.64715
13.54668
17.76976
16.64867
20.73903
34.34893
23.4556
15.55498
12.12591
13.30502
23.79339
23.25914
24.65219
12.51083
21.03126
13.96598
11.57212
20.4947
18.21195
18.74458
16.19697
18.67994
17.7338
30.29685
21.9511
24.70892
19.31513
15.04584
22.28885
2.241769
10.88587
14.85225
12.95133
16.62117
11.16952
17.24757
19.93162
21.6218
21.64885
29.09221
29.32938
31.21768
17.9035
20.45153
30.90997
24.93704
22.70101
24.09929
15.46219
14.05015
25.46897
26.79042
14.61737
28.54406
21.26027
27.378
20.66598
33.97405
14.53476
6.077603
24.78396
17.7212
25.46855
30.15414
10.0694
9.422338
25.64816
9.998468
27.46189
27.48771
18.22542
11.64588
14.08066
29.17283
10.40378
33.22046
16.1223
3.698144
29.37104
43.51901
31.63377
12.73741
18.3066
35.17902
31.48806
19.97977
29.24686
25.13795
26.04094
33.4427
28.82642
26.6907
10.22683
28.75497
22.3406
36.99553
19.98596
42.46818
13.48209
26.71355
25.27369
26.08791
14.29715
29.39564
17.32256
28.09076
39.43694
31.09792
35.80025
34.21361
13.58781
27.70276
22.07224
30.50319
23.78453
28.52616
17.59478
30.95099
18.95362
8.882318
26.19221
26.68179
28.29253
26.219
23.29591
20.04258
32.43075
34.83763
18.6199
19.87561
19.04093
28.09155
28.50162
25.38515
20.21613
19.69323
9.966744
21.58132
17.33456
39.04173
28.68528
21.22355
30.30557
32.37389
25.07468
18.5717
13.23092
30.10294
24.31528
29.82539
30.47597
30.03468
38.66047
20.70959
17.93546
23.3285
37.29415
25.09178
17.40263
29.46133
23.59559
26.3705
16.1434
21.89721
33.26067
26.61839
25.67361
27.33381
28.47454
39.22492
12.87382
29.27248
27.4934
10.65869
24.90105
30.58887
35.71489
16.15297
29.39258
18.22051
44.76911
33.49455
22.49719
24.81174
16.7268
31.78615
24.14878
29.99079
37.26517
42.79575
28.02937
25.50955
27.47667
25.32576
30.42569
29.41309
29.27181
16.75471
21.19818
40.34159
29.33107
29.6222
16.48103
37.80437
33.85334
21.04638
26.13155
34.35837
27.82553
22.11657
24.61144
31.10289
22.37209
28.55509
19.75635
26.58048
16.38427
18.84781
26.76243
18.39216
27.63399
26.41284
34.99086
26.85518
32.37608
36.52924
21.05999
28.3479
25.16729
20.04049
25.97291
31.74171
29.84712
33.68244
27.61818
18.53266
18.89705
27.97456
26.38699
26.31958
20.15343
19.45283
22.39782
23.16345
28.12028
15.40433
27.42653
40.19982
18.07889
26.55083
38.04482
35.31546
23.84221
13.66414
32.4293
23.85435
17.94073
13.97259
32.20857
26.6061
22.15694
17.58261
27.47227
16.0795
38.81835
13.84497
26.13437
27.77642
28.13593
22.17547
28.75354
39.81153
25.70077
28.43251
34.1575
32.51357
29.11967
32.62511
25.46535
32.42104
40.25918
24.42463
26.70379
27.95328
31.29718
19.34643
27.51207
22.24494
29.90617
37.29431
26.76418
32.05157
42.42409
31.49841
31.87267
25.57787
42.54461
36.72413
15.95314
23.87697
32.08639
32.57593
30.82671
28.43854
33.60787
36.89283
29.88504
19.606
27.11624
26.2254
30.38718
14.02421
26.98306
31.07613
41.17749
34.72655
37.41865
36.06732
29.62291
31.21739
26.61113
23.99867
17.87977
32.38191
28.19315
24.29436
25.41043
25.01597
26.56228
30.03669
25.19257
21.28204
19.28695
23.09876
31.06168
49.26182
41.4126
24.95456
24.93165
38.63218
20.57749
30.23342
29.05945
25.60796
26.41803
32.16093
31.83381
26.65821
26.53599
24.40193
39.05876
25.59304
29.60659
20.32535
27.31912
24.71352
33.23536
31.56896
14.10649
22.78059
17.93658
21.81793
30.17739
31.44053
16.75422
16.16964
27.03264
27.52017
33.77527
38.75055
26.38194
30.20625
39.94555
33.48567
24.41679
36.69578
28.67717
31.63344
36.19282
36.67953
35.3548
28.11053
40.468
27.20863
30.92998
32.74651
31.93372
34.04909
34.33227
33.75567
34.06413
39.48367
35.24789
22.85838
34.57846
20.31185
31.25041
33.9793
21.16276
39.54557
31.25245
26.48558
17.11276
30.86915
46.12345
31.27289
35.3802
26.1277
20.90245
32.66116
29.11168
35.10664
25.76122
40.10335
32.73875
33.95357
27.21692
41.49562
30.06844
41.18581
17.87722
35.04984
25.94177
39.54204
38.89145
26.93855
39.14908
29.27263
31.26391
33.92237
25.43396
40.34001
36.92081
24.21621
38.16941
44.84006
27.93443
29.11171
29.64893
32.91865
30.07926
21.11695
28.81316
34.49537
25.70251
33.60368
29.72031
36.59402
31.11035
39.56664
35.72463
19.76401
31.67787
38.53629
43.02362
38.53324
30.40168
30.33127
30.32999
29.30304
15.55576
39.09732
32.15472
25.80838
38.68444
40.45975
