16.856426
6.567259999999997
3.167299999999999
6.6175
-2.151810000000001
6.23968
5.114253
9.254029999999998
-3.4129699999999996
3.208660000000002
3.2269299999999994
12.505190000000002
-12.2448986
12.73214
14.755889999999997
11.07845
8.096939999999998
1.4235499999999988
8.382521
-2.985372
1.35698
5.1332
2.851980000000001
-4.659869999999998
-0.7727459999999997
-2.980649999999999
6.680419999999998
-3.0853710000000003
4.60045
0.19767000000000046
-2.9206400000000006
1.3956
6.329039999999999
6.674470000000001
1.3647599999999986
14.06127
3.5174999999999983
0.23391999999999946
8.94173
7.2660599999999995
5.99888
-8.721316999999999
2.8922999999999988
1.8717699999999997
3.8845800000000015
2.679030000000001
0.09000999999999948
3.1893800000000017
-1.5502320000000003
-2.8207939999999994
-0.944329999999999
4.8626200000000015
-4.611493
7.406419999999999
-0.9289100000000001
-12.833243
-16.488475
7.586169999999999
6.57038
-12.382689
-4.467142
0.1030899999999999
-5.94946
-1.9162699999999973
8.86796
-15.646061
8.242810000000002
0.8793399999999991
-5.201974
-4.63538
-11.824816
-3.862469
-15.534198
-3.329801999999999
7.122670000000003
-17.595553
6.653779999999999
-7.447329
-24.19996
-11.0212918
-16.339517999999998
-0.5525500000000001
-4.704649999999999
-3.5745500000000003
5.709762000000001
-16.574596
-12.281714000000001
-12.663221
-13.824503
-2.2919
-4.916084
-8.026507
-6.518649999999999
-12.080171
-4.8756889999999995
2.797769999999998
3.9318099999999987
-9.42182
-16.769452
-13.396543999999999
-12.485641
-13.200019000000001
-5.3258600000000005
-4.526606000000001
-9.147283000000002
-10.846193
-1.2870000000000008
-5.841516
-13.298217999999999
-9.281573999999999
-13.541733240000001
-18.049387
-12.036514
5.593349999999999
-5.092718
2.8543400000000005
-2.1645919999999994
-15.361381999999999
-9.561675600000001
-2.7489399999999993
4.623539999999998
-14.819204000000001
-7.647459
-10.531376000000002
-11.699651
-9.160897
-2.9033729999999993
-9.959684000000001
-10.732572
5.404409999999999
-9.037637
-5.310659999999999
-2.4284099999999995
-13.430806
-6.130850000000002
-11.300914200000001
-3.513385999999999
-8.595951
-6.153740999999999
1.5648800000000023
-6.60084
-8.453469000000002
0.5477399999999992
5.1552299999999995
-5.778409999999997
-1.8429099999999998
-5.3338
-1.7194599999999998
5.5661200000000015
0.6782899999999987
-9.998041
-1.0951499999999985
-10.749214
-7.840883
-8.712703
-1.5932490000000001
-10.793932999999999
-7.626536
-3.49793
-7.844796999999999
-2.5640800000000006
5.572006
0.8788600000000013
-7.939267999999998
-1.501430000000001
-3.037180000000001
-13.9080625
-13.200672
-10.0415
-0.5061900000000001
-8.924755
2.0974200000000014
-9.757152000000001
0.08638999999999797
8.944169999999998
-4.66283
1.254389999999999
-13.925670400000001
-5.408654
-9.921021999999999
-9.980566000000001
-11.424154000000001
0.0809899999999999
-0.34049000000000085
3.291009999999998
4.48507
-1.258674
0.4937199999999997
-9.020487000000001
2.001190000000001
-7.321473
-7.4911
2.2628380000000003
-0.3960600000000003
2.2630000000000017
-7.425215
-13.1934067
-7.066193999999999
6.767309999999998
-3.7385400000000004
-13.682128140000001
4.266739999999999
-3.6312099999999994
0.3585899999999995
-11.170988999999999
-9.40194
0.1638199999999994
-7.403635999999999
-6.313036
-8.275413
-5.0504560000000005
-7.889479999999999
3.8178699999999974
16.66032
-13.827162900000001
-8.141435999999999
-0.13481000000000165
-1.824763
-5.976482
-7.2063630000000005
2.5820399999999992
-18.995863999999997
-5.92226
-5.698860000000002
-6.532898
-5.035569999999998
0.68764
6.35196
-11.429997999999998
-5.2014320000000005
-17.081235
-14.701018999999999
-4.93355
2.8089399999999998
-5.375413
-13.379069
-0.7880830000000003
-12.058271999999999
20.08727
5.974039999999999
-5.770891000000001
6.953530000000001
-8.0462969
4.110990000000001
-8.306456
-0.25197999999999965
-7.153671999999999
-3.387599999999999
-12.696895999999999
-15.910145299999998
-9.141996
2.339360000000001
-4.629489999999999
7.262050000000002
-7.654203
-1.4347700000000003
-8.644154
8.091380000000001
-9.335761999999999
-9.566372000000001
2.086500000000001
-2.9567499999999995
-8.481017000000001
-10.54804
0.4175399999999989
4.03285
0.14174999999999827
-11.037018
-3.8466699999999996
2.706759999999999
-7.701753
-5.493590000000001
0.7526100000000007
-7.219914000000001
4.32756
-0.2145299999999999
-3.1607400000000005
-10.365770000000001
-0.6992099999999972
-2.1757299999999997
-18.785769000000002
9.87531
-1.0516500000000004
-1.3993599999999997
6.0221599999999995
-8.471753
-4.780289999999999
2.989979999999999
-5.118433
-4.436119999999999
9.849049999999998
0.8670400000000011
1.0791399999999989
1.61449
1.2194299999999991
-8.779406999999999
-3.715119999999999
-7.786625999999998
-8.882489999999999
0.2935300000000005
-8.042345999999998
-4.236640000000001
3.274370000000001
8.345200000000002
-11.07146
-9.364806
1.1568799999999992
-3.5164899999999992
-9.06136
-1.5283100000000012
-7.002139999999999
7.18544
-15.420102
-17.117784999999998
-12.411254
-2.1694899999999997
-10.683176000000001
-1.7053699999999985
-0.08240999999999943
5.480499999999999
-8.49907
-11.189457999999998
-13.923044
3.1500299999999974
-21.424785
-10.434453999999999
-7.814689999999999
0.6311400000000003
-3.557260000000001
-4.5747399999999985
3.93098
-14.01934
-18.627717
1.0752300000000012
3.7900199999999984
-8.819678
2.85759
3.31151
2.494229999999998
-9.75561
1.8402199999999986
-1.14696
-16.210641000000003
5.1041799999999995
13.088667
6.873799999999999
-7.867769999999998
-11.829008
-0.9424200000000003
-0.017100000000001003
-12.694694
-3.593833
-6.076639999999999
-3.7964100000000016
6.08614
4.943740000000002
3.243030000000001
-2.4170999999999996
-2.6960700000000006
-1.9618000000000002
-7.676052000000001
1.4356100000000005
-1.0417000000000023
0.11495000000000033
7.272209999999999
-6.402811999999999
-9.262089000000001
14.730250000000002
-2.88467
1.004760000000001
4.5132600000000025
-0.5298400000000001
-2.599119999999999
0.17557000000000045
5.292489999999997
8.058039999999998
-5.160530000000001
-3.12894
0.6934299999999993
10.0369
-2.1160200000000007
3.475369999999998
8.51383
-4.383230000000001
-3.058419999999998
2.7106199999999987
-7.860378000000001
-1.8547500000000028
-1.5050799999999995
-15.53667
-4.183375999999999
0.8467300000000009
-6.2177169999999995
-4.410910000000001
2.0876899999999985
4.591169999999998
2.362000000000002
-11.006724
-0.12458999999999953
3.3901199999999996
-9.670111
-8.136819
-4.49635
3.8274800000000013
-10.18191
8.508600000000001
-3.6280399999999986
-10.037339999999999
-0.4269399999999983
4.856939999999998
-3.0796600000000023
-3.4655000000000005
-11.059960000000002
-6.583633
-2.79608
-3.868499999999999
1.9112599999999986
19.04805
11.462419999999998
-5.488100000000001
-1.8756400000000006
-0.9335699999999996
6.657189999999998
0.7747700000000002
-0.3256300000000003
-5.719785
-1.3014599999999987
-9.697936000000002
6.029690000000002
1.3852599999999988
4.998850000000001
-4.035968
-6.71369
-9.66815
6.896160000000002
1.17319
-1.1421100000000024
-5.655199999999999
-7.425530000000002
6.910270000000001
0.5783699999999996
-7.236733000000001
-6.501453
1.4441299999999977
-4.1355640000000005
-2.6672700000000003
-6.307899000000001
1.964179999999999
-0.9700199999999981
3.290180000000003
0.7576199999999993
10.67584
-3.4087999999999994
-10.07455
-17.8801322
2.42474
-5.4887
-1.9265899999999991
0.2786799999999978
3.0646500000000003
-7.195970000000001
2.6158800000000006
7.1419999999999995
-1.921479999999999
2.7565199999999983
-7.274462999999999
-6.766909999999999
6.92116
-6.634910000000001
0.3797700000000006
5.3347000000000016
2.2515399999999985
-11.652985
0.04712999999999923
-8.020299999999999
0.4726299999999988
-4.9110499999999995
-7.546270000000002
4.27572
-6.195529999999998
-0.11015000000000086
-2.6417789999999997
3.98034
0.03905000000000136
1.4172100000000007
-2.0939499999999995
2.857680000000002
3.2265499999999996
-8.940258
-14.188879999999997
-1.5393800000000013
3.438220000000001
4.774610000000003
-0.06506999999999863
-3.0726200000000006
-1.6641000000000012
0.9365699999999997
-1.427430000000001
-0.05564999999999998
-0.10833999999999833
-8.850708
0.6055899999999994
5.413980000000002
-6.20321
1.5505700000000004
-1.9124999999999996
-8.346729999999999
-2.9370899999999995
-0.35623000000000005
-9.555478999999998
1.1506000000000007
-5.128710000000002
-9.494898000000001
14.593800000000002
-1.4456000000000007
1.6075400000000002
-9.219565
-4.98311
-1.0126500000000007
-0.49794999999999945
5.310109999999998
11.67851
-0.9204900000000009
-6.842459999999999
-7.453570000000001
0.5256499999999988
-8.377309999999998
-0.785029999999999
4.793900000000001
-11.106434
-8.04877
-4.806699999999999
-0.0548099999999998
-1.9296000000000006
2.4717199999999977
-0.5403099999999998
-4.445819999999999
6.767860000000002
0.6828000000000003
6.477040000000002
14.710790000000003
5.23011
4.3201
8.741149999999998
-6.351179999999999
-0.5430200000000021
6.568760000000001
6.500049999999998
-7.6969600000000025
-0.790890000000001
1.5413899999999998
6.047249999999998
-3.567589999999999
3.2178000000000004
8.79111
4.7454
9.53397
-0.5347799999999978
0.2979699999999994
-7.646489999999998
6.66676
1.792300000000001
6.80593
4.538809999999998
0.9283000000000001
-3.59643
-7.705652999999999
-5.747927000000001
-4.189529999999998
-2.09248
12.324750000000002
-4.563549999999999
-5.96865
5.97062
-3.2727699999999995
-8.07611
0.7381900000000012
-3.6069899999999997
4.60783
7.507850000000001
-2.8167100000000005
4.1732499999999995
5.51333
2.53369
10.115890000000004
6.712100000000001
3.6039200000000022
-1.8714399999999998
4.299389999999999
1.8012200000000007
-4.01066
-8.26239
-3.3315699999999993
-1.678329999999999
13.161760000000005
8.98526
-0.7205799999999982
-5.112029999999999
-2.504159999999999
2.0183599999999977
1.42577
0.8179700000000025
-6.25925
3.2037799999999983
-1.6986500000000007
-5.184379999999999
-0.6968799999999966
3.9815200000000015
-3.277250000000002
-2.2358699999999985
-2.0039900000000017
3.040709999999999
10.15229
-0.43803000000000125
8.461459999999999
-3.06269
-3.415899999999999
5.874030000000001
-14.955391
-3.664249999999999
0.17515999999999998
-7.68136
-5.722470000000001
-8.628189999999998
-0.07638000000000034
3.773159999999997
1.8248099999999994
-1.8599800000000002
8.075770000000002
7.04307
9.156180000000003
-2.1378299999999975
-0.7355199999999975
7.780070000000002
-0.2553599999999996
0.08410999999999902
7.089449999999999
0.36927999999999983
-2.442449999999999
3.03632
6.153290000000002
-5.08741
7.830770000000001
2.5250499999999967
6.322019999999998
3.8424700000000023
11.44924
-2.9894799999999986
-13.142807000000001
6.094799999999999
-2.2358499999999992
4.0272700000000015
8.921610000000001
-4.66409
-8.476012
-0.16034999999999755
-11.643151999999999
5.634499999999999
5.471599999999999
-2.7750400000000006
-3.0467200000000005
-6.368
3.0862900000000018
-11.80149
12.524490000000004
0.0333699999999979
-10.648086
4.517520000000001
23.012230000000002
9.19409
-3.9616000000000007
-3.0244999999999997
9.16797
13.429100000000002
0.19228000000000023
4.608420000000002
0.6722999999999999
0.31954999999999956
7.595810000000004
7.445079999999997
1.2517600000000009
-8.77635
12.250689999999999
-0.6457100000000011
11.465680000000003
0.39509999999999934
19.848809999999997
-5.494420000000002
5.764280000000003
6.1846
0.9324300000000001
-9.26102
6.014340000000001
-1.2823799999999999
6.34309
21.11453
8.520779999999998
10.405249999999999
6.758560000000003
-8.305290000000001
8.14048
-0.09921999999999898
8.68039
-2.016490000000001
4.548370000000002
-0.20675999999999917
6.647380000000002
-0.6506299999999996
-9.547022
3.8625100000000003
4.959589999999999
6.97578
3.810200000000002
6.573069999999998
2.3014800000000015
10.438290000000002
12.589779999999998
-1.84178
-4.599989999999998
0.7213999999999992
4.378550000000001
5.32883
1.2601499999999994
-2.328009999999999
-1.9401100000000007
-4.894536
3.3849400000000003
-3.4947100000000013
13.77103
5.00891
2.2310300000000005
7.809739999999998
10.990560000000002
5.643180000000001
-6.775300000000001
-4.71109
6.44031
2.13073
6.788399999999999
10.279309999999999
4.570510000000002
14.121529999999996
-1.2010600000000018
-3.1024100000000026
-0.4728100000000026
19.890340000000002
-2.173020000000001
0.31434999999999746
7.15174
-0.14026999999999745
2.1808200000000006
-5.8827500000000015
4.26783
6.896499999999996
5.487570000000002
5.823609999999999
3.6182599999999994
3.7464600000000026
15.155469999999998
-5.583689999999999
2.9817600000000013
2.1823200000000007
-6.835360000000001
5.398480000000003
4.381540000000001
14.250919999999997
-0.7602399999999996
8.20488
0.4012100000000025
18.9103
11.980639999999998
-1.0332800000000013
3.63448
-4.398149999999998
7.714649999999999
-0.44872000000000156
1.1111900000000006
8.192929999999997
11.854669999999999
3.666170000000001
-0.6339900000000007
5.053259999999998
5.8886
7.997989999999998
2.6782600000000016
6.08315
-4.745370000000001
-2.9182500000000005
15.625299999999996
5.83278
8.79803
-2.810600000000001
13.399349999999998
6.689880000000002
-0.14836000000000027
2.775470000000002
7.636950000000002
2.5814699999999995
3.2258899999999997
1.6691600000000015
6.986229999999999
3.8266899999999993
6.893920000000001
-0.7592599999999976
6.938470000000002
-3.5710799999999985
1.3452699999999993
7.336889999999997
-3.311
0.21953000000000245
2.2268799999999978
12.926109999999998
6.054020000000001
10.168640000000003
12.135280000000002
-2.8238100000000017
3.9498800000000003
6.018190000000001
0.031449999999999534
8.061509999999998
8.21021
5.708960000000001
7.75329
6.70674
-2.0228600000000014
-5.992619999999999
6.111000000000001
1.3889899999999997
2.1036199999999994
5.44749
6.285179999999999
-4.048580000000001
0.9961400000000005
5.7743199999999995
-5.271130000000001
4.352450000000001
13.186360000000004
-3.0337499999999977
5.090820000000001
12.847630000000002
7.958720000000003
-1.0485899999999972
-1.6039399999999997
12.485989999999997
5.09366
-8.03612
-7.056829999999998
3.4015800000000027
-2.499329999999997
3.2683
-1.9152699999999996
1.3838100000000004
-2.2026199999999996
9.768420000000003
-8.35905
4.800540000000002
2.670530000000003
8.99466
-0.043019999999998504
-0.759719999999998
17.31346
4.10333
3.784230000000001
13.668109999999999
14.221340000000001
7.27411
4.109819999999999
3.879339999999999
8.325949999999999
18.359840000000002
5.98152
3.3857300000000023
7.71509
8.4968
-5.020759999999999
7.3406800000000025
1.4144499999999987
8.37565
16.1457
2.380559999999999
9.957799999999999
17.6277
13.53277
9.298359999999999
1.9280299999999997
15.896989999999999
9.664240000000003
-2.813340000000002
0.28492999999999924
11.399740000000001
13.594649999999998
6.521849999999997
4.374769999999998
8.253259999999997
13.580639999999995
9.729980000000001
-3.5606299999999997
9.38279
-1.1662700000000008
8.486270000000001
-8.751439999999999
-1.168020000000002
9.04028
17.88512
6.0801700000000025
16.3299
13.512670000000004
0.7318700000000007
7.943850000000001
6.493019999999998
5.413050000000002
-5.753419999999998
10.165609999999997
5.10154
3.99671
4.151570000000003
3.6248000000000005
7.97541
4.148990000000001
8.654419999999998
-0.7341200000000008
-3.6379199999999976
1.4664399999999986
8.9174
19.170840000000002
14.048869999999997
-1.3179300000000005
8.97774
8.781389999999998
3.2267100000000006
9.411069999999999
11.960759999999997
0.5884099999999997
5.06597
8.003800000000002
3.52609
2.2265300000000003
1.7561600000000013
4.96904
14.140439999999998
-0.3610199999999999
7.911010000000001
-5.012129999999999
4.858260000000001
2.1372999999999998
11.268249999999998
8.1704
-9.797329999999999
4.18469
-4.595300000000002
-0.5111799999999995
6.45382
10.564239999999998
-1.2504600000000003
-5.547789999999999
2.444600000000001
1.4437299999999986
6.603059999999999
11.509649999999997
3.0054799999999986
4.481170000000002
16.312869999999997
8.19268
-5.327760000000001
9.750159999999997
2.615919999999999
1.4756800000000005
11.288999999999998
10.121759999999998
11.820099999999996
-0.06196999999999875
14.395040000000005
0.24446999999999974
4.502890000000001
11.24176
6.395710000000001
10.216650000000001
9.854500000000002
12.744120000000002
13.344059999999999
14.392379999999996
11.795779999999997
-3.3309999999999995
10.007190000000001
-5.21949
6.528599999999997
7.8873900000000035
2.051129999999997
13.42776
5.134180000000001
0.9441399999999973
-1.824819999999999
7.58802
16.608259999999998
4.330269999999999
6.906220000000001
4.032620000000001
-4.010109999999997
8.450250000000004
7.0352299999999985
11.528319999999997
-0.48468999999999696
16.486909999999998
1.392350000000004
8.391279999999998
2.6578199999999974
16.83406
2.666719999999998
14.481099999999998
2.660120000000001
9.029710000000001
1.958090000000002
10.871659999999999
17.78689
2.447800000000001
16.739379999999997
5.50685
2.62059
8.503220000000002
2.2377800000000008
12.60547
14.321370000000002
0.7196800000000003
12.566759999999999
21.195130000000002
0.7359399999999994
5.883609999999997
8.651700000000002
11.55163
3.399750000000001
-3.754380000000001
5.458390000000001
8.520990000000001
2.7898700000000005
8.052529999999997
-0.24738999999999933
9.973010000000002
10.120920000000002
15.179099999999998
11.416229999999999
-4.028130000000001
9.255429999999997
12.251630000000002
14.15804
13.488199999999999
6.29758
10.914000000000001
4.471409999999999
0.6723199999999991
-3.441189999999999
13.478850000000005
5.003639999999997
-3.6974799999999988
9.720300000000002
13.57374
