3
8
41
70
72
86
105
125
134
140
146
163
214
272
277
288
302
309
397
399
413
436
451
479
482
504
549
564
567
573
582
585
601
635
647
662
742
767
791
796
804
885
889
900
912
921
924
936
954
1019
1026
1054
1059
1065
1069
1105
1130
1142
1203
1207
1249
1252
1254
1260
1261
1283
1308
1317
1318
1328
1336
1367
1402
1476
1481
1482
1490
1546
1547
1569
1571
1575
1577
1610
1643
1644
1661
1664
1701
1716
1732
1734
1766
1808
1813
1822
1849
1864
1898
2003
2026
2036
2054
2082
2159
2238
2253
2256
2267
2280
2343
2345
2350
2372
2378
2414
2435
2440
2449
2454
2482
2502
2504
2540
2548
2572
2578
2615
2631
2641
2649
2650
2666
2669
2670
2694
2702
2718
2723
2769
2785
2789
2823
2878
2910
2918
2927
2936
2982
2983
2987
3023
3044
3056
3094
3113
3117
3122
3129
3133
3165
3195
3222
3259
3290
3302
3314
3346
3368
3377
3378
3397
3411
3414
3419
3473
3475
3484
3515
3519
3553
3569
3580
3583
3592
3612
3622
3628
3633
3634
3660
3718
3724
3732
3742
3746
3765
3776
3803
3811
3832
3840
3910
3923
3937
3968
3984
4006
4011
4021
4057
4126
4150
4226
4229
4233
4240
4274
4291
4322
4375
4381
4395
4411
4415
4421
4424
4445
4464
4509
4559
4570
4578
4606
4609
4644
4678
4696
4697
4700
4777
4801
4814
4835
4838
4879
4904
4907
4976
5000
5021
5036
5068
5077
5092
5127
5134
5142
5163
5212
5219
5237
5276
5281
5282
5289
5306
5317
5319
5412
5416
5419
5431
5432
5447
5486
5488
5519
5572
5637
5641
5645
5687
5706
5735
5779
5786
5788
5794
5803
5845
5866
5906
5922
5966
5969
5976
5977
5993
6002
6024
6028
6045
6067
6075
6085
6097
6108
6123
6126
6136
6142
6147
6161
6178
6214
6250
6259
6262
6267
6279
6280
6288
6303
6348
6369
6379
6392
6407
6477
6484
6510
6544
6562
6612
6653
6685
6691
6738
6749
6778
6783
6785
6799
6814
6848
6857
6929
6930
6941
6972
6978
7022
7083
7086
7103
7105
7115
7117
7120
7134
7138
7173
7182
7221
7271
7273
7275
7293
7303
7342
7363
7395
7406
7418
7423
7430
7436
7447
7475
7509
7529
7531
7556
7588
7630
7638
7647
7673
7688
7704
7717
7721
7751
7773
7788
7800
7803
7807
7817
7818
7828
7831
7843
7852
7869
7887
7922
7944
7974
7984
8007
8014
8074
8080
8099
8125
8129
8142
8147
8169
8187
8197
8209
8210
8212
8228
8282
8360
8386
8445
8478
8504
8509
8528
8530
8540
8560
8579
8612
8701
8763
8767
8795
8797
8826
8828
8867
8869
8891
8952
9021
9022
9035
9059
9112
9116
9118
9131
9132
9152
9223
9227
9228
9242
9264
9289
9323
9376
9381
9394
9420
9440
9441
9445
9490
9494
9496
9501
9524
9527
9539
9570
9629
9650
9666
9711
9722
9729
9730
9731
9738
9748
9755
9790
9801
9820
9840
9893
9903
9918
9935
9944
10047
10070
10086
10095
10099
10111
10113
10122
10126
10136
10196
10202
10244
10257
10265
10303
10311
10390
10406
10448
10483
10490
10512
10560
10572
10600
10624
10632
10680
10702
10703
10713
10722
10724
10747
10758
10776
10829
10848
10857
10895
10896
10941
10942
10956
10961
11008
11009
11031
11032
11050
11055
11108
11137
11141
11144
11151
11186
11193
11205
11224
11228
11232
11240
11245
11246
11281
11288
11304
11309
11321
11331
11353
11366
11385
11398
11424
11440
11461
11463
11476
11495
11516
11525
11553
11555
11583
11593
11601
11612
11613
11642
11646
11654
11658
11672
11704
11749
11769
11774
11804
11815
11819
11836
11902
11914
11927
11964
11973
11982
12035
12045
12104
12121
12133
12148
12157
12236
12278
12307
12333
12360
12372
12396
12408
12417
12478
12484
12499
12503
12520
12530
12607
12664
12689
12736
12739
12755
12771
12775
12781
12840
12901
12924
12947
13019
13026
13036
13061
13076
13092
13094
13151
13197
13209
13213
13220
13227
13248
13299
13301
13341
13362
13366
13401
13448
13454
13456
13463
13535
13553
13559
13598
13603
13615
13637
13660
13678
13697
13703
13727
13730
13734
13741
13801
13818
13852
13879
13886
13887
13906
13928
13952
13958
13965
13966
14005
14026
14027
14079
14124
14128
14132
14137
14155
14166
14258
14265
14298
14314
14322
14350
14379
14412
14435
14440
14465
14476
14479
14494
14512
14536
14571
14599
14616
14630
14641
14649
14653
14683
14685
14694
14701
14720
14731
14754
14787
14848
14861
14872
14895
14907
14911
14919
14920
14938
15000
15004
15015
15030
15080
15092
15107
15131
15165
15203
15209
15219
15274
15296
15312
15320
15328
15334
15336
15340
15363
15390
15393
15436
15440
15448
15471
15486
15517
15562
15563
15564
15573
15605
15643
15674
15702
15707
15721
15732
15757
15776
15815
15823
15838
15847
15855
15889
15904
15919
15923
15958
15971
15982
16004
16008
16016
16020
16025
16032
16050
16067
16070
16077
16092
16096
16106
16117
16146
16182
16191
16194
16232
16265
16266
16290
16295
16303
16343
16345
16349
16356
16387
16394
16424
16452
16486
16520
16588
16615
16657
16658
16668
16706
16823
16829
16858
16865
16925
16953
16961
16989
16998
17004
17018
17073
17110
17133
17145
17155
17168
17204
17208
17218
17236
17270
17281
17286
17319
17334
17338
17367
17369
17377
17390
17393
17411
17436
17465
17469
17483
17489
17503
17507
17527
17604
17605
17611
17622
17630
17674
17698
17725
17768
17777
17779
17789
17794
17817
17877
17906
17942
17962
18001
18021
18080
18120
18141
18164
18168
18205
18247
18277
18285
18306
18340
18353
18384
18396
18398
18424
18457
18462
18493
18504
18513
18519
18551
18606
18628
18639
18651
18654
18666
18682
18683
18702
18704
18718
18724
18770
18788
18805
18810
18841
18883
18885
18899
18906
18914
18977
19041
19058
19064
19066
19078
19125
19143
19188
19194
19240
19303
19313
19326
19332
19348
19439
19448
19460
19467
19472
19486
19502
19543
19545
19549
19586
19609
19619
19635
19699
19720
19736
19743
19747
19754
19775
19779
19787
19800
19829
19854
19856
19871
19889
19899
19909
19939
19958
19975
19997
20007
20022
20092
20098
20106
20143
20165
20198
20225
20236
20244
20291
20304
20308
20312
20316
20331
20337
20363
20373
20376
20407
20408
20481
20508
20517
20527
20581
20595
20612
20625
20641
20670
20703
20719
20732
20749
20756
20759
20785
20805
20845
20868
20935
20965
20967
20994
21005
21028
21047
21063
21067
21076
21095
21096
