15.56251
20.44677
18.207
19.42277
22.68244
13.27318
16.34488
13.69174
15.6022
11.27509
17.6092
12.87596
17.24959
18.64332
16.0953
8.370364
17.25418
17.16172
19.84395
20.64989
11.78115
13.56516
15.96127
17.93999
19.90233
15.42711
22.88072
12.95488
17.4962
14.62111
27.89351
20.01764
15.48077
20.98478
21.79304
18.92233
28.59225
12.1567
27.65505
29.62684
21.09393
12.33552
25.08509
3.906996
13.39363
13.29041
15.48999
18.93877
9.359695
16.30565
14.28437
12.04608
19.037
17.90492
14.27682
15.39787
8.400457
15.13879
4.050977
18.08798
5.04946
9.351677
4.292009
-0.6735309
8.197872
11.0805
6.927945
10.12382
3.720967
4.433637
11.35526
-6.159595
12.57828
-3.038474
9.866573
9.25444
13.98393
15.14286
3.386761
4.315335
5.512116
11.61569
8.813514
5.849572
1.716714
2.801422
0.6522341
-1.138604
4.191733
4.705366
6.204388
4.321205
20.01517
8.360958
12.69113
3.865595
16.39961
4.550847
11.79838
7.478128
11.08014
9.689799
8.118061
10.63311
13.12379
8.017675
1.544693
2.204114
-2.38646
2.660341
10.75305
9.084703
8.056467
5.459964
12.39206
2.631698
1.839817
7.355811
16.61574
12.26314
3.396071
-1.036862
4.74994
7.492793
5.192223
2.491904
8.558544
13.13323
5.027066
5.431039
14.19319
16.8967
9.862735
9.047038
8.176197
0.09414577
6.983746
10.62612
6.530501
17.7036
4.314107
7.886185
7.395964
11.48
7.684801
9.568337
2.759295
4.067058
1.699309
8.01629
10.69971
8.461937
0.8070388
-0.6323091
20.26452
6.626921
14.41301
6.934748
12.62944
5.351623
9.5539
10.1853
17.91055
5.838044
8.443406
11.8511
20.03648
8.715327
20.88448
5.998756
11.19186
14.31018
12.9937
8.883323
15.4441
10.62389
5.701179
4.284118
6.158786
6.462526
16.46421
11.6299
15.41178
13.04408
2.852124
15.42877
6.711396
14.61478
14.76549
9.20362
6.824276
7.444026
2.376205
7.142743
12.49624
6.136476
12.52584
3.243595
1.815336
11.59176
8.877168
9.885066
0.01259947
9.036163
5.045444
18.37064
8.708873
15.27552
13.67223
7.601158
14.19913
5.349144
6.397616
8.940913
5.657907
15.5307
10.03755
10.71855
9.801606
4.985924
0.8663862
10.31742
8.606807
11.0271
7.563222
7.339965
12.53584
19.80337
8.984746
14.07559
12.75441
0.6188703
8.795268
14.05292
10.27986
7.797513
11.31747
16.18231
4.844464
16.32858
12.27342
6.74881
7.232848
8.282692
10.54147
18.25716
8.480493
16.86594
11.95144
3.205935
14.48671
11.63202
13.92806
4.344425
15.28038
9.640441
17.86625
17.58566
11.26912
4.504423
15.57029
23.43913
13.79601
13.44329
5.977641
12.78009
14.4955
18.18497
1.954605
13.05381
10.44627
14.14125
10.28006
18.36334
5.528035
18.34296
12.64682
15.8911
10.63899
8.423463
13.68561
9.537456
12.08017
16.05938
5.586417
19.43908
11.84537
10.56434
6.111931
17.05263
18.24896
8.337157
17.2648
7.368384
18.06589
6.379109
9.594242
7.481644
6.92094
9.149635
10.33327
10.58587
10.29779
10.93876
16.70335
12.62795
4.917819
10.97909
9.685808
5.920989
14.27728
6.819777
20.80624
6.138334
16.62785
21.06909
10.821
8.193765
8.03244
6.390522
18.78381
16.7877
10.76716
12.28191
16.24354
2.253795
13.22687
14.18472
18.4638
15.18978
6.584345
12.62261
6.144031
7.505429
10.44587
5.190271
20.36831
11.77929
17.80616
16.51378
5.733072
9.745166
14.64896
22.3341
8.253714
12.63252
14.65984
6.625137
7.164131
14.21446
21.7137
15.59114
13.73884
17.73551
7.797256
18.2488
13.98568
10.17392
16.2061
16.33052
19.45716
24.96094
22.48216
15.96744
11.99719
14.43128
6.048483
19.74317
13.88173
16.32705
13.41028
7.831317
23.15903
19.39994
24.30559
20.20094
20.83439
11.01776
10.79545
10.74452
20.91844
18.3732
12.2406
17.49561
21.85239
9.472398
16.74167
11.54917
9.912451
16.37592
22.06465
19.3024
14.95769
14.94092
18.04347
18.05538
12.22363
17.87283
18.87558
16.42956
11.59586
14.03686
11.33304
17.90557
25.09465
15.93189
14.36826
16.49045
7.364259
17.09971
8.45714
13.69832
14.85739
8.552162
11.07597
16.58574
24.8525
15.87596
13.33864
24.96159
11.67234
15.79565
13.32988
19.3484
19.61376
21.79267
16.62785
19.55883
24.95376
12.62554
16.0369
16.54514
11.33696
10.94539
16.1172
11.43163
7.037161
2.027762
15.51246
15.06194
27.56335
24.21796
15.84489
10.96849
16.54691
9.294221
20.36793
18.2891
21.69384
21.24831
16.4162
14.49436
9.21503
23.63334
19.9209
18.81981
23.22637
10.46109
18.49092
15.51703
22.65042
23.92349
15.56505
7.993009
17.16042
18.47769
27.94661
21.3299
18.80061
14.89386
26.46936
19.39264
11.52084
23.66642
17.1861
23.92365
13.46944
14.91502
23.42332
21.4164
13.38899
17.22095
20.32605
18.43147
12.68689
16.73886
15.11348
15.51989
19.35858
11.52539
19.27609
17.49081
26.86004
16.79019
13.05959
18.16857
14.91844
12.28917
15.06455
17.27603
22.97219
24.19263
12.80085
13.26369
12.19704
18.24866
18.15994
22.91002
16.25908
23.11499
15.5207
18.96351
21.80366
13.81515
17.62462
13.29957
20.41503
18.72714
19.0371
26.27452
15.9603
11.98092
17.60613
22.91071
13.25656
17.40601
17.65139
24.66283
15.49458
21.52912
23.59048
15.80659
18.9083
12.42966
22.6518
14.64765
24.05917
17.50644
13.75495
15.07999
17.13636
9.470788
19.49843
8.782228
11.46128
11.96703
12.65343
20.65441
19.93643
17.07095
23.84544
12.68965
20.39128
22.08708
21.98683
24.74162
15.88764
25.80719
31.61146
17.03673
17.15044
21.43332
21.07274
16.10939
13.77142
22.44287
17.25248
21.22131
21.6757
22.72695
18.82115
17.46232
23.89321
15.68766
16.92479
21.75103
22.95312
16.92535
12.86621
23.68386
18.37658
25.25301
18.18064
29.17731
19.49988
24.85178
16.98975
21.17508
11.48005
19.1636
18.50881
26.50761
15.85273
18.76338
26.22711
21.70789
27.36083
19.31442
16.97721
24.1513
11.24164
23.93638
19.70631
16.92641
28.07645
27.81578
19.88863
17.67919
22.55372
22.32535
32.07678
18.0749
23.07226
20.62512
22.01649
26.75184
23.44646
23.91193
16.78393
24.46258
23.41449
15.73514
25.49553
19.10779
14.8529
18.56946
17.70685
15.11088
22.25433
18.57777
18.62226
25.27995
15.52187
18.42639
23.85842
24.85735
20.86736
26.38742
21.66819
16.34724
17.45148
14.69641
23.59755
17.95094
26.28234
11.38773
25.18727
22.33954
23.51646
31.55957
22.92868
22.06393
15.78096
20.48175
16.57883
14.28285
23.58487
23.03165
26.54699
32.29919
20.53583
29.28623
19.39532
21.63342
22.92585
18.17244
18.03114
23.80164
31.08736
21.2779
31.13539
24.79018
28.65031
24.26677
25.06731
22.05943
20.80055
29.88213
30.29277
16.70195
23.96502
29.6468
19.33623
23.12989
23.76976
26.2032
24.98673
14.9632
27.47737
33.3103
23.15296
26.59695
28.54873
21.88229
22.64568
22.00026
24.6497
25.34456
16.58722
14.90631
17.27078
22.10821
24.90511
18.9074
25.7177
28.16053
24.96572
17.00542
22.16741
18.79051
32.69774
20.61672
25.8588
24.11195
32.65285
29.75727
22.66856
29.87722
29.43193
28.57501
15.33356
19.45904
25.50473
25.0086
19.17186
27.08137
23.26353
29.32962
22.00244
14.4995
22.44394
22.58825
24.27071
19.39911
18.84303
18.10885
25.35758
16.02425
31.08261
19.30926
21.86451
28.37301
20.42594
31.68237
20.79117
34.40405
26.01139
22.42424
22.59545
23.29832
21.93395
31.13069
21.70286
29.06929
21.70745
23.42775
30.4637
23.65081
21.61347
31.74775
26.23891
29.16529
34.13739
20.72623
22.96936
25.90452
25.7737
25.6884
30.38033
27.3326
34.4075
34.42657
30.14398
22.36066
26.9978
20.71215
26.41942
30.35081
30.24606
26.09328
22.64938
30.02741
29.09674
31.12869
27.09836
33.99595
24.61175
31.94917
30.48607
26.74607
28.16358
27.95573
24.34113
20.87913
25.38483
25.15754
27.39115
27.52178
32.63357
24.60015
24.05449
27.71064
25.16624
23.71034
25.8977
32.5042
25.60098
31.08513
33.45614
28.29709
14.53763
33.24263
25.80851
31.45298
18.41313
27.23223
33.87051
23.6561
27.50733
29.7657
27.59661
34.41853
28.2793
25.65161
22.65041
35.84555
27.32927
28.46412
27.68005
19.05477
30.97984
27.35546
17.43628
26.66277
27.00435
27.93358
27.6677
29.74705
22.09598
33.27839
27.8503
25.98388
26.45757
27.75491
25.84063
32.44039
18.11459
24.22759
14.86988
28.02104
29.69258
32.60776
25.41728
31.05478
32.66525
34.90351
26.14531
27.90619
31.13457
24.77186
30.78145
33.46316
37.75709
23.97465
29.83467
25.12183
33.23034
23.32783
25.80705
28.74194
24.14618
25.62384
25.95808
33.38575
37.00526
22.89238
32.04368
27.30768
29.30938
25.1248
30.7187
24.09529
42.72688
35.11956
25.35448
31.98779
30.18505
30.63162
36.19864
38.26475
24.60821
24.77392
34.80067
34.12295
30.0588
39.77835
28.91961
27.19087
36.98051
28.65617
26.89695
30.71251
32.73787
23.38462
25.33607
30.48162
29.1413
23.09046
33.20916
31.59676
31.95892
23.54735
28.62278
21.61787
30.05947
31.29339
24.38179
34.95298
24.74732
27.09258
30.15202
34.47614
37.02646
34.89881
27.50846
23.15466
33.26354
29.03772
26.58509
27.33711
26.51583
35.9801
27.82406
33.18723
25.10066
27.07212
18.1302
31.34779
24.55284
15.58379
16.35545
17.50236
34.28457
26.94626
28.43035
29.03427
29.21361
27.48342
28.50655
29.36813
35.00444
29.60411
27.9946
25.32308
23.11974
34.22239
31.87132
32.99788
27.77618
28.75882
26.91349
35.11286
30.18848
27.19357
33.6328
28.58138
27.20073
28.90102
30.89924
30.61448
33.33586
24.99224
38.5588
34.86011
34.36159
27.1555
27.51356
33.28975
34.22588
43.57418
32.88164
21.90057
31.20515
34.35352
24.51561
31.11019
29.25216
31.19641
22.39127
35.81852
34.61445
38.42112
24.91349
21.26314
34.01596
32.82548
24.46839
31.31018
34.15407
38.69454
31.24198
27.14678
19.86029
34.00861
33.59388
37.00454
37.0947
36.04185
28.48062
38.03748
27.89244
39.90223
32.05303
35.33853
27.67354
39.07814
25.01486
39.35476
34.23725
44.51597
28.22958
33.7312
32.13887
34.56894
26.15978
28.20005
38.28201
30.67341
31.19185
38.03797
21.81537
36.48834
38.91647
29.09057
31.46907
37.17323
37.27309
40.16659
30.07528
36.71681
26.73424
31.54129
30.3246
32.19798
30.52291
33.07345
34.55541
30.61966
29.89363
33.17582
27.99437
30.56525
31.91961
26.59582
37.34417
