1.966676
7.444113
4.311276
1.188284
7.807717
1.225074
5.594754
-2.449636
2.705833
-2.986237
3.754145
1.906397
-0.1713901
4.24083
2.526566
-2.75374
2.852934
-0.01491507
3.102442
5.291864
-2.555418
4.343182
0.7656514
-2.190203
2.766144
-0.744169
3.553945
2.485032
4.29476
1.306262
9.682158
6.245729
2.872724
4.655407
8.128512
7.224591
9.679173
3.534969
10.23034
13.04724
9.572918
-2.417874
11.22991
-2.787477
-0.8281737
2.160335
2.291926
7.243921
1.86842
6.525456
0.1176163
-2.000947
4.018112
2.287922
0.3250516
-4.319928
-5.597903
-3.15585
-4.714249
1.315345
-13.23734
-7.516106
-6.744704
-13.56051
-7.169869
-4.397792
-2.287081
-6.384368
-9.431943
-7.904573
-3.260423
-14.55003
-3.436799
-14.75575
-3.061776
-3.93298
-7.560697
4.151699
-10.1343
-7.891887
-7.641611
-0.3590881
-6.180369
-3.555181
-12.46887
-9.721785
-11.02378
-11.09323
-6.505115
-4.788072
-5.543848
-2.391714
-1.390291
-9.050876
-6.405367
-5.671358
-1.570451
-5.029619
-4.980822
-4.569048
-3.515086
-3.178827
-8.653015
-3.391327
-2.472984
-6.449506
-5.232119
-8.180382
-15.27067
-4.981097
-3.597357
-4.096975
-9.908663
-8.309523
-1.05076
-13.04192
-8.821042
-5.988918
-4.439537
-4.632649
-12.27731
-14.54796
-5.855362
-9.02075
-5.350496
-8.319135
-3.457061
-1.728809
-3.78165
-7.861522
-1.98669
-1.027436
-3.14765
-3.117566
-5.44011
-11.47974
-10.38456
-6.128658
-6.64658
-1.917928
-6.702181
-8.739344
-2.998043
-5.528979
-7.356987
-4.830227
-10.8131
-9.301685
-11.16971
-9.687481
-8.648421
-7.646935
-15.71984
-12.38468
-2.775681
-7.857567
-7.08402
-6.791848
-3.323677
-11.02417
0.193857
-2.920055
1.728902
-7.170045
-11.26228
-3.665779
3.759473
-7.104833
-1.157758
-6.90317
-5.412795
-4.641767
-0.02769736
-5.05451
-0.6141044
-5.813231
-9.387153
-9.674481
-8.346168
-10.67379
-7.664693
2.71444
2.105786
-4.314582
-10.70174
-0.749403
-6.79847
1.976852
0.2727695
-1.030545
-5.813792
-6.481527
-11.86685
-8.621976
-5.339768
-7.429465
-3.645001
-9.955299
-8.283279
-3.462589
-5.988263
-5.86141
-12.48008
-1.183008
-8.781257
0.8507496
-4.611493
1.436281
-1.936227
-4.260074
-0.3778463
-11.15069
-4.369595
-5.421965
-9.405335
0.8520561
-5.255847
-8.354102
-6.70867
-2.858668
-11.08545
-1.650753
-3.170566
-2.015978
-7.518007
-6.421263
-4.249236
0.8353833
-5.916127
-3.617567
-0.5839347
-12.72049
-1.333998
0.9819979
-1.778434
-5.761205
-1.395963
0.9540402
-8.059845
-4.417386
-1.249793
-7.453982
-5.113605
-6.931258
-5.23206
3.76618
-7.941941
-0.2255982
-5.793224
-8.545395
-1.927428
2.336096
-5.504105
-7.192963
1.511334
-3.899982
4.384157
-2.161976
-8.175015
-7.694186
-1.615546
4.768161
-1.092182
-3.220685
-5.652258
-7.59773
-0.8931995
0.6010572
-8.585202
-4.839168
-5.267349
1.717982
-1.661345
1.969413
-8.837232
-3.713623
-1.405233
-4.630754
-10.57237
-11.06378
-2.564864
-7.072321
-4.13066
-2.376664
-6.293897
-1.870025
-1.055436
-2.534988
-9.249138
-4.014877
0.4980024
-5.716324
1.579421
-8.830259
2.325781
-4.779552
-6.244581
-1.688735
-7.560314
-5.727351
-7.515494
-3.629464
-2.911576
-4.282229
1.772129
-4.374656
-10.35078
-8.020422
-6.950878
-7.324725
-3.679846
-8.831786
-1.961869
-6.323728
-1.832405
4.74712
-7.382519
-10.52097
-6.281586
-5.007133
-3.777301
-5.527392
-7.530231
-0.5323795
-4.030406
-7.903904
-6.441026
-3.20576
-0.8465043
-2.331617
-5.603466
-1.019576
-4.819715
-6.962822
-3.836271
-5.440678
-1.312818
-5.549176
-0.2025233
-0.8870138
-8.524457
-7.105262
-4.043779
1.616796
-7.864754
3.144284
-5.953691
-2.880236
-1.98983
-3.925367
3.799375
-0.6134699
-1.982982
-0.8921284
-9.765836
-0.864039
-0.8241124
-8.233501
1.379935
3.692066
1.121864
6.357344
2.057281
-2.35771
-0.5643139
1.380208
-5.49546
3.355993
-0.6029087
-2.033675
-3.962734
-10.64998
2.965276
-4.872519
3.303297
3.989021
1.076481
-11.23704
2.103533
-2.945166
1.682413
0.06630671
-8.197257
-1.3078
5.779731
-3.702589
-3.646832
-3.726363
-2.521142
0.6595998
-1.302098
0.5277603
-1.538762
3.896704
-1.925446
-3.119173
-3.58701
-0.7910207
-3.1027
1.692796
-0.3506215
-8.758465
-4.027088
1.464896
4.189972
-1.910618
-0.6710254
-1.521189
-4.242592
-0.3352174
-10.44363
-6.772793
-2.498411
-7.332847
-1.100433
2.86265
4.685915
-3.230957
-5.436435
-2.659238
-0.7939555
-5.225731
-2.912012
-2.433232
-2.653845
3.126914
-3.535198
0.6683436
4.666436
-3.788907
1.928123
-0.06988311
-4.875868
-3.01819
-4.473502
-8.197094
-6.271342
-8.810083
-1.751225
0.4977647
1.127649
-0.1578988
-2.382546
-3.582538
-1.392049
-3.140634
0.9508242
-2.13974
-0.1155756
4.129216
-4.389517
-1.967231
-7.198715
1.867426
0.4259013
4.726179
-1.056323
-4.262598
-0.2411448
-0.6805913
1.369832
0.3879859
-1.927795
-6.653461
3.818116
3.469324
4.889289
6.982805
-4.334037
-1.399318
5.011504
1.814184
-4.769367
2.774841
0.9052502
5.462714
-3.037786
-1.951641
1.026195
0.8490053
-7.511917
-2.465162
4.006845
-2.37489
-3.606757
-4.346712
-5.565867
-2.486939
-1.239596
-5.459529
1.357482
-0.6763484
4.207766
-3.225601
-4.290726
0.5283374
-0.5805615
-0.5120013
-6.864322
-2.42434
1.293774
2.453279
-4.049151
-5.479132
-7.875495
-1.287103
-0.2611078
3.286448
0.854637
5.228709
-3.578219
-2.869392
6.027371
-8.08261
2.419173
-2.861679
-0.4300191
1.157738
-3.41801
1.683638
-1.939959
0.2344429
-1.316613
0.6362443
-0.7148569
-2.758472
-0.7221003
4.24468
-2.640205
-2.007421
2.369312
-3.448855
-4.30575
-3.73043
1.287659
-5.497278
3.144682
-0.415294
-5.776157
-2.822701
-0.2420312
-6.995067
3.67201
-8.132488
-5.373741
-7.36542
-2.916045
-1.756062
1.848716
-0.5296803
1.914086
-4.851554
0.7184858
4.050178
0.8687498
2.390673
-4.798761
7.518497
7.231251
-0.9463734
1.227095
5.359259
1.988631
-6.765588
0.7808255
-0.1910516
-0.6684034
1.305977
-0.7966714
-2.390524
1.484814
-2.243553
4.157137
0.2299689
-1.7252
2.085293
-0.3730508
1.801433
-3.745921
5.314018
-1.883729
1.996015
-2.804082
5.352163
3.852174
2.748575
-3.786681
9.6913
-1.594617
-1.548471
-1.654721
1.575429
-2.819648
0.9001505
7.614937
2.164566
5.592448
-2.992936
-1.682274
6.322975
1.01918
5.627729
-2.200287
-1.041199
0.1416825
5.48101
1.279646
3.286157
0.4773205
1.854839
10.53896
3.479503
4.496406
0.1199015
3.66104
2.600751
-2.317454
-1.021751
0.9425509
1.659359
2.508078
2.222258
2.735867
-3.884567
-2.026118
1.147522
-0.9685819
-2.086283
1.006505
-0.1629569
4.785938
7.811328
-4.630016
-0.1206709
8.271028
5.536627
0.01573583
7.192687
2.543371
-1.32471
-0.4868613
-7.881458
-2.02535
2.330823
3.338517
-3.31015
0.7435979
4.293731
6.02145
10.37905
1.696146
5.439099
-2.062846
1.710842
-0.6811332
0.9517222
3.27607
-3.197668
7.139852
8.99423
0.103457
8.520977
-3.798727
0.5286809
4.31562
-0.6364901
-1.542023
2.747542
10.58058
2.317578
4.745735
-0.1158645
4.084062
6.564113
4.23732
4.149656
-1.660207
9.846129
7.529212
-0.3224886
3.031729
10.02536
2.676562
7.083928
2.283677
2.91246
2.555381
-0.9544794
6.872442
7.990205
1.753217
6.519351
7.426829
7.672723
-1.587236
2.263969
4.210617
3.795303
1.215261
-2.022187
-3.110889
3.654705
-1.984768
1.608141
-0.5661857
6.617606
6.133226
-0.6804313
2.703374
0.6568906
3.818223
-1.250819
4.766777
7.381121
6.522382
2.822796
-1.054081
2.956743
8.880911
5.460804
0.2708834
2.216578
5.938597
4.967597
0.1793388
6.965436
5.673607
6.710713
-2.753919
-2.671687
3.765248
4.54405
0.1309582
3.654535
-1.197851
-1.636434
8.593201
-3.198714
11.8848
1.39106
3.969157
5.501761
-0.8584219
8.255831
-1.069586
6.410361
1.432296
-1.060206
-0.8417181
-1.20592
0.0007605955
6.408226
-0.01733654
8.543848
1.034272
3.379353
8.678516
1.986387
1.349437
6.023137
5.036971
0.9280717
7.433672
1.906102
6.837901
0.6041713
7.119655
0.8855934
6.983567
5.935837
5.888535
6.704948
8.035545
8.312897
2.400292
1.786551
3.092645
4.207271
9.230413
4.130436
5.288945
9.126996
1.966204
4.993094
2.045885
3.394753
6.259749
11.93333
5.883662
-0.732667
3.869644
8.272184
4.971542
1.093135
6.425516
0.4722292
-0.05249627
5.777017
9.306055
-0.7098326
2.101891
7.711198
0.972189
1.880776
5.738313
10.92225
-1.099687
4.88145
5.128325
1.809078
3.001352
9.015272
8.305965
5.02582
-1.209129
4.75064
5.228724
3.305155
2.285463
5.579741
5.669525
8.171228
3.666774
4.926287
2.143285
10.25277
5.770538
3.897559
5.714817
2.766096
6.257481
3.217304
-1.657731
1.110365
5.476771
6.183222
-1.705227
5.370935
1.023103
7.629008
4.32251
1.583858
2.031827
4.742452
-4.486139
3.633395
-0.3456789
7.143356
-0.1833895
1.756445
4.370765
6.075622
3.877201
7.354231
5.825685
11.45837
3.783894
4.894767
4.31787
5.482522
10.87116
10.06469
9.890254
6.467537
2.768958
0.6601618
10.22005
2.226224
0.6510249
4.509762
5.703065
5.36791
3.61336
4.920028
9.666483
4.542602
3.806586
4.867442
8.524033
3.43132
9.04536
-1.050437
13.6879
7.492989
4.138928
6.453872
4.791245
10.78415
10.29053
14.42349
0.1628952
0.3312653
7.317919
7.270622
7.829665
13.643
8.22836
8.174784
9.466576
6.706858
5.015352
2.561433
5.866907
3.599628
6.750448
7.131911
6.309232
-2.371665
8.966512
11.32668
1.031617
4.263255
8.463331
0.9131101
5.429018
9.892298
2.407862
8.091656
2.455053
6.658184
6.974774
13.42022
5.828471
5.775246
6.255878
0.6375249
7.145727
5.62608
2.965143
6.739873
7.809129
12.28102
4.169377
13.35882
2.002567
8.595413
5.333643
6.519659
5.119945
-0.7475759
0.02409863
4.015608
10.91512
5.425253
8.076178
2.220324
5.246868
2.489047
10.35229
8.664978
5.884515
6.001656
10.42888
2.705766
3.997568
3.658327
3.437646
10.33946
7.454188
5.096827
7.212882
7.297363
0.09259446
3.54464
6.636522
4.049557
0.610381
4.741799
8.795997
6.580462
10.64649
4.002931
11.61554
6.508823
8.800508
3.762711
5.30679
8.104363
9.397054
17.30314
11.31394
3.934491
3.749978
6.186854
5.171073
4.99238
3.304175
4.213076
0.576408
6.001084
7.140982
13.78298
2.386607
-1.839134
7.785615
10.91991
6.443047
7.731856
8.005373
15.0781
7.382122
2.577486
2.14825
6.391037
8.084062
13.44397
9.68236
9.114362
7.288236
11.58763
3.401691
4.132905
6.857549
5.995327
-0.05827076
13.52494
2.302051
13.75211
6.244176
14.25032
6.811503
7.819271
2.615743
8.79418
6.402788
3.958224
11.91509
7.888949
11.18043
9.4165
-0.4420531
12.0687
5.096521
5.766051
5.948273
11.59971
9.849448
7.561157
6.90565
7.872479
6.033232
3.845341
7.733059
6.435133
6.60931
15.22541
11.84384
8.098238
8.17324
8.521767
7.946066
2.3883
7.115942
4.31148
9.585725
