13.66332
13.14607
21.21037
24.80174
29.30201
1.311117
21.26675
16.90167
19.09362
11.8637
17.67634
8.543295
18.26358
23.71979
15.48912
-1.928978
26.76824
14.06632
15.59749
18.76102
10.71375
8.676639
15.88525
21.46262
25.95547
11.82285
17.5679
29.47987
17.66055
19.29583
34.4942
27.58671
11.4583
22.60816
14.59815
21.60788
33.25959
13.53423
28.05229
34.03666
19.428
6.138788
23.678
6.530418
13.7472
14.0898
4.229385
14.3815
5.941043
5.1687
17.20604
15.18089
13.04753
17.9527
2.284284
20.23502
18.81979
12.72027
8.27365
19.69871
8.578112
5.551975
6.798141
-2.136451
9.672092
9.517392
2.173904
7.038505
8.643427
10.99655
18.97697
-3.624629
24.78689
-7.31253
8.065633
6.815094
6.08615
22.1919
5.967712
7.152965
9.69706
12.3655
8.950678
2.366641
8.944727
2.275356
7.775152
-12.62282
3.311172
6.16753
10.25736
-3.440321
9.235398
7.605772
16.33826
-3.336419
19.30367
-3.431928
9.436129
9.693622
2.230939
15.41942
-0.1851865
1.783412
10.81232
0.7164736
6.139721
1.948452
-1.881234
-4.185419
10.40335
-1.814237
16.07761
-1.591892
8.548528
-0.7354336
0.4707828
12.22924
16.58897
12.6154
8.025921
-6.483963
3.857538
9.517101
7.44178
9.880529
12.66806
14.72883
2.76761
2.509972
3.891377
11.9355
10.58197
8.575244
6.91653
6.64857
9.795195
7.475754
0.07377466
24.12139
1.906773
8.172061
4.756544
18.43117
-1.465866
14.30705
6.633819
10.36623
5.138274
5.153049
11.85485
11.43895
-4.584134
-4.787407
15.64658
-5.131649
11.34847
2.212941
6.108581
-0.007020903
5.362255
0.9203644
16.63038
4.392654
-0.009418567
12.9528
19.15382
3.636546
18.10903
-4.864972
5.713556
20.05746
-0.8866625
9.934256
6.252432
19.74435
-0.5913508
5.514091
12.80516
9.52753
11.98077
19.99069
0.2307754
16.09446
3.661998
15.83453
14.17002
13.89232
15.4418
17.62747
10.11962
13.1258
0.9861883
8.483927
7.855444
9.33705
7.495204
4.442735
6.785076
8.824132
6.208741
17.52568
4.079347
6.482735
-1.588974
21.90898
11.92734
15.2628
11.18101
3.970624
16.20396
8.017976
9.870709
7.15967
7.361433
7.904967
12.21278
17.45417
5.612509
-1.702277
2.10177
7.547857
10.17998
20.85324
11.20588
6.811304
16.9968
14.98434
3.737792
12.72475
12.68012
1.577735
2.189809
4.732643
6.687582
5.670124
1.551191
15.63978
10.25907
12.49433
19.6345
4.922925
5.464548
8.637095
20.85687
21.44451
4.722095
18.19885
13.60278
5.229441
0.896974
12.3976
15.78137
5.032634
15.71007
6.671835
15.79949
22.60252
17.17469
3.717593
21.1033
21.76668
7.440057
24.01675
3.344593
16.8533
14.89846
13.73725
7.005301
17.25422
15.49909
11.01751
6.162225
16.67726
1.299953
16.53497
13.45837
10.15608
19.83808
4.467639
14.09746
4.979251
2.929766
17.80911
2.571189
11.90928
11.38778
10.50069
13.91798
16.38514
24.56507
2.06868
16.05914
10.85615
14.90969
1.298124
10.40427
-2.092881
5.136116
21.08413
18.92068
16.06788
15.8173
10.10281
16.62764
1.260445
-5.975384
15.82704
7.57485
5.215138
14.46623
8.45875
20.19541
-5.252738
20.76229
23.50741
17.39614
9.319055
3.794959
-3.890746
29.56245
19.1447
9.311315
10.6448
11.10905
14.61515
6.315194
18.72948
22.46034
25.28878
8.511346
12.1943
7.419336
5.884544
16.3094
9.374205
13.91918
8.693516
21.0408
14.1712
3.584929
9.596234
15.58197
16.95033
11.77007
17.22169
12.66195
22.59404
-2.655957
24.0572
21.87817
12.96592
7.178817
24.71378
14.3574
26.31197
21.12519
8.495008
10.80584
18.68892
34.78182
21.99278
12.62951
2.867751
17.25677
9.818232
6.057014
20.30078
7.236363
10.37746
16.63757
-1.829872
27.10356
23.82424
19.27753
28.94478
11.74925
13.34303
19.0384
9.293
14.77718
20.93459
7.800753
15.56565
13.30253
10.16921
19.20372
14.96647
6.94358
13.41362
23.8399
17.00127
22.94934
20.7519
15.57555
20.84535
14.63038
23.76366
13.76154
17.74239
5.728763
24.3704
7.537275
15.78743
28.67
22.43367
15.2211
16.31038
1.936739
12.07197
11.48815
24.2986
10.91584
1.91761
11.56808
15.45354
19.15176
15.6411
21.49369
27.39931
10.922
16.69915
14.72041
13.42166
21.80672
33.37211
19.83661
17.22606
34.31502
19.85214
20.13847
18.61215
11.27264
6.653179
10.40983
13.64815
0.264814
2.94428
15.57413
18.99716
29.83836
27.44931
14.33584
13.38837
16.92737
5.556971
18.1674
27.32093
24.92498
14.11239
11.50774
13.46184
11.9101
22.83863
17.14945
17.38768
19.58221
9.166487
14.16225
23.21341
15.46603
30.26344
13.04373
5.599947
14.92032
11.34142
32.01858
28.27827
13.48026
9.018717
23.87795
19.55264
18.25081
20.0468
14.54114
15.4523
12.5147
15.92632
22.28365
29.11967
21.28067
16.25419
18.67159
19.05391
20.56936
18.99886
16.45424
19.01947
23.76496
13.90437
13.63342
16.0682
19.91372
11.02797
26.80083
15.45167
6.509054
10.353
12.99342
20.33248
24.68721
22.84944
8.424883
12.97978
9.517953
13.9301
19.43543
27.49577
19.12814
19.08871
12.34894
21.86976
22.88103
15.061
13.71228
2.392163
19.66689
21.51834
20.42344
26.84141
12.93127
12.86877
13.37935
22.0256
16.44858
18.32343
14.25856
25.36296
17.49345
20.8801
20.90745
14.89226
18.60519
11.87807
26.50381
17.7747
27.0129
17.32409
15.07992
12.56831
6.482035
16.35219
21.49728
6.573771
9.90133
15.96258
14.94413
20.96123
16.95677
2.70658
24.11025
5.434331
12.87385
21.42993
24.18369
18.42122
4.778399
21.42947
29.63189
24.43239
22.8102
26.68893
25.75087
7.768957
18.6339
15.92366
21.58451
28.03667
14.97839
28.82468
18.26464
17.12139
24.53281
15.36061
8.675481
18.62164
18.14863
21.72713
12.67102
22.30651
24.49182
32.34081
15.43312
40.9937
19.30997
29.39228
20.90112
23.6587
6.062186
25.19866
24.30214
22.46174
20.58541
13.6881
25.75618
24.20909
17.86055
19.7687
20.78809
28.14627
19.36902
22.82695
8.946784
11.20829
23.0097
19.11715
22.2129
22.78511
26.54932
30.53142
25.2234
18.53882
32.24063
22.39074
17.83882
22.91431
27.69379
23.66282
18.50043
21.28523
16.47476
12.60939
20.01256
18.72009
22.8367
15.83379
5.025264
2.241769
23.21475
18.86767
31.63479
26.77939
28.45108
14.29861
23.07499
27.61622
18.0618
26.91494
18.23658
30.9615
14.6678
20.03001
22.39869
21.46962
18.15061
12.17632
29.40029
13.64741
25.40407
30.12184
30.15414
19.99231
17.23523
20.63324
22.17046
17.14505
19.33096
19.2728
24.49108
33.67657
19.48336
36.29186
14.84676
16.80843
16.98458
20.82806
13.10345
18.94447
43.51901
16.7261
32.84848
26.62389
32.7225
26.43323
22.90653
24.20842
15.58598
33.79789
35.66053
14.35143
19.79251
32.669
13.73189
20.50454
18.82117
16.41303
28.8646
15.07086
27.23286
41.45207
14.76177
26.83778
25.17984
19.6878
23.97192
18.31099
33.04075
26.79506
22.40682
13.58806
8.129183
24.6365
21.30895
13.06381
36.88282
32.93506
34.21179
19.0215
19.10671
17.53232
37.4592
19.73353
27.88077
21.56415
41.57897
39.32629
23.74641
40.89521
28.6592
27.51239
13.77002
13.53856
18.55991
27.15734
21.22355
21.72822
28.35649
32.88429
19.92647
7.759215
19.17
31.63385
23.95442
15.16405
15.33431
20.36342
28.94069
18.87295
28.51199
24.32204
25.68374
26.29365
22.79806
31.53232
15.5491
37.53167
23.01998
20.52666
18.67416
26.4624
25.07058
28.82697
11.64441
20.96096
20.93372
22.00337
27.9513
23.94006
15.97469
25.62755
19.50613
24.5794
30.33365
16.40242
25.52535
25.39198
21.94894
18.90306
25.74132
32.50331
37.22877
33.79835
34.36912
18.36952
24.14878
19.7598
31.14783
25.50955
41.8626
31.94395
13.0147
33.68227
29.34806
23.67771
27.88603
31.89856
33.75754
18.83605
39.90983
22.43824
35.53948
28.08668
25.01199
14.42639
31.8128
26.15145
28.87664
22.62225
33.35415
27.15854
20.86216
23.70542
25.00081
22.08735
30.93568
29.68878
23.14291
28.19725
27.03563
29.75247
14.33831
35.77146
18.84781
38.96242
14.63593
29.63315
28.17271
30.00018
24.5778
26.41284
21.45643
40.68637
21.21812
31.30803
23.34734
39.7177
22.337
23.42205
23.82819
21.68636
36.39881
29.84712
23.85737
26.90924
29.15744
30.02844
33.64831
23.50601
25.1706
33.80583
22.14918
24.42713
29.21363
24.35267
34.07281
32.20857
9.914021
23.90732
17.75385
31.32239
26.06839
35.37084
26.38142
28.86288
36.50518
35.1919
24.94202
24.3228
40.41092
32.77091
39.26992
37.36448
51.74127
31.92486
28.58031
27.5961
30.65648
18.62154
26.82669
22.75997
24.42463
27.59572
14.45013
31.92574
45.94841
23.35444
24.47548
36.33049
27.99272
24.29963
36.32237
28.83683
41.31271
39.81705
22.82459
37.29033
24.69983
39.40226
33.09316
37.47069
23.15788
26.27355
48.1286
30.31456
37.23917
41.60122
34.1434
32.27643
40.07309
27.70912
26.64806
26.98306
28.8204
21.90336
23.99867
32.0557
29.93084
24.79595
35.2178
25.02685
21.2227
16.68055
22.31963
15.32209
31.93326
30.80249
21.06436
30.64472
14.11059
22.78926
27.49109
35.82684
43.31476
32.18173
28.24669
20.05725
26.09796
29.11986
27.19006
27.10396
24.43785
32.62107
29.02361
34.22011
27.58757
26.74927
18.26019
33.53424
24.40193
14.87742
6.380005
17.54316
39.94625
27.32281
30.93567
26.71986
30.07538
23.89522
34.41656
31.04003
30.86035
30.42099
33.28412
26.35498
10.43116
31.47947
33.2131
19.91707
24.46124
32.57076
31.01172
37.56214
26.60814
30.08383
38.02672
31.06952
32.42408
31.74766
34.98709
34.70249
32.56752
32.31058
41.23246
34.37284
28.95893
21.31631
29.84125
38.00269
28.61578
49.88226
25.98224
18.63475
20.88138
36.20986
17.7974
39.54557
26.84245
25.78026
17.5605
33.04565
38.37249
37.73815
22.44943
23.38822
34.76814
21.86293
20.42219
35.10664
34.40754
40.10335
30.97222
27.43609
20.07172
34.51051
30.31611
30.01113
30.09503
32.49853
27.52435
29.99911
26.93855
46.74639
27.78001
27.93823
24.47584
33.61235
23.19354
38.16941
33.32258
42.72459
40.78333
32.07471
29.26291
30.68176
29.20283
36.54332
38.7941
31.43946
37.38287
35.18382
25.97682
41.29131
40.39162
26.35486
21.00278
35.03328
47.21773
38.99357
30.03217
39.02174
34.88894
29.07526
23.61309
20.64045
30.08682
32.29826
32.55887
33.06353
19.01166
40.26615
18.07422
23.22943
32.90299
22.45883
30.75817
