0.06749000000000116
0.14340999999999937
7.31465
6.567259999999997
14.42729
-10.736983
10.516619999999998
0.7603000000000009
6.197250000000002
-2.39762
3.82128
-2.426264999999999
0.8426000000000009
9.3173
1.9203899999999994
-13.053078000000001
12.36699
-3.1103199999999998
-1.1440200000000011
3.402989999999999
-3.622820000000001
-0.545344
0.6896299999999993
1.3324200000000026
8.81928
-4.348429999999999
-1.7588799999999978
19.010019999999997
4.459110000000001
5.980979999999999
16.28284
13.8148
-1.1497400000000013
6.278790000000001
0.9336200000000012
9.910140000000002
14.346520000000002
4.912502000000002
10.627579999999998
17.457069999999998
7.90699
-8.614612
9.82282
-0.16405500000000028
-0.4746000000000006
2.959720000000001
-8.968685
2.68665
-1.5502320000000003
-4.611493
3.039290000000001
1.13387
-1.9713600000000007
2.335699999999999
-11.667486
0.5172299999999979
4.821430000000001
-5.574370000000002
-0.49157600000000023
2.9260699999999993
-9.708687999999999
-11.315805000000001
-4.238568999999999
-15.023430999999999
-5.695648
-5.960898
-7.041122
-9.469684999999998
-4.5094829999999995
-1.341660000000001
4.361290000000002
-12.015062
8.771809999999999
-19.02981
-4.862717
-6.372325999999999
-15.458480000000002
11.20074
-7.553348000000001
-5.0542549999999995
-3.456669999999999
0.39071999999999996
-6.043202000000001
-7.038112
-5.240862999999999
-10.247854
-3.9008579999999995
-22.577443000000002
-7.3856779999999995
-3.325907999999999
-1.4908799999999989
-10.15324
-12.170062000000001
-9.806057999999998
-2.7582400000000007
-12.873372
1.3336100000000002
-13.012394
-7.343071
-2.3535580000000014
-12.364281
2.550790000000001
-16.9562665
-12.241018
-4.78445
-13.7507064
-0.637092
-8.436048
-14.765443999999999
-11.826857
-3.9470600000000005
-14.995917
-1.8875199999999985
-15.361381999999999
-4.894292
-16.4090436
-10.1900772
-1.1154899999999994
-4.46631
-4.280379999999999
-7.647459
-19.995063000000002
-6.747762
-6.996438999999999
-3.1009399999999996
-0.930511000000001
0.6524600000000014
-0.13321000000000005
-6.041106000000001
-10.782588
-12.288503
-5.988640000000002
-2.4284099999999995
-3.5893560000000004
-6.6997800000000005
-4.9253100000000005
-7.573105000000002
-9.279026
-13.10330534
4.499860000000002
-9.109517
-8.453469000000002
-5.637466
1.4221900000000005
-16.507656
-0.09150999999999954
-6.938581
-3.002510000000001
-7.730746000000001
-12.550721
-7.49328
-4.669919999999999
-21.111013999999997
-16.539777
-7.3936199999999985
-19.616139
-10.148559999999998
-11.513659
-9.844539000000001
-16.382820903000002
-3.997787999999999
-12.1849856
0.44872999999999763
-8.615435999999999
-19.715108567
-2.5640800000000006
2.876809999999999
-12.183613999999999
-3.933209999999999
-17.766902
-10.891093999999999
1.1055199999999985
-13.9080625
-4.003574
-9.805778
3.307220000000001
-15.6796808
-8.444509
-1.6997899999999984
-7.608790000000001
-12.148130000000002
11.075230000000001
-13.075214599999999
-1.2641999999999989
-9.891862
-0.3436400000000006
0.6601499999999998
1.254389999999999
0.9490800000000004
7.393299999999998
-2.5184500000000014
-0.7997499999999995
-13.2568617
-7.280793000000001
-9.980566000000001
-4.22889
-8.675646
-8.756155
-3.3135440000000003
-6.230207999999999
-8.656689
1.7792000000000012
-8.413333
-3.736435
-15.415674000000001
4.3890899999999995
-1.3930300000000013
1.4235600000000002
-4.4274499999999986
-7.890606000000001
1.6269799999999979
-8.481863999999998
-0.8965010000000007
-7.20321
-7.7018070000000005
-6.773673
-3.08061
-1.6184899999999978
-10.897771000000002
-9.546869
-9.85007
-4.420313000000001
-1.597389999999999
7.81016
-3.875349999999999
-6.949926
0.2117299999999993
-3.983650000000001
-11.163077999999999
-4.968399999999999
-0.6582299999999996
-11.761624999999999
-7.939461
-8.338276999999998
-5.370708
-7.888595999999999
-11.162249000000001
0.4115099999999998
-2.645240000000001
-8.25164
6.111279999999999
-9.279865000000001
-6.881902000000001
-6.576855
5.0833400000000015
6.953530000000001
-11.700334999999999
1.1073100000000018
-4.1418800000000005
-6.521889
-15.517166
3.101674000000001
-3.650789999999999
-6.504756
1.94102
-6.8685849999999995
2.317400000000001
2.854879999999998
-2.269440000000003
-8.481017000000001
3.917460000000002
3.0957100000000004
-7.4481329999999994
7.352779999999999
-8.285307
-3.524519999999999
-0.49024
-3.8466699999999996
-3.534508999999999
-0.6387600000000013
-0.2145299999999999
-1.4057600000000008
-5.779184999999999
0.2833299999999994
-13.065317
-5.521619999999999
-0.5936799999999991
-10.365770000000001
-1.3732799999999976
-15.019601
-2.15301
-11.630529000000001
-13.281064
-0.626929999999998
-9.309121
-9.39982
-1.513020000000001
-2.5986399999999996
-1.4430899999999998
-4.682369999999999
6.8141099999999994
-11.9848
0.373759999999999
-5.3424900000000015
-0.8304100000000005
-9.860536
-5.43455
-11.26326
-9.345133999999998
6.207139999999999
1.0719200000000022
1.852549999999999
2.6079299999999996
-5.118180000000001
1.6964199999999998
-15.742155
-21.243983999999998
-3.1724700000000006
-9.061840000000002
-8.030572000000001
-3.4909
-7.19281
-2.572700000000001
-17.714798
2.3020299999999985
7.18544
-0.807380000000002
-9.395674999999999
-10.519071
-15.288406
7.001339999999999
-3.170390000000001
-8.986075
-2.1694899999999997
-9.16489
4.45745
-13.352706
1.3389999999999986
3.1500299999999974
7.767389999999999
-3.676464000000001
-1.4478899999999992
-3.544413999999999
-8.583706
2.02726
-1.2567450000000004
-7.761949999999999
-8.634953999999999
3.0321200000000026
-3.22959
-10.672601
-7.2541959999999985
-3.1107700000000005
-3.7669700000000006
-4.348399999999998
7.7334559999999986
-7.951580000000002
13.088667
-11.809918
5.917370000000002
3.9638500000000008
-3.2386899999999983
-8.543002999999999
6.08614
-3.205689999999999
7.19913
6.3154
-9.912411999999998
-4.02032
6.050469999999999
16.446520000000003
3.3891799999999996
-7.795370000000002
-15.457399
4.695259999999999
-3.232837999999999
-5.4869259999999995
3.913599999999999
-7.248277000000001
-7.983260000000001
-0.7354500000000002
-20.311172
6.90981
-0.4482199999999992
-1.7247599999999998
12.732860000000002
-8.008659999999999
-8.911769999999999
10.346480999999999
-4.39668
-4.45884
2.627700000000001
-12.637107
-3.2377599999999997
-2.770129999999998
-3.0057799999999997
-1.18478
-0.3090700000000002
-5.490010000000001
-2.3026999999999997
0.47316
-1.77337
6.45289
9.70769
-4.393360000000001
-0.32920000000000016
-1.1802599999999988
5.099800000000002
-8.216740000000001
3.0056200000000004
-6.2177169999999995
1.5750799999999998
-7.822855
-0.6532400000000003
7.765330000000002
4.591169999999998
0.1818200000000001
-1.7012600000000013
-9.670111
-5.362950000000001
-7.412620000000002
3.8274800000000013
-6.439959999999999
-13.9674
-0.6083199999999991
1.7304500000000012
-1.01483
-3.4658099999999994
2.7186200000000014
-0.22152000000000172
-1.5442999999999998
-4.322230000000001
-1.5214800000000022
-8.35997
-0.4608900000000027
14.70636
-0.32643999999999807
-1.6644199999999998
14.027689999999996
3.43769
6.029690000000002
1.997119999999999
-4.940189999999999
-7.310401000000001
-10.180880000000002
-5.980580000000002
-13.043686000000001
-7.89356
-1.6895600000000002
4.432980000000001
3.402660000000001
3.073450000000001
-3.891600000000002
-1.1626600000000007
-1.0115900000000018
-6.877889000000001
-1.2497100000000003
6.89209
3.115560000000002
-3.0067000000000004
-9.29798
-2.9997500000000006
-4.50365
1.0727099999999972
-2.3455499999999994
3.294039999999999
-4.7004899999999985
-5.5572029999999994
-4.56982
7.015789999999999
-5.81456
6.72794
-4.449110000000001
-9.046523
1.5780200000000004
-3.6669400000000003
8.96126
13.93118
-9.654380000000002
-7.274462999999999
2.4200899999999983
1.9741800000000005
1.9606100000000026
-0.8447800000000001
-1.7397100000000005
-3.0086400000000015
-3.9925300000000004
-0.9403499999999987
-0.11346999999999952
8.55227
0.3797700000000006
-3.431919999999998
2.3523899999999998
-1.7524500000000032
4.27572
-2.08671
-4.225100000000001
1.0126399999999975
3.1667799999999993
-3.080549999999999
-4.285190000000002
-2.098959999999998
-2.7385599999999997
-8.98782
9.450520000000001
-2.188559999999999
-8.989946
-2.448170000000001
-8.93545
0.6321100000000008
3.008800000000001
1.1100899999999996
-8.425117000000002
-5.763039999999998
-10.554577
-5.60567
1.0143799999999992
7.872199999999999
3.723699999999999
1.2024299999999997
-6.749979999999999
0.03686000000000078
7.10474
-6.836760000000002
-1.493170000000001
-13.769086999999999
-1.1781600000000019
3.948939999999997
-2.031670000000002
2.2505300000000013
-4.96899
1.1222899999999996
-5.5434
-0.24887000000000015
2.477169999999999
-1.8410500000000027
-4.114930000000001
4.944800000000001
-0.6413399999999996
-2.65644
-0.3137100000000004
-4.36318
-4.60886
-4.282020000000001
5.139660000000003
-2.3702299999999994
6.098409999999998
-0.5976399999999984
-4.451190000000002
-5.3343799999999995
-10.896355
-0.11366999999999905
5.670859999999999
-10.340948999999998
-6.93369
-3.3698700000000006
-0.625350000000001
-1.4492399999999996
-1.1309400000000025
-14.894049999999998
2.1789000000000023
-12.106869
-6.79894
3.3930299999999995
3.0656099999999995
-3.9297299999999993
-15.908000999999999
3.1407799999999995
5.251679999999997
6.449290000000001
6.886849999999999
10.61487
6.66676
-15.106023
5.6433
-6.71026
3.6636300000000013
8.12134
-7.493980000000002
3.70721
0.9283000000000001
-2.5844799999999992
4.79674
-0.09708000000000006
-9.974509
-1.0441000000000003
-5.1775400000000005
6.603209999999999
-3.94111
3.9366699999999994
4.23151
9.083809999999996
-5.551599999999999
17.168549999999996
3.66226
7.2890799999999984
0.1246799999999979
12.17492
-7.012484
4.48659
4.13861
-2.47044
1.9130299999999991
-4.175130000000001
7.1440100000000015
4.665769999999998
-3.9078300000000006
-2.53866
2.128610000000002
10.31795
9.14656
4.5183
-12.959816000000002
-6.759320000000001
-4.925070000000002
-3.21762
3.6039200000000022
8.39207
4.472920000000002
10.06091
3.6855800000000016
3.943430000000001
13.664770000000004
1.8855199999999996
-0.5166300000000028
-1.2367799999999995
1.9298800000000007
-1.270859999999999
2.6590500000000024
-1.517990000000001
-4.431650000000001
-0.9034899999999997
-2.7470999999999997
-4.272259999999999
5.95768
-1.5881499999999988
-13.650165999999999
-14.955391
1.9669199999999982
0.12695000000000078
17.79847
9.310769999999998
8.29919
-4.248449999999998
7.4876000000000005
8.295489999999997
-2.789819999999999
7.720210000000002
-0.8882399999999997
13.289550000000002
-3.2705400000000004
-2.54786
-3.224210000000003
5.849499999999999
-4.793209999999998
-2.521559999999999
4.956619999999997
-4.398399999999999
7.90906
8.941319999999997
8.921610000000001
3.3674800000000005
-0.6085700000000003
1.86233
4.910489999999999
3.8139200000000013
-0.9778400000000005
-6.9565100000000015
5.083940000000002
10.371609999999997
-0.9490099999999977
15.526599999999998
-8.347290000000001
-4.296309999999998
-1.6256500000000003
2.0191300000000005
-6.469710000000001
-2.1096199999999996
23.012230000000002
-2.2342200000000005
6.4588300000000025
1.717839999999999
8.156259999999996
8.730569999999997
2.0765400000000014
6.2986499999999985
-6.874770000000002
13.761890000000001
12.896970000000003
-2.673009999999998
-1.1407799999999995
13.047559999999997
-2.927769999999999
4.458569999999998
-2.6649100000000026
-6.87771
6.433250000000001
-0.846820000000001
6.627939999999999
16.13197
-6.637980000000001
6.760179999999998
4.0579399999999985
5.47823
-0.26099999999999923
-1.4253
12.601670000000002
5.245799999999999
7.03486
-3.340439999999999
-12.252487
6.183000000000003
-5.580930000000002
-4.23545
10.598940000000002
11.392140000000001
15.3793
1.3356500000000011
-0.35733000000000104
-0.6013000000000019
8.579680000000003
-2.1340100000000035
6.788749999999997
4.8333200000000005
15.448509999999999
12.39181
0.02377000000000251
13.974739999999997
8.108179999999997
4.39819
-1.2926599999999997
-3.7039100000000005
-1.0062200000000026
7.116340000000001
2.2310300000000005
1.612280000000002
10.766570000000002
10.26538
-4.8298900000000025
-9.411974999999998
0.49131000000000213
13.589649999999999
-0.18533000000000044
-0.5805199999999999
-4.706570000000001
0.6181300000000007
12.17631
-0.35001000000000104
9.31417
6.403840000000002
7.78838
3.4223999999999997
1.5136900000000004
8.10578
-6.31166
9.537979999999997
-1.5591100000000004
-2.9577799999999996
-4.763009999999998
1.9581599999999995
3.13739
4.104509999999998
-10.075779999999998
0.43552000000000035
0.26055000000000206
1.9549699999999994
6.166119999999999
2.275639999999999
-4.289340000000001
-0.09707000000000221
-1.6958100000000016
-3.657820000000001
3.629929999999998
-2.4177099999999996
9.393889999999999
0.09162999999999855
3.2948899999999988
-5.899740000000001
2.3445500000000017
11.106549999999999
8.709799999999998
6.076729999999998
12.260690000000004
4.3217500000000015
-0.44872000000000156
0.8342099999999988
7.82105
-0.6339900000000007
20.84696
9.981110000000001
-4.345730000000001
12.781860000000002
2.2175200000000004
-2.457889999999999
2.8335500000000025
1.2973700000000008
15.405539999999998
-1.1797900000000006
15.30742
-5.040489999999998
11.245539999999998
8.40313
5.642410000000002
-5.359610000000002
12.85349
1.4661399999999993
1.4329899999999967
0.8774900000000017
10.026639999999997
1.848559999999999
-1.090440000000001
3.7059800000000003
0.8067600000000006
0.25778000000000034
10.776300000000003
8.106840000000002
-3.5577599999999983
1.9935700000000018
-1.292189999999998
3.2644599999999997
2.8020300000000002
11.544099999999997
1.3452699999999993
12.535260000000001
-4.986330000000001
7.15156
-0.4690700000000021
9.64923
-0.6440599999999996
2.2268799999999978
-0.4706499999999991
14.439069999999997
-3.3944100000000006
10.582709999999999
2.840209999999999
14.124929999999999
0.7782699999999991
-1.1445100000000004
1.8629499999999979
5.397690000000001
11.676449999999999
5.708960000000001
4.763359999999999
1.3568400000000018
7.629860000000001
8.27808
4.275380000000002
-0.8701000000000008
4.097719999999999
8.15645
-1.3786099999999983
0.02710999999999686
4.787889999999997
1.340209999999999
3.746039999999997
3.4015800000000027
-8.546249000000001
6.823089999999997
2.7005800000000004
5.057789999999997
0.7465800000000016
8.838700000000003
4.841339999999999
5.162330000000001
9.665620000000004
11.746759999999998
2.5806000000000004
1.3113799999999998
13.594219999999996
13.481570000000001
19.35963
13.96601
23.87443
14.417749999999998
1.5146000000000015
3.1344400000000014
7.646189999999997
-2.4800700000000013
1.6706699999999977
-1.4722100000000005
5.98152
7.339790000000001
-7.894589999999999
3.46002
18.609630000000003
5.004660000000001
-3.7616099999999975
13.890259999999998
7.207369999999997
2.6061499999999995
14.64903
3.6910999999999987
12.273730000000004
12.19048
1.6090300000000006
11.756409999999999
-0.6939799999999998
19.554799999999997
7.185049999999997
13.62943
-1.2874300000000005
1.8308900000000001
20.64585
3.4622400000000013
15.01004
15.46586
13.45215
13.26034
12.559149999999999
5.759809999999998
4.766460000000002
-1.168020000000002
1.9494299999999996
2.118359999999999
5.413050000000002
8.70599
7.098769999999998
-0.6661799999999971
10.975149999999996
4.756779999999999
-9.7046
-2.6035499999999985
2.1601800000000004
-5.382670000000001
7.302810000000001
9.401399999999999
-0.9095699999999987
3.7833900000000007
-8.181679999999998
2.3548599999999986
4.313849999999999
14.770919999999997
12.116769999999999
3.058160000000001
6.994110000000003
-2.4598900000000015
-0.019849999999998147
5.708220000000001
3.5701199999999993
6.506730000000001
5.7311499999999995
8.921990000000005
5.368930000000002
14.391699999999997
4.48948
8.272569999999998
5.463630000000002
8.706109999999995
4.96904
-1.453949999999999
-9.951345
4.0564
16.57681
5.8018
10.581499999999998
-0.09407999999999817
6.108629999999998
-1.0991500000000016
16.262299999999996
10.33688
1.74043
6.818529999999999
15.718400000000003
3.7376700000000014
-8.69102
0.9154099999999978
4.779419999999998
-2.7413500000000006
4.139240000000001
8.90877
11.311119999999999
9.74664
-3.487750000000002
6.434899999999999
11.030449999999998
6.537700000000001
5.833729999999996
7.5884399999999985
12.883840000000003
10.668469999999996
9.878150000000002
11.321270000000002
14.289190000000005
6.021549999999998
3.3978499999999983
-2.07648
7.63448
12.8173
3.7869600000000005
23.611210000000003
4.414550000000002
0.6686699999999988
-6.573789999999999
8.04319
-1.5471299999999992
13.42776
0.8944699999999983
-1.2030700000000003
-4.254359999999998
3.2282200000000003
10.89902
13.099999999999998
-0.07744999999999891
0.2859499999999997
8.537790000000001
-0.04264000000000223
2.3968500000000006
11.528319999999997
8.258839999999996
16.486909999999998
7.1123699999999985
2.8668000000000013
2.359680000000001
6.892939999999996
4.806299999999997
6.450560000000003
2.682690000000001
5.5710400000000035
6.331969999999998
3.5492500000000007
2.447800000000001
10.977060000000002
2.584530000000001
-1.4049699999999987
-3.255969999999998
8.059149999999999
0.48072999999999766
12.566759999999999
5.329510000000003
12.458939999999998
19.36525
6.1627800000000015
-0.26020999999999717
4.907
9.44584
12.3015
12.42718
8.655000000000001
17.371449999999996
6.562349999999999
3.7193900000000006
16.87167
6.571670000000005
3.0303499999999985
-4.51801
9.459749999999996
19.794090000000004
6.388129999999997
6.862539999999999
10.177410000000002
14.187929999999998
1.3793100000000003
1.0215399999999981
-5.122399999999999
6.173220000000001
14.450219999999998
9.8473
10.542110000000001
-2.708729999999999
15.612100000000002
-1.9740800000000007
-4.947520000000001
8.099330000000002
0.1744899999999987
2.9997299999999996
