13
15
19
55
102
115
121
165
210
221
231
249
253
277
332
347
361
373
382
383
414
471
508
528
548
556
568
585
592
595
645
655
657
668
700
708
715
722
750
784
805
823
850
858
864
924
934
941
944
968
983
1000
1053
1065
1084
1190
1195
1205
1222
1236
1245
1248
1268
1273
1277
1290
1292
1320
1348
1370
1379
1387
1390
1416
1445
1493
1496
1508
1511
1538
1539
1548
1564
1612
1670
1675
1717
1723
1851
1856
1877
1891
1896
1920
1935
1937
1940
1942
1953
1965
1976
1981
2001
2004
2028
2074
2086
2092
2093
2097
2109
2114
2132
2154
2169
2178
2196
2263
2277
2280
2299
2327
2335
2341
2355
2359
2398
2400
2433
2520
2534
2551
2626
2649
2671
2682
2709
2723
2744
2765
2770
2781
2783
2785
2825
2845
2862
2879
2925
2926
2948
3000
3043
3069
3079
3174
3183
3233
3241
3244
3251
3262
3264
3276
3289
3290
3301
3303
3333
3338
3344
3345
3346
3358
3368
3376
3378
3384
3385
3416
3426
3449
3459
3466
3493
3526
3533
3563
3582
3620
3626
3639
3667
3687
3698
3701
3707
3709
3729
3737
3741
3822
3847
3857
3865
3949
3966
3995
4025
4049
4064
4080
4109
4119
4168
4171
4177
4213
4224
4234
4236
4256
4262
4283
4288
4309
4354
4421
4428
4466
4486
4542
4549
4552
4553
4584
4600
4612
4630
4649
4651
4664
4727
4747
4781
4794
4826
4840
4906
4912
4921
5007
5051
5065
5066
5110
5112
5134
5194
5221
5246
5265
5290
5298
5299
5303
5386
5389
5432
5443
5463
5532
5549
5558
5567
5570
5582
5613
5620
5626
5631
5632
5688
5718
5720
5730
5740
5752
5760
5761
5773
5805
5809
5831
5833
5955
5993
6042
6046
6052
6071
6079
6093
6100
6101
6127
6137
6161
6169
6179
6243
6318
6329
6340
6372
6385
6393
6401
6420
6427
6458
6460
6464
6486
6489
6496
6501
6521
6531
6538
6621
6647
6676
6684
6694
6761
6773
6774
6776
6797
6837
6839
6871
6922
6930
6949
6987
7003
7004
7043
7061
7086
7090
7095
7099
7103
7151
7167
7177
7189
7211
7213
7264
7284
7311
7313
7314
7319
7359
7382
7393
7417
7434
7436
7437
7445
7446
7508
7539
7568
7576
7601
7602
7613
7652
7660
7666
7706
7707
7714
7724
7742
7746
7760
7764
7781
7784
7794
7806
7844
7906
7921
7934
7937
7979
7981
8011
8035
8052
8068
8075
8080
8113
8132
8140
8146
8149
8154
8189
8210
8214
8241
8282
8307
8359
8364
8379
8388
8436
8510
8558
8566
8616
8656
8721
8775
8803
8865
8886
8888
8899
8911
8919
8936
8959
8967
8973
8984
8986
8990
8995
9026
9042
9051
9086
9128
9146
9175
9189
9195
9221
9249
9272
9279
9316
9330
9336
9387
9397
9413
9461
9476
9487
9498
9510
9513
9525
9527
9545
9565
9595
9597
9600
9603
9609
9625
9632
9672
9734
9742
9745
9831
9869
9872
9882
9917
9942
9950
9974
9975
9991
10012
10025
10038
10045
10050
10053
10072
10104
10170
10222
10224
10239
10252
10296
10324
10333
10339
10357
10417
10423
10448
10452
10455
10457
10460
10502
10517
10539
10575
10621
10625
10632
10643
10645
10650
10655
10686
10711
10732
10737
10776
10777
10807
10822
10850
10862
10878
10914
10919
10952
10966
11013
11018
11092
11104
11132
11136
11143
11148
11160
11184
11224
11281
11298
11323
11329
11338
11357
11363
11397
11407
11418
11424
11474
11476
11481
11498
11526
11542
11566
11608
11613
11635
11670
11681
11684
11723
11758
11784
11787
11790
11798
11820
11845
11872
11875
11885
11922
11951
11954
11956
11972
12006
12075
12085
12094
12095
12137
12182
12203
12204
12231
12265
12324
12353
12364
12374
12389
12413
12438
12444
12453
12485
12487
12495
12504
12543
12571
12652
12676
12680
12710
12743
12806
12849
12886
12890
12894
12917
12926
12951
12960
12965
12969
12971
12980
12982
12999
13001
13042
13061
13075
13081
13091
13107
13108
13150
13169
13207
13218
13222
13244
13263
13268
13287
13312
13317
13319
13342
13374
13393
13415
13428
13471
13499
13563
13567
13580
13586
13590
13593
13655
13675
13680
13681
13689
13690
13696
13720
13721
13773
13778
13820
13839
13858
13873
13877
13882
13887
13889
13983
14029
14042
14059
14060
14068
14089
14090
14126
14155
14170
14171
14174
14210
14261
14265
14304
14360
14390
14402
14413
14426
14440
14444
14447
14452
14464
14488
14508
14540
14565
14611
14617
14652
14656
14659
14709
14712
14719
14734
14761
14783
14818
14819
14833
14907
14920
14948
14965
14976
15006
15057
15068
15082
15125
15170
15206
15211
15216
15223
15260
15272
15282
15313
15344
15349
15351
15372
15375
15413
15414
15424
15474
15477
15499
15512
15533
15570
15611
15615
15624
15635
15655
15658
15676
15685
15765
15767
15778
15785
15804
15806
15821
15837
15843
15864
15886
15918
15952
15977
15995
16004
16029
16033
16036
16079
16124
16162
16164
16183
16186
16203
16270
16300
16353
16367
16375
16381
16389
16403
16418
16419
16421
16526
16531
16534
16555
16558
16600
16606
16617
16643
16702
16726
16772
16778
16780
16784
16788
16799
16807
16821
16849
16854
16865
16930
16940
16962
17002
17004
17036
17044
17062
17071
17125
17143
17148
17158
17184
17208
17219
17236
17242
17253
17285
17369
17397
17405
17446
17448
17449
17451
17458
17481
17499
17507
17519
17555
17561
17570
17572
17580
17608
17631
17663
17673
17681
17743
17763
17767
17793
17824
17839
17860
17879
17881
17918
17959
17960
17978
17989
18034
18066
18075
18122
18137
18146
18148
18149
18177
18194
18218
18225
18237
18240
18253
18265
18284
18304
18330
18335
18388
18401
18417
18418
18436
18450
18454
18457
18493
18497
18545
18562
18565
18575
18612
18710
18721
18739
18763
18788
18810
18824
18828
18887
18915
18933
18935
18938
19064
19074
19082
19086
19094
19123
19128
19133
19155
19160
19192
19194
19199
19243
19274
19279
19362
19373
19388
19454
19471
19527
19529
19530
19552
19565
19586
19603
19608
19611
19617
19631
19693
19721
19798
19800
19822
19875
19878
19880
19911
19986
19987
19993
20004
20052
20103
20123
20153
20160
20178
20215
20219
20263
20267
20271
20274
20302
20318
20332
20354
20372
20385
20386
20397
20400
20411
20414
20428
20443
20451
20476
20483
20560
20566
20573
20588
20605
20614
20625
20626
20630
20635
20658
20710
20739
20741
20791
20819
20824
20844
20867
20868
20890
20920
20927
20929
20956
20977
20979
20999
21033
21036
21045
21067
