14.75681
22.15858
6.440553
14.17065
23.73548
20.16719
18.25513
12.29209
21.71179
12.91355
10.68652
17.26637
14.95893
16.0953
25.12031
20.13644
10.82903
15.24002
8.086548
19.3239
17.69003
16.83427
10.74243
11.91467
20.20845
22.11367
16.18113
20.01764
18.03081
17.96479
6.188163
20.68536
12.75218
21.9593
21.65675
17.62375
23.08393
10.01784
9.326147
13.96623
14.4386
13.40903
12.79614
23.05211
21.49154
15.48999
21.72461
23.33056
15.44921
13.94417
34.00225
16.29823
24.31826
17.90492
13.52154
-6.07039
-2.125826
10.44207
8.813383
10.25156
5.794223
6.31977
10.4059
12.1838
4.665623
3.840842
10.18875
5.2858
6.230324
0.4113807
4.820444
2.41809
6.990932
5.237607
10.5707
9.596422
7.257399
9.65122
3.576341
4.158582
2.961738
10.7959
9.058775
11.17697
-2.399092
5.686941
8.011813
7.052206
11.13074
10.71297
-1.568262
5.637501
9.28819
9.17341
11.62943
-3.332716
-2.012768
8.937393
11.16492
15.36799
7.878897
-0.3213738
15.33253
2.292096
0.816682
8.161434
9.253536
10.78395
12.06454
12.05397
5.934705
4.880929
8.077979
16.5568
16.29945
8.570639
-0.3333196
-6.86316
0.7778543
2.660341
6.667292
2.098555
-4.11298
5.273787
7.67392
8.361466
-2.041527
1.027959
10.66589
7.56468
12.18102
12.97384
2.827949
14.19319
9.565215
5.098047
16.8104
6.530501
6.319541
14.57323
13.8676
11.40721
9.952754
4.314107
10.69352
9.429244
6.890094
9.955401
3.707275
12.87273
9.044935
7.951379
-2.484793
7.021991
4.927488
10.06805
9.985381
4.220844
10.56912
9.31267
14.58165
11.10804
12.73545
10.25046
14.09275
8.443406
5.519852
9.795328
9.025609
5.597817
12.47574
10.84392
8.715327
7.15071
20.88448
3.766246
11.19186
12.02799
16.5709
5.194898
19.81698
5.107522
15.10573
11.42068
5.177814
6.197705
11.70573
14.20511
7.021683
6.827286
10.05065
8.568395
4.427091
7.775719
15.0862
16.9487
12.81585
16.45613
14.94594
7.185162
1.80538
23.01606
12.17517
12.82799
17.99036
8.330686
14.26455
4.4002
5.412176
20.01291
9.935669
11.89012
9.175584
6.934258
21.63345
5.82295
15.65639
9.957315
13.03508
6.227272
3.396445
11.20485
5.175428
9.362949
11.80057
10.67967
0.8551181
7.339965
12.12566
7.981975
3.165859
2.243713
10.56291
7.904482
10.24793
10.75051
5.345931
15.91776
13.35338
8.709018
11.42133
17.37083
7.973799
4.68091
17.15054
9.111089
18.79371
8.027944
12.92433
9.849322
11.49558
3.635601
19.18757
7.171253
11.3984
14.80314
17.27413
17.86625
10.82115
11.44071
20.69517
16.61954
7.455934
15.7584
19.11262
22.69138
9.1314
20.08319
18.36334
17.63116
6.744628
24.25915
13.86462
14.05663
17.90273
9.794225
3.25552
15.08534
12.04597
14.60722
17.79298
14.40162
5.730771
14.18779
20.60801
10.21238
10.23212
16.6936
21.38285
20.93196
7.586364
11.8195
12.35411
12.06167
16.93722
12.54926
6.92094
0.9415142
5.46261
7.020016
11.01725
7.913077
7.909728
11.27294
10.54955
19.1088
7.915615
6.138334
6.451458
10.30791
17.25575
12.25768
10.23529
10.91406
19.67569
10.3622
12.94899
15.22893
15.94567
18.54617
14.33429
10.62921
10.85341
14.82502
11.40893
8.796626
12.84179
8.897666
8.712215
1.41977
11.06511
6.779465
3.853939
16.14779
13.51984
11.07656
14.54418
7.100393
10.48979
10.49554
10.65734
12.94862
12.4818
11.98129
7.164131
11.51921
10.62577
10.7248
10.50195
14.79902
14.84212
7.797256
10.05003
9.216532
8.277446
18.2488
21.38083
21.46151
12.08622
14.272
13.98427
21.2096
10.73974
14.88119
12.01209
17.519
17.78973
18.15235
21.21929
18.91295
27.76784
19.08959
19.43082
11.01776
15.33114
22.66893
17.86625
7.181454
15.78118
8.188904
6.485756
12.60506
20.2439
8.86134
11.69007
17.29149
8.411263
16.46958
18.51658
13.55135
19.76935
11.91088
16.38009
19.53023
7.797917
14.28674
15.30221
13.94301
10.99096
13.07295
5.292385
23.63788
13.16558
13.0303
12.7666
20.02634
10.75279
21.01533
17.01257
22.21976
14.85765
11.07597
13.44748
8.682409
10.6353
19.50515
14.52728
21.43544
20.79775
19.61376
18.61115
12.01225
19.55883
9.038832
21.14708
19.81029
11.42894
18.6424
14.2165
16.77053
16.91091
15.56306
12.46774
10.07992
15.25874
15.58705
9.165624
20.32485
13.75013
16.11263
19.68527
13.95704
10.08949
13.7272
11.03835
13.44711
10.76244
17.46597
14.46065
19.38255
13.17805
13.05885
10.78424
13.54654
21.60107
22.57291
11.93671
17.23778
4.287422
15.84802
25.0621
19.88038
18.80474
21.65712
22.39817
21.05086
15.22349
15.51358
16.57628
16.77708
28.59374
26.12126
22.55239
19.5184
17.42892
12.41993
22.49977
13.38899
16.62092
10.57859
1.461675
14.99491
9.265598
24.30169
10.35925
19.17863
15.3331
11.86418
17.42661
15.80144
16.34433
23.04932
20.16259
14.68837
18.61916
19.30046
18.37645
21.79579
9.944992
26.20257
17.6214
18.55826
18.28784
14.28862
16.10709
16.31906
16.11524
21.76078
23.04776
17.91706
21.81675
18.13302
18.62344
18.82721
16.65652
23.0785
11.26736
22.87283
21.18278
18.32997
20.00723
17.60613
16.47562
5.898538
15.80577
22.50824
21.25079
15.09272
9.293613
21.55817
11.06386
17.01025
23.59048
17.44467
17.07886
12.47585
17.21423
22.79598
22.27715
21.20868
15.53014
15.07999
13.92026
23.72109
15.24628
25.07266
15.1598
22.73911
11.75645
4.041066
17.06658
16.54248
16.90683
20.70328
19.81584
11.26146
20.962
22.86685
25.27655
24.56619
28.4214
18.8174
16.10939
22.72695
20.25694
19.7668
17.75497
25.91203
15.88463
18.92983
21.25738
22.33894
17.52262
23.68386
16.24267
29.17731
17.86333
15.88042
19.33287
19.55848
19.44649
22.66727
18.76338
19.16704
24.6811
19.38114
20.70935
19.79215
16.37152
16.89071
19.02519
25.64787
24.70202
21.10167
20.58308
12.57433
23.83586
18.64785
17.6431
20.47609
25.49886
19.63045
23.70325
16.2726
15.142
12.99867
19.75339
12.21748
18.67698
21.42734
22.74829
19.32108
32.18972
17.59487
21.78054
18.1606
22.65273
25.22342
24.62503
12.41147
17.25178
21.76141
17.74067
21.52655
12.29717
8.75834
20.18424
15.51495
12.39079
10.57199
16.75598
18.09766
23.6402
24.21975
17.74107
21.24044
19.25659
28.30375
15.71376
19.06414
23.50517
22.89633
25.25235
23.91288
27.34425
18.30586
14.34157
31.75875
15.379
25.78134
23.89016
22.06393
21.35794
12.16055
22.01333
20.64081
23.5189
17.37081
21.34504
20.61963
27.26425
24.61044
27.11836
26.14957
25.43977
22.98897
31.99959
26.37142
31.8998
19.1658
18.55352
23.46526
23.09847
21.10774
14.73237
23.97648
23.78003
23.56866
25.84571
28.96658
24.46302
26.44139
22.02996
31.03456
25.02794
23.91606
31.67336
28.52439
27.90331
20.56428
24.72017
16.67762
31.21859
23.13421
23.43905
20.55796
29.64312
15.80008
24.04274
28.54873
20.17631
24.41401
22.79104
23.86059
23.40895
22.88085
26.0752
30.33055
31.05924
21.8698
17.00542
24.07478
18.06272
18.72841
26.64015
30.00863
32.69774
25.64013
21.77986
21.97979
27.89469
25.71856
24.91183
29.43193
17.05574
31.20762
24.40159
24.38581
23.2069
24.17909
22.98373
18.55326
21.6487
19.4715
24.74799
18.15138
28.21651
19.53101
23.51226
23.72788
20.51613
25.23701
27.70762
24.2364
29.54439
22.2925
20.79117
22.42424
20.05561
20.25931
25.99982
24.94431
21.51234
31.08851
26.73039
25.67262
31.20148
25.79964
21.56038
30.99617
38.54721
29.48642
30.06443
21.36708
21.19182
21.42199
29.8817
28.81127
37.45539
33.54494
24.98318
31.76257
29.5372
24.43179
24.88458
34.88889
26.69715
30.61286
30.35237
29.86297
23.451
27.7914
18.06981
26.95545
29.92827
22.12696
38.71443
26.7114
31.95688
21.6292
35.18642
26.71799
26.32379
22.58424
28.73119
29.12937
28.76461
23.71617
29.22581
23.40506
30.91021
33.98219
23.71034
22.62661
27.62515
29.17154
28.20824
21.63008
31.91381
35.174
36.18235
30.28589
30.95085
24.27682
23.18878
32.63497
19.82442
31.35626
26.74052
31.37523
35.34756
24.84595
27.02554
23.79795
18.55066
26.87723
26.87968
24.04835
30.5195
19.42408
25.89493
24.93616
30.90284
36.92018
32.53802
19.50194
18.28761
30.43953
22.76964
26.76092
32.332
25.31984
25.81054
21.22674
32.45531
18.11459
25.25536
23.88437
23.07777
17.18836
25.41728
25.54881
30.58843
27.78023
22.76311
24.47669
29.91099
24.68147
27.0914
30.81632
33.46316
25.846
23.97465
25.14016
27.57187
27.64419
25.62384
23.05198
25.19847
21.77419
32.60411
30.00632
34.93115
30.82235
30.34705
26.91301
42.72688
24.10266
21.16493
31.9256
25.6589
34.61299
25.09771
25.76544
28.98522
32.17382
34.51336
27.7709
32.52882
26.7753
30.54313
33.15782
25.93372
30.30286
28.37511
30.61599
30.99753
26.55704
31.0507
25.18781
24.24169
21.5458
26.2869
18.00615
24.77081
29.91413
30.89756
20.91527
23.1722
34.65318
29.33359
33.1264
27.34946
26.87489
27.63986
25.96146
32.75339
24.59284
36.51899
36.68279
38.52948
32.78787
31.75435
33.5369
33.07088
28.73458
27.03204
28.84368
23.97623
30.15202
37.02646
23.89953
29.52481
28.16457
26.80468
21.50852
30.50291
28.70172
30.72463
29.55262
38.55581
16.35545
34.28457
27.36367
24.45251
20.27557
26.78701
23.43614
28.87327
23.98512
27.9946
20.66805
32.39489
21.64371
25.53355
32.22716
33.94136
27.78288
31.67
24.05126
28.47672
27.77618
33.25331
28.98205
29.68982
34.1614
30.54125
29.22563
38.6486
30.50696
34.39947
31.16023
32.00112
39.75291
24.7225
34.52299
27.1555
29.81932
32.5626
39.43478
29.54326
31.27482
36.51745
29.0198
24.82354
22.39127
30.25573
33.1381
33.10775
35.38194
34.99269
31.33638
30.28356
36.3186
29.70622
44.42599
26.23188
31.41054
40.7731
30.69298
39.94136
31.8721
29.51455
31.66144
34.31543
29.48324
20.27161
33.6794
38.14267
20.21864
27.27758
28.25833
33.15175
33.88094
29.56088
31.49548
24.51584
27.97589
26.52981
34.47895
28.35115
35.68119
33.0592
37.65212
35.56595
32.04196
32.56053
34.45564
32.89091
21.81537
30.922
35.3311
30.70131
29.72966
26.52896
34.37791
31.65987
39.82324
33.86895
30.3258
38.39608
35.29612
30.3246
38.86192
33.42222
22.0913
30.02831
20.59198
34.69205
27.0212
32.17327
27.26994
34.32275
31.87356
30.56525
