2.917787
2.689372
-7.85624
2.019232
3.460194
5.112359
8.834207
0.8886262
7.901495
-0.6428481
0.08331815
6.418614
-2.241397
2.526566
1.963469
6.914246
-1.090034
0.3556517
-2.678811
5.251291
2.269062
3.301763
1.703883
0.2406273
6.217864
3.752347
7.269484
6.245729
4.963242
3.641369
-1.445474
6.49304
1.804729
6.213159
1.274154
7.269589
11.35851
2.342721
0.3559345
2.399199
1.361363
-0.3827502
-0.8829545
6.77914
6.382727
2.291926
9.436977
9.162013
-0.1348538
3.576257
11.14425
3.558302
9.017605
2.287922
-3.186819
-10.42589
-10.86078
-3.868038
-5.173144
-3.687284
-11.44511
-10.72081
-7.30203
-2.217821
-8.94712
-11.99525
-9.704823
-8.345715
-5.141181
-11.42347
-8.122985
-9.197102
-8.352014
-8.820913
-4.027635
-6.213693
-7.572043
-6.653616
-8.285062
-9.100634
-8.20587
-5.886154
-5.558912
-6.611062
-11.71418
-13.63079
-4.324919
-4.845193
-1.253569
-4.625184
-12.65143
-7.880181
-6.253785
-3.5175
-4.561211
-9.876704
-12.01854
-7.746077
-4.268708
0.56293
-8.7073
-12.62551
-1.445931
-5.916292
-11.23559
-7.364828
-5.817248
-3.263598
-8.188476
-6.024025
-8.941114
-9.41085
-8.121981
-1.739923
-2.716762
-6.222549
-13.42449
-16.49568
-7.708283
-4.981097
-10.37268
-8.483351
-12.10644
-11.65702
-12.18515
-5.449769
-13.63201
-13.73386
-3.063414
-8.910295
-3.695965
-3.342634
-5.427435
-1.98669
-4.339376
-5.255173
-2.723812
-6.64658
-8.132945
-4.481962
-3.311374
-1.636694
-5.739927
-6.702181
-2.606137
-7.282668
-6.971614
-8.808969
-10.48708
-5.141164
-9.695536
-10.48798
-12.41397
-8.433419
-10.76805
-8.779227
-4.847626
-8.123998
-3.466515
-11.94082
2.763962
-2.362414
-6.923162
-6.351963
-3.029099
-11.26228
-7.674532
0.2549638
-4.108986
-6.429064
-5.37639
-8.63326
-7.104833
-8.010749
-1.157758
-6.022022
-5.412795
0.8453191
0.3067668
-5.812603
-2.449181
-9.410298
-0.6376541
-6.144641
-10.09722
-6.824796
-3.553157
0.9656973
-2.995291
-7.364962
-3.422344
-5.096124
-8.114953
-7.07191
-1.631736
-2.776653
-3.87731
-4.486303
-1.130171
-4.487167
-12.45096
4.450217
-1.979311
0.9595133
-1.543929
1.009109
0.2748991
-11.06037
-4.003794
0.2803277
-0.9455986
-4.675339
-0.7653495
-4.967063
1.7687
-7.210475
-3.334052
-2.823131
-5.68862
-8.399917
-9.438627
-4.374796
-2.117853
-7.830831
-4.657539
-7.013736
-13.38028
-6.421263
2.931749
-5.336204
-8.203106
-8.591446
-7.18665
-7.659858
-1.039161
-7.934716
-4.792813
-1.14628
-7.774063
-8.747627
-5.251771
1.190735
-8.318613
-11.99783
-5.853152
-1.379731
1.687661
-7.843577
-2.690253
-4.259084
-4.288712
-11.46558
0.3453971
-6.965616
-3.498346
-1.609003
0.603755
4.384157
-6.741154
-3.628483
-0.9311737
-2.582069
-9.00981
-8.287407
1.50414
4.368561
-7.69718
-0.1148775
1.969413
-3.509623
-10.95201
1.029194
-7.262165
-4.506646
-1.381437
-5.390196
-5.270827
-8.186515
-1.388565
-4.519978
-5.707233
-7.291513
-13.13272
-4.904238
-5.386687
-5.265451
-9.769327
-1.083658
2.859406
2.575936
-12.77264
-2.71766
-2.033485
-1.091354
-4.056245
-4.202541
-7.560314
-6.179905
-7.863678
-5.897042
-5.008773
-9.644378
-4.639058
-0.8584435
-8.07741
-1.837377
-2.942921
-6.323728
-5.658357
-2.321786
-4.606078
-5.327361
-9.95693
-8.650385
-2.73654
-5.708577
-1.140468
-2.414943
-1.475573
1.20894
-0.5816943
-7.802362
-7.892408
-6.893329
-7.565819
-4.863098
-4.328545
-7.692211
-6.435529
-11.66634
-2.138502
-10.43135
-0.07263453
-6.582049
-3.611927
-1.509143
-3.755548
-4.885838
-6.981612
-7.264889
-0.8212392
-5.180481
0.1362433
-8.886302
-1.98983
-5.990755
-5.327784
-4.040252
-2.062968
-4.374275
-2.218109
-9.765836
-1.155349
-1.328372
-7.23832
-0.864039
2.367864
1.114348
-2.870243
-1.192557
1.364046
2.613705
-3.434219
-2.12675
-4.562311
-0.2084055
-1.911201
-0.939178
-1.487532
-1.117676
2.989757
-0.6022513
0.8627907
-11.23704
-6.214647
-0.8953421
1.283069
-5.714756
-2.366979
-5.934484
-10.58046
-7.243926
-2.099763
-6.86263
-0.5112598
-3.64167
-6.26343
-8.895146
0.6131689
-4.0288
1.755172
-7.444136
-2.297022
0.5252904
-7.738484
-0.894783
-5.487247
-1.580885
-5.974999
0.3956496
-7.8837
7.2782
-8.286093
-3.833399
-6.603925
3.161205
-4.595892
-8.491885
-2.659719
-0.7011774
-2.571031
-1.100433
-5.954707
-5.716379
-11.07298
-0.7913092
-5.007663
4.372377
2.676553
-2.653845
-0.405551
-2.030514
0.6683436
-1.648961
0.9511178
2.204763
-4.384401
0.7591356
-5.814179
-1.764202
-1.316202
-1.661537
-4.429856
-5.735942
-6.215816
-0.1768471
-7.841376
2.781174
-4.511156
-2.555018
-3.015514
-2.612567
-8.539718
0.07860122
-3.931492
-3.16346
-3.072299
-0.03571486
-3.875022
-1.317712
-4.919034
-6.423877
-0.3905773
-6.673415
2.269426
-0.2834312
-7.388755
-0.2253713
-5.321073
3.839933
6.275489
-1.184705
-0.8837823
-1.274396
-0.8375944
-0.9368738
-0.2934628
-2.74265
-2.806366
2.90307
7.075976
3.972227
2.969849
2.24191
-2.945629
-6.734958
0.6683293
-7.511917
-0.9971044
-2.59559
-8.131306
1.98969
-4.595041
-0.2321106
-4.798332
2.059479
0.1478933
-7.928105
-3.050754
1.662536
1.056885
1.356375
-4.698678
-0.6022161
0.1065663
1.594126
0.9594293
2.191573
-4.10889
1.315786
-0.7410173
-0.4477416
4.076247
-4.915286
-0.393969
0.5723643
1.456486
1.694974
5.291835
-0.8320633
3.032672
-1.479109
0.9966463
2.9128
1.54271
3.555328
-4.8999
-0.9872347
3.106903
0.8684998
2.496772
-1.316613
1.664528
-8.811133
0.6346739
6.689284
0.3526437
0.7667618
-6.160473
1.777546
-3.580497
-1.711526
2.369312
-0.7710398
-4.108092
-6.97182
-5.742279
-1.56823
1.286965
3.541669
-1.410252
-2.822701
-5.026026
5.818593
2.199219
5.288262
-2.02963
0.3086909
-2.264814
-5.321608
0.04059437
-4.706086
-4.6904
0.9391712
2.089921
-4.857534
4.370385
4.433708
5.258217
5.114092
3.2451
2.519342
-6.765588
-2.390524
4.884692
-0.3360921
0.9915624
5.73936
-0.2412718
3.462507
-0.995276
7.042937
1.101907
5.314018
-5.493102
5.352163
2.488006
-4.325555
1.06435
3.370678
-1.664204
2.663699
0.9001505
-0.534073
1.60711
-1.553814
2.313727
3.01363
-4.504835
-0.5407651
-1.116499
8.373234
6.571683
2.591164
-4.626528
-1.727733
2.845788
-3.561815
0.5753712
-1.072541
5.263288
1.752287
2.24253
0.1538236
-2.347746
-2.670823
3.289333
-4.497374
0.4365692
1.00331
2.161594
-2.483066
7.264408
0.8383747
1.150009
5.413862
2.150928
0.4825373
3.30437
-4.525638
-1.640099
1.702292
-3.994308
2.291425
-1.793581
-5.46767
1.086483
0.0340938
-4.155688
-9.258158
-3.326087
-2.507837
1.023301
4.987859
-2.440499
2.459844
2.110711
4.343705
-0.2653838
4.540648
3.485701
-0.4510254
6.880836
3.17954
5.55154
0.7816237
-4.968262
10.91217
-2.551587
5.859216
6.507347
5.439099
0.9074321
-4.882864
0.7767706
1.174126
0.8041598
-5.052007
0.2781179
2.382821
1.748059
0.8945677
2.541059
5.220816
3.368855
-0.1595755
6.304806
-0.09426616
7.502027
4.596128
2.088457
2.207168
7.316677
-1.107263
-0.7634481
1.976572
0.8830956
2.164631
4.156853
10.33726
0.008967028
6.615708
3.737503
5.269231
4.290015
3.363832
10.93696
7.096781
4.499548
-0.3458709
5.432864
-2.298898
8.542524
3.975006
0.1634543
-1.89478
7.75257
-3.907183
2.688814
7.426829
0.7909495
0.4655254
-3.285751
5.683245
-0.4264499
1.918577
3.537687
7.436686
5.812571
0.8280528
-0.6804313
0.1331284
-3.031376
0.7865195
4.917953
3.961908
3.818223
3.369942
3.248069
2.273189
4.194794
7.377464
4.709223
8.880911
-0.4721933
7.320569
4.625506
2.825965
0.1393478
5.774191
-0.4073837
0.5230542
5.999165
2.039971
7.117266
-0.3257535
4.753779
6.411972
5.805827
0.2918373
-1.665771
3.182206
5.535891
6.578682
5.798325
5.908698
-1.069586
-1.060206
1.877265
4.743125
9.048195
0.7553714
2.389794
8.566369
2.803224
6.418962
7.803618
3.767179
1.301959
6.449154
12.19263
5.626937
3.252067
-1.09066
-1.968262
4.508783
5.807597
1.073513
12.4269
8.905589
6.89712
9.419587
6.872292
5.956551
0.8093685
8.912915
3.002645
7.201547
6.585862
3.064532
6.451147
8.826361
2.222997
3.768191
7.398587
4.634863
13.79849
4.428067
10.76214
-1.639386
8.05942
6.714403
4.352905
4.103623
6.399878
4.631754
7.296813
8.126939
4.90143
4.665397
10.66371
8.094699
1.880776
1.761338
3.777302
6.189043
4.199368
3.329025
5.824062
8.174295
10.24712
7.276225
4.518254
3.048477
-1.888344
7.584353
0.1210432
5.695923
2.614277
8.102631
9.418409
5.53614
8.150385
0.9248981
-1.062186
4.918824
6.291847
2.830196
7.127125
-0.2576006
0.7902206
3.312305
9.431091
9.492988
7.887179
-1.915857
1.38221
3.644486
4.008945
0.7840757
6.588211
0.8748704
5.859183
3.174465
7.422337
-0.3456789
0.6489278
3.195214
-1.543907
-1.093768
3.877201
5.264455
6.444493
6.515249
0.5590858
0.3512545
6.008931
7.994125
5.865454
7.252698
10.06469
4.75828
6.467537
3.294601
5.593518
4.641667
5.36791
1.240947
2.405627
4.269141
9.235876
6.507701
10.68989
8.097882
8.804628
0.0105018
13.6879
3.272173
3.777749
8.807971
3.510012
10.79819
-0.06791004
4.448175
4.459134
10.26335
12.00869
-0.4103664
11.63839
4.350719
8.38597
10.76606
1.446873
6.610076
8.277859
7.484335
4.798336
1.188947
6.006198
-0.7449893
4.733847
4.388114
2.912809
-2.124157
2.295422
2.834234
8.374755
-1.170384
-2.164657
11.89677
4.787435
12.81588
6.090603
6.127612
9.052102
6.127025
4.674111
0.9921258
8.883585
14.23307
11.9013
10.97567
7.9874
9.613321
8.142165
3.26195
1.824635
7.967972
1.487701
6.974774
5.828471
5.347776
4.397046
7.314306
2.19948
-2.148331
4.399984
9.053547
8.243976
7.673586
10.44439
0.02409863
10.91512
8.302728
3.932789
3.318459
6.98742
2.172685
8.828643
1.453234
10.42888
2.803951
6.861571
-0.07372275
5.898264
13.3528
9.353319
2.758776
6.086784
5.796413
3.514106
7.454188
9.227891
6.236618
4.972365
10.55428
5.989745
5.45961
9.149084
1.825507
10.28396
11.09068
9.680444
13.00849
-1.362853
7.749862
3.762711
7.843543
6.658264
14.729
6.631099
9.123334
9.403746
8.669003
4.974914
0.576408
8.160651
9.096141
8.896847
8.375281
8.987271
14.47946
6.491253
10.29694
3.072135
18.13592
-0.5613962
9.21989
11.53133
7.767212
17.34907
4.802896
8.120302
8.979425
10.54965
5.034019
0.1003387
12.80839
7.55041
0.5491623
3.687137
5.030237
8.393934
5.760859
7.885711
7.029806
2.90802
7.477557
1.329728
4.338387
1.671643
7.185452
6.085375
14.29542
5.353581
6.003555
9.035786
3.33741
11.32248
-0.4420531
4.468119
6.930497
7.870747
6.984444
-1.300393
6.71884
9.649109
10.89933
4.640796
5.768645
7.428299
11.19203
7.733059
14.95799
5.072888
-0.2035602
5.818613
1.764111
13.98846
2.822177
11.31388
5.810282
7.163475
11.88963
2.3883
