12.0171
17.21707
8.803122
20.41418
32.0339
19.46786
12.40158
4.416945
16.51724
12.37279
8.758799
11.76765
10.5354
15.48912
29.09993
19.10162
22.92935
19.37302
2.037105
20.16519
15.16451
19.89641
8.265796
18.28952
23.26704
22.51265
19.5649
27.58671
14.98711
15.84301
7.784084
26.32523
3.463337
23.45664
28.30629
19.76001
17.72758
13.70344
1.519899
15.94006
14.45117
5.485121
7.314862
15.7056
29.76925
4.229385
22.50228
21.82364
9.545376
15.25478
39.74788
17.60255
20.75125
17.9527
16.2357
3.614595
-9.806654
5.324882
13.66833
9.987842
12.39359
3.829567
15.72157
17.55381
13.71583
-3.489932
16.15935
-0.6335959
11.43343
1.873597
2.305219
-3.719879
5.175872
-8.969226
13.92961
17.34117
7.179279
2.133115
12.38298
6.88849
8.827502
13.59828
3.030726
11.00725
-8.529697
0.08380122
1.666089
3.987644
7.502601
6.462218
0.7813043
11.75288
8.824009
1.814587
13.53606
1.113922
0.8400499
5.28766
13.51231
19.22456
11.72921
-3.23937
14.71807
-3.396093
-1.726578
7.905912
8.612834
11.03068
17.88368
10.59241
3.782399
7.020287
11.18796
23.84779
12.91539
-0.8053276
-1.943335
3.34095
0.5436296
-4.185419
15.66423
3.978475
-3.859244
9.39891
4.425622
12.6804
-0.9459785
-0.08775789
15.14228
6.963129
21.7452
5.583898
0.8611103
3.891377
10.98756
14.54074
17.20665
0.07377466
9.402512
17.24774
18.74386
18.54182
8.384628
1.906773
1.995008
4.907162
10.35371
10.44084
8.76621
9.065776
11.73411
3.037284
-0.6652254
17.65279
12.86
13.7452
12.46536
3.432327
10.53771
6.744267
11.82004
10.6365
7.732489
13.06403
12.24964
-0.009418567
0.9722175
15.11237
4.994502
0.3876459
13.60601
7.073795
3.636546
14.57219
18.10903
8.205297
5.713556
14.32993
6.423198
9.684909
29.21212
6.749385
4.733458
5.189649
-0.240863
6.160061
6.334135
11.33118
7.346071
0.7137424
6.23478
10.05636
2.573946
4.454687
12.48746
13.94733
9.998885
16.01954
14.51671
7.840685
-6.754768
22.70876
15.97596
8.567253
19.34962
16.27053
18.44254
17.29282
-4.715308
18.64148
12.65024
13.30895
9.255181
4.223783
23.56421
-0.3897979
20.0512
13.34877
13.16106
12.72281
6.199156
12.45685
7.475775
9.23512
12.64948
12.08494
-6.154765
6.811304
10.99269
15.14428
5.644431
3.471993
12.15523
9.549497
10.72179
12.17217
13.98003
21.58387
13.32129
5.043037
14.41085
20.40659
3.037301
0.07533668
18.5817
7.364864
12.19881
11.85314
10.9317
18.2194
22.24437
6.257792
14.21268
3.52248
9.379524
11.69693
17.14182
15.79949
13.55067
14.09378
22.0501
14.62032
9.427661
12.1787
18.73526
27.22144
7.748512
14.70447
16.67726
21.70289
12.0107
28.5987
18.26584
6.415345
24.84842
22.8351
-2.959096
9.510084
11.31052
9.875023
15.17291
27.71529
5.252414
13.24306
20.28226
5.323468
1.766419
22.74128
14.26069
16.65227
7.456155
9.722961
10.81259
15.68674
14.43772
14.86249
5.136116
-11.52443
3.429656
7.5752
12.90674
4.202612
8.714639
20.6516
7.756298
9.338207
14.00097
-5.252738
11.99476
14.90043
18.18679
12.56851
8.031643
7.870995
19.84619
12.5142
19.68266
15.20278
20.1644
12.82149
6.065917
13.9351
17.84169
9.475914
11.47873
4.561985
14.05134
-2.037837
-2.298459
6.917584
13.37039
9.058699
2.193196
7.932742
13.88927
14.54842
20.72868
7.770859
12.54163
13.39844
9.606226
20.04938
15.83331
7.047133
-2.655957
7.837024
13.74603
21.04862
0.3202289
17.23723
12.38703
14.3574
8.476307
5.593171
8.283728
26.31197
18.45128
14.94961
10.78594
17.64294
26.63604
18.71084
14.94379
19.24529
23.75346
9.455619
26.8956
17.51983
24.56757
21.61968
32.33262
32.08568
18.59438
13.34303
14.01395
25.6263
21.84478
6.191103
10.16609
15.83413
5.621747
18.09557
12.8957
8.125251
10.38863
12.47324
2.285758
23.53777
24.20711
5.467746
5.045961
14.43305
19.494
17.07149
12.6566
22.16586
16.10937
12.50643
12.52195
5.483613
8.171801
17.01499
11.6973
14.42827
10.23513
22.80971
12.10625
13.28775
15.47916
20.06137
15.77433
11.56808
3.916062
5.61646
8.409993
19.86952
11.24395
21.63152
25.09497
21.80672
18.95264
9.753639
17.22606
3.264003
22.84001
25.89183
9.659391
22.99377
12.03074
32.33332
18.79361
14.95256
7.950947
4.734192
23.8955
5.210786
9.770267
16.28986
15.18384
17.1205
17.59751
12.81049
8.506842
10.98133
6.126151
9.516158
6.689839
12.88733
19.25857
20.81511
11.84969
21.34884
1.209902
18.38447
28.00964
18.93597
-3.981276
21.56184
6.060768
10.0815
26.54499
23.22757
13.06346
22.10029
23.63067
28.04109
19.40282
20.65399
24.64475
22.71818
26.39284
25.39099
22.46343
17.90135
15.7997
9.134532
17.95901
21.28067
17.02812
7.230943
-4.920236
19.83636
8.777665
23.63653
10.24031
20.07592
14.62359
17.05268
18.79358
20.25849
16.04237
15.36254
23.1836
13.39557
21.73914
24.44776
19.55378
27.55289
8.756369
20.41197
21.71814
18.94093
25.67195
11.42526
13.59851
17.54588
14.38461
31.99637
30.61514
16.59427
29.34476
10.35704
21.56219
20.33195
21.73362
21.34823
11.83843
25.80857
12.57168
25.28785
21.7789
13.37935
28.28501
11.59065
10.21153
24.44336
25.37135
11.97853
6.167332
14.3181
9.32501
29.91036
20.90745
14.23181
15.71038
13.94679
19.56294
19.55751
27.00301
34.7771
18.91163
12.56831
23.43329
30.58461
15.32492
22.57147
16.29896
26.96339
11.64854
3.715007
20.33983
20.58006
22.57035
21.11497
20.23617
18.22818
23.03982
30.53483
30.87737
32.20011
28.54382
15.46599
7.768957
28.82468
27.32528
20.24291
5.278784
25.21504
18.40424
18.28833
17.74981
20.01796
5.733998
22.30651
17.17222
40.9937
19.78593
20.46033
22.50907
23.2219
23.72291
21.91337
13.6881
16.22125
25.71567
17.38265
17.49012
19.18995
15.41212
14.71165
18.29323
24.64317
21.89799
23.901
16.31297
11.82705
21.07168
7.539325
17.10608
21.65474
20.3989
19.07017
22.88329
13.32643
10.81033
11.0127
18.62721
7.991129
24.98295
15.73894
30.13271
17.6658
32.11048
11.57212
25.08629
18.86774
15.95993
20.21342
16.71124
21.00575
9.731692
15.28561
18.58337
27.19413
2.560051
15.80724
16.58085
7.561971
14.29682
8.758939
5.673856
16.35571
22.70101
23.31433
20.0203
14.85972
27.85912
25.38179
12.13111
12.71076
36.71276
27.69666
23.98515
24.0872
21.3301
14.53476
13.50731
34.93536
8.079452
24.12631
24.1405
19.99231
23.48405
11.34923
18.49153
17.81467
22.09015
18.0333
25.9571
20.47625
27.04792
12.69212
13.42949
22.67902
31.02777
23.75688
32.32386
30.91435
28.39543
22.53926
22.13246
13.68333
24.70398
21.16029
14.74644
29.80986
30.67011
19.82899
25.59567
23.53778
21.50787
28.55184
17.7699
39.92776
23.89399
19.27816
26.18051
29.56664
35.44748
26.21311
20.14077
13.48209
25.41919
29.54618
25.24028
15.97778
23.76416
13.09881
19.81655
25.17984
20.36142
22.46852
16.94045
24.4335
13.33596
17.9272
25.59984
14.70483
22.79018
23.50401
19.0215
17.34866
12.03067
17.07028
26.68179
32.70156
37.4592
33.83178
23.01244
13.55631
29.54563
24.82559
30.92077
28.6592
14.86644
31.67689
23.72202
22.63599
28.3294
27.42791
26.70445
21.55725
16.86572
16.40926
29.72137
18.34202
26.61507
15.08059
24.67575
19.74488
23.90115
32.09554
28.36251
26.84851
28.33809
20.15061
15.5491
20.52666
11.80099
28.57417
20.60376
29.90246
20.23865
37.15825
29.24526
20.33078
29.90031
30.66892
15.2932
32.94167
31.67653
34.17667
26.70148
20.85011
18.27035
16.15297
38.67038
20.14305
38.26139
33.81022
26.20826
38.9911
27.15845
37.29653
28.48511
30.96482
30.58324
25.18259
23.15442
33.4336
18.51735
25.37564
22.43113
25.25383
28.9739
23.15712
41.46578
26.46793
21.04638
17.48222
42.73846
33.49196
24.05038
22.65101
33.8333
33.18361
31.53767
24.05454
28.51975
28.36866
31.12811
30.01043
22.08735
19.71842
26.59905
40.04121
29.16824
17.71556
27.13773
20.85238
28.11649
37.29497
34.80514
33.3572
22.58417
28.22191
16.72108
37.22936
15.80888
30.95621
33.68244
24.5612
17.65451
17.98252
31.79314
29.31635
20.82657
17.92605
33.14018
34.27587
24.59401
33.37739
36.10939
33.3418
34.20142
18.48564
21.3145
33.21124
23.85435
17.94073
29.67209
23.16977
22.6442
20.01188
28.78304
9.914021
20.86984
19.68027
17.75754
16.0795
26.38142
28.56585
30.1628
28.00742
13.84497
25.07956
30.01882
24.56462
19.52756
28.25348
37.36448
32.69007
31.92486
29.11967
26.54114
17.78343
27.59572
25.61621
26.0019
19.27251
29.42908
30.34745
33.16811
42.22734
35.47529
34.56708
41.31271
22.24494
19.54664
39.53178
19.77202
29.01933
21.94747
32.06405
25.75091
36.65163
31.38315
32.49642
31.14603
23.35421
27.62352
20.42531
29.99142
27.06508
26.34672
34.56984
29.88572
22.03404
30.09403
25.512
24.76115
14.05296
25.48462
12.60245
30.95592
32.77857
30.20494
28.85349
17.44634
33.16152
27.32355
41.86738
25.41043
31.80623
28.78327
36.02798
22.59346
24.69293
44.53638
36.37036
43.81921
34.26138
30.49758
36.796
40.0055
38.09638
13.60158
39.75282
20.33673
27.49109
43.31476
16.54148
25.99188
21.59853
31.28313
24.75374
34.29635
25.86561
34.66264
28.90143
34.12287
6.380005
39.94625
26.08656
29.55435
21.96999
25.26407
14.90075
22.88332
17.93658
33.28412
20.88876
40.35923
16.16964
28.44845
37.26139
27.03264
25.71109
33.4373
32.49161
28.31314
24.46124
41.85449
32.8837
18.43723
30.90709
42.90146
28.96043
40.15942
37.02923
30.47734
27.49488
36.59197
44.36562
28.85349
38.3291
21.31631
20.39869
26.06723
40.73042
38.86197
24.57745
39.59343
26.03646
28.97896
17.5605
26.1277
41.4551
32.66116
42.02317
22.86662
27.69411
34.23299
36.06832
27.8693
50.10542
29.62771
42.78148
38.07489
39.21633
39.96009
34.12486
26.35999
30.12577
29.27263
35.61691
20.55762
29.91665
38.11017
20.11861
32.05397
29.11171
35.12762
34.7237
26.6039
32.26207
15.33342
26.23949
33.48355
32.35123
30.07926
40.3458
29.85321
38.32115
36.19454
28.22565
36.07624
31.41793
32.13651
25.97682
29.51438
46.40568
29.20405
30.19766
27.64452
33.94041
28.41803
44.7902
43.23659
20.66685
44.17703
30.40168
23.61309
37.93019
31.18127
10.42778
29.74189
19.20653
30.46541
24.34597
37.82484
20.01355
31.97631
37.7
23.22943
