0.17806999999999995
-2.2521400000000007
-5.4936679999999996
8.262760000000002
11.758610000000004
4.413030000000001
2.980651999999999
-6.986515000000001
2.706950000000001
-1.1836099999999998
-1.8444009999999995
0.9198900000000005
-6.664920000000002
1.9203899999999994
5.9430900000000015
5.879430000000001
11.01029
4.48865
-8.728254999999999
6.09258
-0.2564600000000006
6.363899999999999
-0.7727459999999997
6.61548
9.276450000000002
4.151320000000002
10.653251000000001
13.8148
1.9195399999999996
1.5195799999999995
0.15044699999999978
12.13291
-7.484122999999999
7.7105
7.923690000000001
9.405850000000001
6.00216
6.028321000000001
-7.450313
4.37303
1.3739299999999997
-8.306659
-6.364238
-0.5673700000000004
14.66044
-8.968685
10.214649999999999
7.655090000000001
-6.038694000000001
4.88687
16.88988
4.8626200000000015
5.4506
2.335699999999999
-0.47265999999999764
-0.740904
-18.541607
-8.985228
-0.3182000000000009
-3.9509980000000002
-4.845739999999999
-13.211012999999998
-1.9863500000000016
3.152189999999999
0.1030899999999999
-19.326022000000002
-3.7342200000000005
-14.2651159
0.06193000000000026
-9.961253
-10.638210999999998
-15.335069
-10.167078
-23.027746
-0.66873
1.5310500000000022
-7.650161
-14.171724999999999
0.5215800000000002
-6.370729999999999
-2.340107999999999
-3.083779999999999
-11.586964
-6.780779999999998
-17.844788
-19.23392878
-10.670641
-7.909756
-4.881708999999999
-8.875932
-10.3018657
-1.764800000000001
-6.717960999999999
-10.876323000000001
-2.6545900000000007
-5.430065000000001
-9.1657201
-11.39581
-1.9213200000000015
4.419500000000001
-4.8569900000000015
-15.543510000000001
-2.060399999999998
-11.604481
-13.778848
-7.620348000000001
-6.457946
-3.0168599999999994
-2.369340000000001
-7.48559
-11.093421
-7.2714929999999995
-5.0120000000000005
5.55106
-6.10083
-15.5985176
-15.034505
-6.291571000000001
-7.942507399999999
-11.826857
-1.3757400000000004
-6.603435000000001
-11.852707
-7.531890000000001
-15.433447999999999
-1.1308399999999992
-12.536468500000002
-14.84957789
1.4129799999999992
-9.511840999999999
5.868220000000001
-10.732572
-7.394273699999999
-12.288503
-2.9170300000000005
4.187519999999999
-2.327560000000002
-13.10330534
-5.049977999999999
-1.8074499999999993
1.5648800000000023
5.497920000000001
-7.308052
-9.109517
-11.304642
-11.804748
-3.508000000000001
-8.32353
-5.428140000000001
-8.948124
-7.006359999999999
-15.402076000000001
-10.5943994
2.197379999999999
-2.83554
-5.102080000000001
-2.3676499999999994
-8.912513
-3.49793
-14.509222999999999
0.002349999999999852
-2.8339599999999994
-11.926120999999998
-3.538389999999998
-4.872209999999999
-19.715108567
-12.222162500000001
5.572006
-8.140087999999999
-11.6392341
-4.2461199999999995
-12.403385
-12.183613999999999
-0.5892699999999991
-3.933209999999999
-1.5829710000000006
-10.891093999999999
3.1472599999999993
-9.840932000000002
-1.322591000000001
6.9459599999999995
-7.768435
-11.009922
-12.375671
-15.515892999999998
-6.862439000000001
-8.924755
-1.9082299999999996
-2.6708990000000004
-13.4785076
-7.238220000000001
-3.60816
-9.968094
-10.392943
-4.230469999999999
-5.778029999999999
-6.694274999999999
-4.922900000000002
-1.5594000000000001
-3.831645000000001
-21.011108
4.1429100000000005
1.821480000000001
-3.301227000000001
-0.184669999999997
8.948952000000002
4.452890000000002
1.8322499999999984
-14.131278
-1.0910999999999973
1.7689699999999995
-3.2565100000000022
-0.6857530000000001
-7.677537
3.6994599999999984
-13.423227899999999
1.0607500000000023
0.5683199999999999
-5.56264
-1.9043799999999997
-6.635914
-3.1228000000000016
0.18249399999999927
-7.95866
-3.808630000000001
-5.6084700000000005
-20.390165
-6.949926
1.7987749999999991
1.8261000000000003
-5.724538999999999
-7.363167000000001
-5.594329999999999
-6.014842999999999
-0.5652999999999988
-6.513050000000002
3.841289999999999
4.5198300000000025
-7.80616
-12.413603
-2.2622500000000016
4.2265000000000015
-13.255109000000001
-16.60340332
-4.421989999999997
-3.1259559999999995
-4.90724
-4.0183800000000005
-4.682880000000001
4.110990000000001
6.46007
-8.843388
-4.629489999999999
-10.61439
-5.517226000000001
-4.71522
0.47143999999999764
2.317400000000001
-4.01163
-0.9754199999999997
0.42376000000000147
-4.58128
-7.038079
-11.86711
1.1267800000000001
8.898620000000001
-9.080067999999999
-5.493590000000001
0.2833299999999994
0.5621100000000006
-5.685939999999999
5.3687400000000025
-2.860949999999999
-12.147934999999999
5.564250000000001
7.650680000000001
-11.485443
-13.761766
-2.12402
-9.252176999999998
-8.3273
6.0221599999999995
-13.611075999999999
-5.848970000000001
-5.712440000000001
-10.154362
-18.235021
4.964020000000001
-4.2627500000000005
-1.703759999999999
-12.902855000000002
-4.814199
-3.5749999999999993
2.5337200000000006
-6.555749999999998
-1.88931
-9.345133999999998
-18.645849000000002
-9.896634
-5.34186
-3.11928
-13.354847999999999
-3.8341510000000003
8.520219999999998
-10.870662
-11.607972999999998
3.142430000000001
-17.714798
-0.11505999999999972
2.2707300000000004
-3.6750400000000027
-5.016539999999999
-12.160576999999998
-11.693445
-2.566040000000001
-3.5565799999999985
5.593199999999998
-2.441089999999999
2.7431599999999996
-4.515740000000001
-8.850062999999999
-4.49647
-0.9041299999999985
-12.242436000000001
-7.49602
-9.097735
-3.1189999999999998
-18.627717
-17.446199
-6.168526
0.16678000000000104
-8.152110999999998
-1.733378
-14.797097999999998
-3.2424999999999997
1.9627099999999995
2.4289500000000004
-4.215371000000001
-4.9297699999999995
-4.361989999999999
-1.8723539999999996
1.9202799999999982
3.4877600000000015
-13.820457000000001
-11.809918
-9.672936
-2.2075200000000006
6.283569999999999
-12.2446911
-1.9360700000000008
-4.673200000000001
-3.205689999999999
-2.7290729999999996
-4.951729
-7.232042
7.19913
-0.5616799999999991
-5.397549999999999
-4.17052
2.178379999999999
14.015810000000002
0.11495000000000033
0.7698300000000007
2.2373499999999993
7.17906
-8.271790999999999
7.1946600000000025
-1.5716999999999999
1.8607499999999995
1.58906
7.554539999999999
12.393840000000004
0.02635000000000076
-8.911769999999999
-7.531840000000001
2.06203
5.261600000000001
-6.705107
-7.98207
1.7107399999999995
-11.444463000000002
-1.753420000000002
-9.44796
-7.598718999999999
-1.8127000000000013
-8.45992
-12.388932
-1.8269600000000032
6.303699999999999
-12.112404
-12.968219
-4.92197
0.8168900000000008
-1.9334500000000006
-2.8798000000000012
6.984339999999998
-4.68009
-3.01746
-4.444009999999999
-7.193687000000001
-5.004279
0.6553100000000001
-9.75438
-2.435430000000002
-9.135399999999999
5.944579999999998
-3.2424300000000006
-16.219459999999998
-4.19313
-2.8595700000000015
-1.6543599999999987
-0.6083199999999991
-15.486118000000001
-8.78233
-13.298286999999998
-0.4269399999999983
-8.290999999999999
4.568459999999998
6.973780000000001
-0.4608900000000027
-0.06406000000000134
-4.289131000000001
-1.6644199999999998
-7.423786999999999
2.6440400000000004
8.286299999999997
-6.153949000000001
5.110500000000002
-7.999930000000001
13.79859
0.5664900000000017
-2.272029999999999
-8.946643000000002
-11.081668
2.4209499999999977
-10.553114
-7.236733000000001
-1.2538099999999979
-3.077449999999999
-1.5471399999999988
-5.103270000000002
-3.759120000000001
-10.122368
-2.6672700000000003
-8.843689
-7.094411999999998
-7.144901
-4.61435
0.9228999999999985
0.11484000000000094
-6.247389999999998
1.8661199999999987
-9.964918
-1.83549
8.678
-3.9203699999999984
-23.306746
4.098690000000001
-3.547726999999999
-1.9265899999999991
7.758379999999999
2.1624799999999986
-6.625060000000001
-0.8312299999999979
0.39490999999999943
6.053360000000001
3.885869999999999
2.3977600000000017
5.262099999999997
8.84417
4.8750800000000005
3.241959999999999
2.8808899999999973
0.6248600000000017
-4.57485
-10.020358000000002
-3.8724300000000014
0.3797700000000006
-0.5899099999999997
-5.943237
-14.513217000000001
6.8311399999999995
-5.082974999999999
-0.8972699999999989
-4.917280000000002
2.956769999999999
-0.5616199999999996
-2.7396100000000025
-1.683790000000002
6.119589999999999
0.7549299999999981
-6.330400000000001
-1.6776700000000027
-1.8950200000000006
3.2265499999999996
6.741419999999998
2.136759999999999
7.94867
-5.297511
-4.4748100000000015
3.3557299999999977
-0.06506999999999863
11.460349999999998
-7.778640000000001
-2.9025499999999997
1.7991799999999998
-0.27413999999999916
11.93056
12.85922
-2.1548499999999997
10.560680000000001
-9.255090000000001
3.9354000000000013
4.417529999999999
6.6198099999999975
1.8250600000000006
-4.328829999999998
1.9485099999999989
-5.504189999999998
7.82638
4.268440000000002
-5.5434
13.47392
-3.119019999999999
-4.959569999999999
8.624399999999998
4.4731999999999985
-2.347430000000001
-9.286758
-5.46252
-5.31935
11.188580000000002
-0.3137100000000004
-3.983900000000002
-5.476569999999999
-5.500879999999999
-3.3935599999999972
-4.806699999999999
6.012820000000001
17.110089999999996
1.971239999999998
-5.3343799999999995
4.486999999999998
12.682120000000001
2.2778600000000004
2.78707
-0.8904700000000005
4.532969999999999
-2.372729999999999
-5.647667
3.313839999999999
-0.6685000000000016
0.9731200000000015
1.3508600000000008
2.5102500000000028
2.1091799999999985
6.4482099999999996
12.101689999999998
10.85904
12.74801
3.367519999999999
-0.8320699999999999
-15.106023
3.70721
11.95304
0.1400199999999998
-11.484626
5.042369999999998
2.27834
2.8210099999999976
-4.502839999999999
4.721959999999999
-10.686712
3.9366699999999994
-4.563549999999999
17.168549999999996
4.41061
0.25435999999999837
4.2405500000000025
7.034090000000003
2.612219999999997
1.9098000000000006
-4.175130000000001
-3.4798699999999982
2.641680000000001
-3.552299999999999
-0.9055
2.4114299999999993
-5.464239999999998
-2.71983
-1.8484599999999993
7.36853
3.7676499999999997
5.390499999999999
-8.896640000000001
-2.475010000000001
0.08161000000000129
-14.670345
0.038349999999997664
0.10611000000000104
0.16333000000000197
1.1920099999999998
1.4225700000000003
-2.7923500000000008
-6.67942
-4.656789999999999
2.1631500000000017
-8.723720999999998
6.742539999999998
-4.685089999999999
9.546019999999999
-4.138349999999999
7.185170000000003
-5.184379999999999
4.455750000000002
6.121
-4.541879999999999
-4.527470000000001
-4.60942
4.0686399999999985
-9.160188
-4.77351
-3.1516100000000016
7.959010000000003
-11.530709
1.5812299999999997
-2.5168999999999997
-7.918889
-2.2496599999999987
-11.071211
-14.408214000000001
-4.249790000000001
0.08410999999999902
4.082440000000002
-0.1612700000000018
-3.9208800000000004
10.713240000000003
1.4217499999999994
-3.8480299999999996
-1.8127300000000002
16.693290000000005
4.349310000000003
5.61364
3.353860000000001
-0.46260999999999797
-2.9894799999999986
-5.802520000000001
14.088780000000003
-9.851137999999999
4.2041900000000005
6.757680000000001
3.3674800000000005
3.0335399999999986
-5.694180000000001
-2.74503
-1.6520200000000003
-0.6245899999999978
-4.389509999999998
4.890180000000001
2.239440000000002
1.5317299999999996
-11.02375
-11.147810000000002
1.7502600000000008
8.95685
0.6083399999999983
6.629080000000002
4.44866
3.9976599999999998
7.969589999999998
5.667399999999997
-7.5747599999999995
8.92218
-1.05471
-0.7493800000000004
7.809950000000001
7.77317
-1.5750399999999978
3.90681
4.908450000000002
-2.946189999999998
8.72616
-0.5225599999999986
14.16243
3.15606
-1.2740700000000018
5.444110000000002
8.139029999999998
12.04372
5.302949999999999
0.8534700000000015
-5.494420000000002
2.7431300000000007
10.386980000000001
1.9646799999999978
-6.474959999999999
1.8736099999999993
-6.608450000000001
-1.5373799999999989
4.0579399999999985
0.9760600000000004
-1.479969999999998
-9.13634
6.256159999999998
-10.49944
-3.035070000000001
3.0623299999999993
-8.18904
-2.4564900000000023
2.46227
1.3356500000000011
-6.59299
-9.06343
-0.8716100000000004
4.959589999999999
6.6548300000000005
8.579680000000003
11.561590000000002
4.480650000000001
-6.150290000000002
5.845739999999999
6.484499999999997
10.71817
8.108179999999997
-2.6615
7.789840000000002
3.9459400000000002
1.0761399999999988
5.261839999999999
9.023019999999999
3.3133300000000006
3.527049999999999
1.2161899999999992
-1.022269999999999
12.09065
-0.13511999999999702
3.152339999999999
1.9615500000000008
6.96932
-3.69116
1.7192500000000024
10.04073
6.19078
9.19079
4.5920200000000015
3.7668099999999995
-6.31166
-2.9577799999999996
-6.377359999999998
13.057989999999998
3.652140000000003
5.713520000000003
1.116109999999999
14.636110000000002
5.318099999999998
1.0771200000000007
6.50244
8.63646
-4.96522
8.394660000000002
5.321950000000001
10.31719
-0.11088000000000164
-1.6076300000000003
-4.88973
-0.7602399999999996
14.59628
-7.5947
13.232899999999997
9.17087
8.1222
16.648110000000003
4.493539999999999
18.821289999999998
4.4099
4.988849999999999
6.8887399999999985
1.7712800000000009
-0.612090000000002
6.635159999999999
1.5175000000000018
6.410610000000002
6.58432
2.0665700000000022
6.444210000000002
5.665019999999998
16.549840000000003
4.1846
-0.14836000000000027
-5.786369999999998
15.611460000000005
13.48837
2.07949
4.170390000000001
11.501990000000003
8.68599
10.069869999999998
8.465309999999999
4.195369999999997
9.628989999999998
10.881609999999998
4.12293
0.25778000000000034
-1.1468500000000006
2.751199999999997
17.05872
5.159369999999999
-0.5854999999999997
1.0479800000000026
-6.147320000000001
2.181269999999998
14.285309999999999
8.37254
12.12886
-2.49296
3.1712900000000026
-2.9822999999999986
11.569019999999998
-8.317369999999999
7.683609999999998
7.75329
5.251390000000001
-1.2206500000000027
-4.890539999999998
12.180300000000003
7.357939999999999
0.23873999999999995
-3.292110000000001
9.747800000000002
14.594189999999998
-0.5106999999999999
11.753529999999998
14.637639999999998
5.91461
9.55058
-2.93215
4.409099999999999
6.416189999999997
5.09366
-8.03612
3.9283
-1.2752000000000017
2.6928400000000003
1.9596100000000014
3.750070000000001
-8.546249000000001
-3.7365899999999996
-1.008890000000001
-6.864140000000003
-2.2026199999999996
4.841339999999999
8.281500000000001
6.01886
6.742439999999998
-8.35905
0.9541299999999993
6.116760000000003
7.877270000000003
-1.6983899999999998
4.6898599999999995
13.96601
11.602349999999998
14.417749999999998
7.27411
4.56279
-5.219090000000001
7.339790000000001
3.80518
3.2090599999999974
1.7674599999999998
6.0608499999999985
6.8488299999999995
8.926839999999999
19.502869999999998
13.932870000000001
7.664569999999998
12.273730000000004
1.4144499999999987
2.1594599999999993
16.41416
-2.3768700000000003
5.204529999999998
-3.2181500000000014
10.746780000000001
1.2248200000000011
14.741159999999997
8.87848
4.315149999999999
10.255600000000001
0.9296299999999995
5.466359999999998
-1.9664500000000018
5.504570000000001
3.3722899999999996
6.249470000000002
11.438189999999999
3.686519999999998
-3.3340499999999977
5.049530000000001
-0.42079999999999984
5.253299999999999
-3.104729999999998
2.1105300000000007
-7.527849999999999
8.480539999999998
5.698680000000003
7.682130000000001
6.76784
-7.890509999999999
10.405110000000004
2.7774
21.556859999999997
4.151570000000003
11.05895
10.195510000000002
16.19354
-5.48582
1.0922100000000015
16.90097
13.92063
17.191029999999998
12.449180000000002
6.730629999999998
12.872419999999998
15.07678
12.623750000000005
-11.60582
18.87711
-2.1518000000000015
4.313849999999999
12.116769999999999
-2.0102800000000016
0.8641199999999998
0.7482600000000019
6.67793
1.0968799999999987
8.193419999999996
6.21744
12.181980000000003
7.022400000000001
6.01145
-9.951345
16.57681
7.02562
9.03463
5.012879999999999
5.464480000000002
-6.362709999999998
2.8386899999999997
-4.595300000000002
15.718400000000003
3.024660000000001
14.825909999999997
-5.547789999999999
8.81317
18.38703
2.444600000000001
0.686989999999998
7.85408
14.23676
3.3505199999999995
4.139240000000001
17.829069999999998
10.138259999999999
-6.28022
7.299970000000002
18.34996
5.194409999999998
10.659899999999997
8.347779999999997
6.361830000000001
7.425329999999999
14.271300000000004
17.621199999999998
2.7681299999999993
11.555969999999999
-2.07648
-1.5770800000000023
0.16288999999999731
16.02465
15.94981
2.42596
12.479729999999996
5.685660000000002
9.13034
-4.254359999999998
4.032620000000001
17.413140000000002
8.450250000000004
15.01651
-3.1388
10.83719
10.44068
10.04666
1.2352099999999986
23.815350000000002
2.834430000000001
20.59083
8.833120000000005
16.29056
17.367800000000003
7.05566
4.96574
7.443749999999998
5.50685
11.167689999999997
0.3863500000000002
9.04563
7.517909999999997
0.44913000000000025
8.463529999999999
5.883609999999997
10.369800000000001
6.603619999999999
4.928739999999998
7.796390000000002
-6.2744
5.741160000000001
8.283470000000001
2.2106700000000004
3.399750000000001
11.850069999999999
2.879380000000001
14.964460000000003
5.9821700000000035
2.1872500000000024
12.551499999999997
0.29969999999999786
10.568080000000002
3.7193900000000006
3.0604999999999976
18.005069999999996
6.37349
7.452449999999999
-0.1848300000000016
6.28134
6.4072700000000005
15.86629
14.00844
-3.8903099999999995
13.20925
6.29758
1.0215399999999981
14.026260000000004
2.831940000000003
-11.86708
5.532200000000003
0.37866
9.76182
0.14694000000000074
16.96546
-1.446110000000001
4.817040000000002
17.716070000000002
-4.947520000000001
