-2.993263953710018
-2.693885369864261
-3.601459388513077
-3.473648583409119
-4.165075871916703
-3.295733921591905
-3.9096644088082053
-2.894494590877886
-2.7340475226141896
-3.3548292710148746
-3.5729842029909746
-3.1115708871177103
-4.071111135185342
-2.2076613892380044
-2.3191068332373908
-3.1334683267250396
-3.335286249658665
-3.492971988334233
-3.1233434770704513
-4.517087807663306
-3.4904800861103613
-2.612701255661192
-3.1297959742107384
-3.3568430828960665
-2.9115725070845873
-3.113192467922027
-3.3785191891075756
-2.623972811601445
-3.5281394362915206
-2.2652971203627095
-2.4770159289246267
-2.5361038368818334
-3.559668542546457
-2.1129711966002636
-2.9706450625070424
-2.7706547454214427
-3.2229086760633843
-2.847685355502984
-3.465839598837146
-2.2721768442004673
-2.5509845678457745
-2.630464275804998
-3.201724599871314
-2.881648706159705
-3.349020049934156
-2.3623700534269627
-4.067418959471709
-3.188383905483265
-2.713298691306655
-3.223984994336899
-3.308940512679192
-2.384706698473814
-3.113137630335944
-2.1705589467250843
-2.376337459115203
-3.757192259405668
-3.0566157930354994
-3.697110271300592
-3.2003480300997715
-3.0072266707533917
-2.7251391176059645
-3.431045219217399
-2.8503772734758472
-2.450954628969299
-2.114598385649494
-2.522555967053467
-1.8911655217353993
-2.1963433245997144
-3.583373732719479
-3.246362680440114
-2.7308848754744304
-3.6690256740494958
-2.85681037984338
-3.7228789355247707
-4.1167972306644085
-3.5220133101504
-3.0511486298251818
-2.4532638096668005
-2.1887388951913014
-2.598505046366668
-2.810313308322183
-3.3024977754596465
-2.6628912276144527
-1.964198851863826
-2.361770579640283
-1.9899322197369445
-2.685980292288299
-3.366484156169572
-3.1494767896687317
-2.425831092389056
-3.3296697067239567
-4.287784806016453
-2.249453861680729
-2.0469547057184885
-2.6033831073678253
-3.3583191189334083
-4.158060747149792
-2.10808308175622
-3.3133924163668573
-3.392862141091468
-2.6933750868691027
-3.443958205323867
-3.394284076451358
-3.0102523118767506
-3.5325540715456687
-3.11812396282997
-2.517277574183723
-3.4030699886101807
-3.2960363782024844
-2.2739782411799596
-3.1830491211316256
-2.781681927830753
-3.375730341305212
-2.8853523265650627
-2.451391168512692
-2.675138065397788
-2.8608295331375944
-2.611384605262898
-3.7975790230111195
-3.464180317875419
-3.327512674817786
-3.536071286559182
-3.242059045750874
-3.0121007095921906
-2.9078503632286434
-2.9202774960139934
-2.1302123784182
-2.3754714813486104
-2.934978689178495
-3.213563525386309
-2.954751765189454
-3.0561916850149324
-3.5239655464323003
-1.7746416215363057
-2.4220612839859585
-2.685108401718282
-3.542796243604565
-2.3333463938895296
-3.9798033242503497
-2.8631187352382907
-3.027815487149365
-2.557794239331191
-2.4701921367608004
-2.6499307967372507
-3.6907468750590833
-3.728583757304329
-2.906370011194517
-2.295541447154983
-2.979668519126789
-3.539885807756452
-4.655182522169202
-2.1806025093974815
-3.9219244809437845
-2.637821267604778
-4.473081242638647
-3.8892546673778297
-2.0106357710459517
-2.376786466380295
-2.5548825654186915
-2.6442241655128873
-2.782416477804818
-1.8081049303038979
-2.3761177542124248
-3.246962972350986
-3.4777445874724275
-2.8926526477776515
-2.8583798250998087
-2.198414191112734
-2.4876508399715953
-2.2839015564733107
-2.674235469956951
-2.1376435738127033
-2.478331911096854
-2.4457705568836774
-3.3177650935018868
-3.4389941687155603
-1.5485165635311402
-2.2990535325746158
-2.7601803895506056
-3.668246225475949
-2.661640130597694
-3.3785414761254744
-2.531607686842398
-3.324345474159498
-3.102297409065521
-3.0925390676790636
-2.3984882497165754
-2.5847362000598686
-2.5607101858563808
-2.6527501613310593
-2.8680345863950762
-1.5806774901660319
-2.277753908376899
-1.201130552316454
-2.088238998534625
-2.688101576186833
-2.5868836748625683
-2.7732559727672497
-3.6227842878334493
-3.0298911579166643
-3.0686402106743866
-2.33457458286255
-3.2877067364552053
-2.795408246801726
-3.1090953142485565
-2.2145768574789826
-2.965769911800857
-2.964878158515662
-2.6367388116659294
-2.3890141318139206
-2.0714064139569754
-2.8537921930430703
-2.911622629109549
-2.893548833067926
-2.5804517702724024
-1.6636822268341567
-2.593463686471645
-3.330971029419566
-2.038751140648966
-3.0974661372888797
-2.082325546692827
-3.035263502102462
-2.6815848499247457
-2.995652956478966
-2.825639844220879
-1.967357932565856
-1.8805986102778127
-2.9668938628037154
-2.2673334749562124
-3.5452868159236752
-2.1014302337089346
-2.9320422652278815
-3.142099460092812
-2.9836033151780965
-2.7878222626469373
-3.199954437127635
-2.813450285869532
-2.4833871221017083
-2.692044308057399
-2.108511619682746
-2.7037442377526983
-2.549086519606143
-2.668156668680294
-2.8804984697675975
-2.615384430561422
-3.6450855430139315
-2.3965565685580708
-2.3593584315761644
-2.6454486624559173
-2.599292689192686
-3.29296680201639
-2.137515696930914
-2.156271981408696
-3.1476217313012422
-3.123358097036705
-1.8765323464234271
-1.7296163316569064
-2.1828755412211613
-1.9775739766231941
-2.310362703472075
-2.665941477726266
-3.264222531619367
-2.6749212610374062
-2.6631971890906074
-2.8495758148829853
-0.9777108837192366
-2.3372158874368325
-2.7851335952515366
-3.465382838201604
-2.371375701369476
-2.350756072005886
-3.2225522452112836
-1.6923563032255193
-3.1566947598199233
-2.9177585215860242
-3.7213017276471807
-2.511352897728473
-2.806372835919527
-2.474277830329479
-2.9876056813740877
-3.5721013035496387
-1.811202340129232
-2.990251023241545
-3.200736243362365
-1.676206670706859
-4.145668170315643
-2.687068353158717
-2.010595498122729
-2.337658294936059
-2.3523370483463606
-2.956154893737444
-2.601253564825708
-3.1140291394185864
-2.5461992183713273
-4.123823843428458
-3.082738864880794
-2.670860314115238
-3.8592329028234507
-2.6303184450200825
-2.9112146849982725
-2.4185380212699368
-2.5908762029758896
-2.3230041420614977
-2.3729996471959507
-3.088845336083988
-1.8867706787595462
-2.2163732215259655
-2.7323914378281495
-3.010248547945331
-2.5426603967944255
-2.703345912250352
-2.6768882085677195
-2.9135799279281485
-1.9836871565100636
-2.845518385666919
-3.585297873565994
-3.0932692703260263
-1.394213349310539
-2.5354403843832802
-2.148041667351365
-2.3961884378736853
-2.4584745170541753
-3.0725410514124976
-2.505879413284049
-2.0950004034998564
-3.319555221690102
-2.7363111643750138
-3.176592014090672
-2.6210312305632306
-0.7846995130774927
-2.6279935762698363
-3.6432467826655346
-3.2163407564367406
-2.8112675079305083
-3.304243546998278
-3.311644668297936
-2.9249513773500087
-1.7882173000710284
-2.403704206199725
-3.2600454672147183
-1.8596007370830836
-2.6845895378340856
-2.4605551811506854
-2.721667505442751
-1.7915010733084957
-2.6928914007739198
-2.9006321507747668
-1.3188747833514403
-2.6729887262730325
-1.5630674084646057
-2.6549964002419193
-2.6727122637724396
-1.9932737209855267
-2.907310392759938
-3.046186145082614
-2.2105111075349377
-1.7047330052137142
-2.263430213527227
-2.4131933075503254
-2.1627963679825006
-2.407723205951326
-2.4276973446020422
-2.4733256768918075
-3.5043061696022906
-3.1984680639505436
-3.491864179038803
-2.9935114036375197
-1.174407916498321
-1.9512043789780837
-3.2948796669611005
-2.790069358564782
-1.4566501948870845
-1.969362416388043
-1.3089556257564219
-2.9645368060930806
-2.1782258456736296
-1.495530650372586
-2.0703477428167925
-2.5366748325753403
-2.7005535956591844
-2.0315950469547674
-2.5542076448074083
-1.437243881852351
-2.1582362838026756
-2.6502995565776035
-3.0005497669475494
-2.731956858484471
-2.1775515428534264
-1.759104550109807
-1.7530086643471794
-3.31545686635994
-2.442253778014551
-1.8804283206418377
-3.3791042756731144
-1.9870129505510572
-2.641952865605197
-1.8532041753612365
-2.321649068599007
-1.332708329593683
-2.40961739618058
-2.679626325127749
-2.2823069473960733
-1.7739876384691664
-2.514784635172712
-2.428669300860546
-1.9221861259749242
-2.6923133874971703
-1.0119752298824136
-3.2160952322604532
-2.818285254492677
-2.878734913178067
-2.558035950656035
-2.0651419404062366
-1.932320875836079
-1.014626132460134
-3.337102419547873
-2.015174974898925
-3.2247020895199383
-2.3303294545048447
-1.493095054876291
-3.0912354848097645
-2.8841070020269606
-2.045675610976452
-1.9715153035037603
-1.1176224577075002
-3.4440243409254405
-3.495000329968858
-2.1227715180776134
-2.677199956268676
-1.9311223030630797
-2.23351564615057
-1.888002351111787
-2.0422276617398465
-2.212699017067166
-1.9499643728531717
-1.6793425967860147
-2.266073874626687
-2.7737062582105954
-3.86612511148307
-2.6083253535912316
-2.51264787391818
-1.8666988971917573
-2.823930745837683
-2.39485427750278
-1.8320328609379721
-2.309082205112261
-1.0739240599213649
-2.108897030472641
-1.833323322474332
-2.159299309927334
-3.0424981391475394
-1.6320049981029532
-2.120559268611544
-2.1559972503905054
-2.107761250227611
-1.902130976722536
-2.036754564933766
-1.6353971633394166
-1.4979387969952553
-2.4166714419691475
-1.7756753309936444
-2.045178308525367
-1.7441140242508602
-2.4205056996837246
-1.2796146441890812
-2.376131295950825
-2.0875603449286357
-2.3607586588487655
-2.0293386514414546
-3.0697057915456543
-1.4748961626118864
-1.7598807458984336
-1.8884648567095206
-1.3949308833536065
-2.1164069881644485
-3.066983498987232
-1.9326062996854523
-1.9806952548649368
-0.6987396177795556
-3.501154766935805
-2.5404896336137774
-1.934399809789178
-2.0721753345806646
-3.7428813012990823
-1.7975433084446641
-1.8817735229032846
-2.3239100725794497
-2.1534462646909285
-2.635684097479201
-1.3987456638066886
-1.1856030794766805
-2.534626812421995
-1.5469431565163219
-1.4421536549232006
-1.4936627866849173
-1.6518750100782476
-2.0331183807033746
-2.021927188668366
-1.7240393542926429
-2.6261707556701164
-1.1600073030917206
-1.7004164032510483
-2.4573901738177466
-3.1343286028632895
-2.115565584798166
-2.0051340472525387
-2.9179830486030496
-2.4882012676605743
-1.316735834806723
-3.065779918760508
-1.927025704022617
-2.526329395802866
-1.8654277316958143
-1.9034633834206556
-3.1337415273538216
-1.5783972378876023
-3.20001266339235
-1.8702621441670377
-1.2409803209682646
-2.181192865190815
-2.9726917819207683
-2.5482944669465857
-1.5342617039892257
-2.2311706115311845
-1.508589536890743
-2.079337746686454
-1.590563951708444
-2.8308584729848882
-2.7473672991573266
-1.6708617166507482
-1.5224806729458582
-2.223143992629404
-2.8163806554296396
-1.3491523356513733
-2.5544886644393534
-2.3011287371467235
-2.129088964887404
-2.4818423705895047
-1.4590367721752233
-1.9784155775595547
-1.9211721330120894
-2.029721498012446
-0.6951693415959463
-1.0497298639062893
-1.6883032260597597
-2.561720836605579
-2.1825327060322275
-2.201692425554974
-2.236347829912956
-1.1848771407181566
-2.193011359749386
-2.2468261257691338
-2.0097432656019527
-1.377205426198552
-3.3255835528148685
-2.0217780436545985
-1.0124993640708024
-1.9892171135159264
-1.0001322881310402
-2.320855510874643
-2.4763898885834696
-2.0597715641158696
-1.7886795300528253
-1.5980146254474688
-2.8402404617825927
-1.978506295578209
-1.677561984388731
-2.1030894288258013
-2.1045741603417287
-2.1697158587246195
-2.4051206460733274
-2.0612142668304507
-2.3629119494838164
-1.2140686861979988
-2.3220519020787282
-2.065788186164475
-1.7769875658919
-2.0616421372394425
-2.845080450634626
-1.4470335969908255
-2.1236544782351245
-1.329955268320652
-1.7549378357058907
-1.3334799035471288
-1.3234407357562241
-1.2405465152008197
-1.5032098462283936
-1.835785832577072
-1.985909497298844
-2.0901846311988415
-1.5231586687403014
-1.3675671353524725
-2.017278221782958
-2.2541855957553087
-1.3498333113161731
-2.146480008411484
-2.6113560709281933
-2.1969681346178014
-1.7568758937240203
-2.5546484292628873
-1.2218151075406012
-2.336070454506935
-1.4043093690281874
-2.5408554031435973
-2.304826017570489
-2.2591814619459605
-2.4515252641774823
-1.7292020004652324
-1.020023813591633
-1.9359563120186185
-2.323527046700167
-1.4940048393392131
-2.0215091840271056
-2.8563548635797114
-3.232073807569477
-2.5475278285061607
-2.002014088533048
-2.1745996279694553
-1.2027520005715344
-2.3597305104423874
-2.525910684192337
-1.9491801241506277
-2.071481477149858
-2.453105090013274
-2.124943365522567
-2.3016338372561314
-1.016671493193815
-1.8133678571589054
-0.9610846207150968
-1.323925295780025
-1.8137522878395935
-1.819368631846363
-2.0445524761626888
-1.5479553018521648
-2.381283192879354
-2.7390695373159906
-1.749980735831227
-1.9309829615736294
-1.7710955715074246
-2.7877111388244504
-2.672184567025144
-2.1059470608841657
-2.476317399624398
-1.4885341357959092
-2.1760227114899533
-1.2489531507068565
-1.7116144759590406
-1.7588409214609066
-1.7107818283809941
-1.7954174735731234
-2.2998498093300634
-1.5937723423375882
-1.0986583270995416
-1.3424059035087181
-1.974917800572775
-1.2427941857444855
-1.4857968633900394
-1.4131284400048072
-0.8458635432419084
-1.389112035884443
-1.4028222059587065
-0.6306105781259661
-0.6696881759421138
-1.3350752385869362
-1.9738791323958114
-1.3492397510428566
-1.533170551670215
-1.7405332182692383
-0.8172954069415452
-1.358304964906086
-1.9115307428887236
-2.1397284217465584
-1.234061293247971
-1.8534282774174415
-2.4520901880913937
-0.9891368586205953
-1.5553843112987367
-1.5324459950997347
-2.5965502483266447
-0.6232315134852202
-1.1607328388355034
-1.3761341482445728
-1.3435978367947565
-1.1574409714820413
-2.373562654543454
-1.726660839472192
-1.4417338155597783
-2.4376408672139203
-1.3572575781471854
-2.125078807485338
-1.8447905335872092
-1.9486624289699925
-1.6269104249150474
-2.1360185188547396
-1.5215527405792333
-2.006719511744908
-1.3175613816006595
-1.3630009552535853
-2.2322380198858114
-1.266424420337442
-2.1986332282651233
-2.16222361753795
-2.097375297578729
-1.8282010483584377
-2.289850774910144
-1.3541233273062443
-1.2551079084205046
-1.2970398427206442
-1.0923870999529168
-1.8062369578841375
-2.0560750487771657
-0.9919113819129272
-1.9231501878470514
-1.348438914855866
-0.9253173990068689
-1.0743910258564693
-2.402019814724235
-1.9225889022907772
-0.6445902634799574
-1.627845350793649
-1.648683979051227
-1.8425091217475489
-1.9589075813873529
-2.007683878923994
-2.067669729839439
-1.538201868743877
-1.3134458749264253
-1.652360398749835
-1.9374708636856106
-1.3571072105689233
-2.5439567447106963
-1.4530913670310281
-1.4105464184977197
-1.6225424500983712
-2.0036307134911056
-2.15421127620795
-1.9511944767918088
-1.4173507199919124
-2.254282145365973
-3.665146582663277
-3.308134755977183
-1.8688184759964446
-1.8345337419562855
-1.44241835995185
-1.5052082408618195
-1.36088546598731
-1.838807160881862
-1.3052082123279851
-1.8358346885169843
-1.2540505560249242
-2.087522435615382
-1.8717893218144026
-1.6223685160419423
-1.221412413546945
-1.469407028836102
-1.46289091683318
-1.617169850286567
-1.4503199083020937
-1.1137369353224138
-1.7278000622242804
-0.7033091398104454
-1.0595329601871863
-1.3140354537253858
-1.0314712642748063
-1.6166419158927048
-0.8062345196024485
-1.0822140120946855
-1.5109780395425347
-1.294780264906792
-2.0710678222110834
-0.6664800489725333
-1.340878593663808
-0.6408668944751077
-2.138386671552599
-2.0038231234494255
-1.820514679419503
-1.7474672855682192
-1.5985516221239915
-1.8232459064249018
-1.6532040661070029
-0.4597333859725169
-0.6791392347027716
-1.4288054838835773
-1.3830339825231068
-1.1164227488734169
-1.187396887743707
-1.213335052288827
-0.985073320014402
-0.9199889156258639
-0.531157616040161
-1.9694105684619707
-0.5744957080368313
-1.6354690992175485
-1.1329147113765554
-1.2098110821420607
-0.7064180759425958
-2.1986817735381434
-0.8286282365435522
-0.6246850572374145
-1.2734398465452155
-1.0420923044581247
-0.69321118982879
-1.7955028066938825
-0.6235992276239355
-0.6875968250463051
-1.805630438683982
-1.8334495416443501
-0.9042972441992794
-2.2793861180550623
-0.33340810891189787
-0.7305024285432363
-0.450931550122917
-1.8450623939602773
-2.131885649301774
-2.116283632599168
-0.580909401270868
-2.0932704109663116
-1.7891915480453053
-0.4244056733406406
-1.7007266302326558
-1.5600457660626927
-1.120386088803072
-1.0102286416898807
-0.40356640918110986
-1.6559330123802745
-0.7662393156276395
-0.6530345215553109
-1.8424962971931715
-0.3890372717095718
-0.887865091982672
-1.8668831725914037
-0.94569089207316
-1.5663231447224168
-0.19913200785883817
-1.2493506415109636
-1.7058735874968387
-1.6620845355986034
-1.8213980761047353
-0.6280194596648228
-1.9878841971849863
-0.8304694477392245
-2.0393600106887133
-0.9965786527119773
-1.8210095969099727
-1.650877769658508
-1.866810315005107
-1.7798418730152075
-1.7231081925061762
-2.1111619223766565
-1.2334121781964478
-2.4213943397529665
-2.3712843762313995
-0.6176854530356088
-1.1625249638168502
-1.052499476000908
-0.9263715536060817
-2.6712084598251757
-1.0494430440175826
-0.5860012751553396
-1.1855042958153643
-0.8772297064156325
-1.5222015284610073
-0.4053577486837148
-1.4904036483212943
-0.7688374618704577
-1.1478777276551264
-1.5760277938391565
-0.5576167180786047
-1.3129492975779715
-1.465576172275332
-1.6456206892386334
-1.5250352348602596
-0.9934335687114155
-2.161531116725157
-1.5346464923122785
-1.4616282348474363
-1.0830588440412736
-1.4058237774793012
-1.5017438250967
-1.6443474147960933
-1.0922452616998282
-2.1021404129331485
-0.8558747232696131
-0.6798093864450196
-0.8703198829732328
-1.1092025834934698
-2.2670559068559375
-1.3303958583476825
-0.22696914115420758
-0.7370304433436239
-2.040752025477618
-1.5183889919121123
-0.48305004877977836
-1.9270586535925076
-1.6136043951495709
-1.4514436473172871
-2.0679615172346755
-2.4573563102738825
-0.44297650740363603
-0.4347764176523433
-1.1415871090420833
0.041422953610487784
-0.9409777044629422
-1.0778807737194338
-1.1832516840248544
-1.9765857291373583
-0.7390668427902221
-1.776847214986876
-0.9184893244848676
-1.761404478054871
-1.1147934950573302
-1.545998215808651
-0.8219200855102844
-1.2466881613564325
-1.5106659306075894
-0.9409894909146217
-0.34449098953199375
-1.3202570320838767
-0.6757360696730365
-1.7289575370259722
-0.6243358400710646
-0.9439403579559016
-0.7193474407250772
-1.438691582355231
0.1903587151317853
-0.7186505740980559
-1.279465350328009
-1.566982848691945
-0.0639261976549155
-0.990548263111485
-1.8339090790507846
-1.184124525547169
-1.0363392393361532
-0.6965713427287057
-1.1893819734002875
-0.43483097487970096
-1.8701611553304127
-1.6274961288161083
-1.434414645310908
-1.9689424749094753
-0.9414475467169183
-0.48417826302404
-1.715788471842325
-1.38588223531718
-0.7818226154102572
-0.7089191343926518
-2.137220794083117
-1.636720155911162
-1.1209064692195387
-0.7745028602169798
-1.3965300210853901
-1.0966458167473696
-1.8136759781971357
-0.4889970475461205
-1.9523381383883451
-0.9355734123972697
-1.4384673110623054
-0.48718178920094984
-1.3291232974937583
-0.7024903775504107
-0.9321052456448014
-0.8610326554363497
-0.9716622868603593
-1.0448982742672608
-0.4154368024370433
-0.7584428117868556
-1.1692791990419833
-1.0016417313798245
-1.3203434895153414
-2.0064140383104947
-0.7600658786831467
-1.7804473799538627
-1.1457453307522505
-0.84416992645455
-0.6505943714722447
-1.691872842405376
-1.5870412054094118
-0.5193617971064861
-1.302903815610264
-0.647516295632319
-0.9855598001548613
-1.3679892603425572
-0.6175360379027832
-1.1195315104327126
-1.368526419592762
-1.1914353443433934
-1.1791658281376178
-0.5495455309647936
0.3875619982882802
-1.2555126930854383
-0.9354587609277025
-1.6375310925011517
-1.1492013349455394
-0.15977926467905149
-0.5579707114535707
-0.8230754753582052
-1.719908924532623
-1.0919454621602807
0.11560941140037709
-0.06406427175533164
-2.3663592788760175
-1.134788199101001
-1.1105839179015988
-0.3351384127311632
-0.4259420857959643
-0.8802369002707372
-0.7323181285408737
-1.221109105853582
-0.9747032245426168
-0.2049866613934343
-1.3171349935477412
-1.8366368523400565
-0.21171146588735754
-1.885583877392513
-0.9265817282598576
-1.2397853793348057
-1.3575249420636344
-1.0700230190877023
-0.7786019054640408
-0.5702757047823894
-0.029565047116944007
-1.4837483677668044
-1.0237405275493834
-0.597800811403105
-1.4328065414794713
-0.48340319524220865
-0.9626332249031498
-2.09840415704661
-1.1285075532512079
-0.842425482607942
-1.0254940749102264
-0.5673015328299654
-1.0731616832843685
-1.0003466850646583
-1.6075399527237713
-0.472653481523693
-0.09556896390277778
-0.42400479530590407
-0.11799980255938093
-2.0285009566534784
-0.541776704218992
-0.2729419737346385
-0.7248972668619511
-0.2785396640551356
-1.7615827813350224
-1.5838416901641061
-1.038906373919342
-0.9806527533201046
-1.050877191275907
-0.4948847592023873
-1.1321993175087748
-1.0694754963816875
-0.48034429556588726
-1.138867203176551
-0.9858490497133662
