-2.3342302070791137
-2.248520184915206
-4.46234828092971
-3.4122449980939527
-6.438693064999759
-3.245650040146051
-2.3973248680170016
-4.819909038979871
-2.171203142161327
-2.8651433290430375
-3.994308513020611
-3.636525926853375
-4.300311128330576
-3.174134677758515
-2.4072458459257913
-2.1466382610699357
-2.891966658353389
-4.53856078627533
-2.928472518895251
-7.542615135153098
-1.3094043519056704
-2.754745636947299
-3.564497275808902
-4.821496709501237
0.2741941559284111
-4.496056649249788
-3.702184259788623
-2.9475372341958384
-5.4799779333929575
-0.9079602673790075
-2.8068084915560947
-1.690664712638343
-5.579286331672889
0.030838933644731448
-0.6218782265029721
-4.814212877623955
-2.2326328988628763
-0.8517109367815969
-2.2444484640310574
-3.1077209389267333
-3.892925559558525
-1.6387847410691756
-4.722878642625631
-3.8700266442350695
-3.3393840810411715
-3.118076274009969
-4.990298091334982
-3.557059480449251
-2.1626636887807886
-1.7563270843657628
-4.285957913855549
-3.368175054908066
-2.9912558462940497
-1.3624787534550373
-1.509577763803399
-2.599790706043503
-3.6990576966815176
-5.241006287398461
-2.8232051166209073
-1.924441786408011
-3.984295015032003
-2.5071974339472574
-2.4204622126383435
-1.6490481533328998
0.17793757505517815
-2.5510737735999536
-3.326953957816998
-2.256133558389779
-3.5818162711651342
-5.105590884381651
-3.026861415804565
-3.6168356765444836
-1.9371723569114399
-4.558288465427057
-2.769088220902285
-3.2416156278067327
-1.9457652942645773
-3.5092632656913
-4.502246854877001
-3.330558746516585
-6.279668901635109
-4.2068620204969225
-3.496843963827673
-4.13633186810838
-3.494681995210334
-3.2748277787369213
-1.7315916663970163
-4.525820845737254
-2.945114484768871
-0.8310308135326516
-2.9321949804672855
-3.597989268212902
-3.1553967786363946
-0.7541336365029321
-1.7326043863577523
-3.5138739422628364
-4.846275165289096
-4.3135895392272845
-4.31296623864966
-1.610246570786143
-2.9135799329565737
-2.8738544388298584
-4.001063871991475
-4.009047240866356
-4.888545885174786
-0.7937421104423588
-3.848885932934755
-4.457823494753223
-5.233001380764976
-1.9125517707106228
-2.619935843757721
-2.7040427827513835
-3.6185839887547218
-3.577997620624003
-5.323247230350919
-1.9402301545375154
-4.397687728189011
-2.4451412342280867
-5.532072888852639
-4.237727838824606
-1.4715986214266867
-2.175989739005943
-3.93293374393587
-2.9677858744034107
-3.4737011879998954
-1.25333533061409
-2.1339171471724785
2.5314981638166105
-4.011281213265487
-2.0017383978112213
-2.776665408504164
-4.066973509962667
-3.66340171719329
-1.1864858874109014
-2.1757788170660066
-2.98417478271655
-4.131273813552724
-0.5183200147725369
-3.8723942682091157
-3.0939641642974656
1.1339404106033482
-0.4962335660086312
-3.086157021026998
-2.48923575527926
-5.547033054633278
-3.6461539956967632
-2.5106779253126352
-2.7186229265378246
-3.5081473301827892
-2.739909851208446
-3.7089905122791826
-2.6848748481395592
-2.6149808495256366
-3.8414915552334867
-3.193226263635471
-2.145671821296226
-1.2703381127109532
-2.2406253204383746
-3.242987945521149
-2.479867751375896
-2.421054518250101
-1.6932218762409827
-2.0944720713058445
-2.800177891575286
-2.804411748678004
-1.9308194921868804
-3.201751653339661
-0.38024021848569767
-2.8396799962698016
0.3186037274466369
-1.6399022006594803
-3.5824188535103634
-2.3593956039769584
-3.336769327648697
-3.4647388298885087
-3.040208954334814
-0.9501770529054987
-2.226909216832952
-2.8986468883114527
-3.1316527707414994
-1.9729868939352784
-2.631842692145557
-3.1290407529841056
-0.9291129272863343
-2.4207089503239527
-4.146070551916344
-3.4862374337424322
-1.7569015826165248
-1.5494570610961422
-1.8287425995381237
-2.3958005881915763
-1.1077579609489787
-3.8510750874046886
-1.0459255977999427
-2.689233391278501
-2.4053029211313297
-3.660813935933263
-3.6215081984523683
-3.7697259295337253
-4.710710803948938
-4.464692869874535
-1.700417236097472
-2.411894817543559
-2.7329857106452518
-4.06778349415769
-3.3624107076941248
-3.136924632779282
-4.538845643672754
-1.4579971091372683
-1.2766586920962089
-0.5352718454354549
-2.828629824587181
-4.459679312174852
-2.2425006862339796
-2.724049276458229
0.2683702292033139
-1.5984075951914076
-3.5386991836930526
-3.012845639120071
-2.8643676966922897
-0.2002597369445407
-2.058727581406666
-2.9795804375793136
-3.4854113331776744
-3.3203990999133497
-2.86810687872001
-0.7959018282105236
-2.6135427022399966
-2.3648222861184833
-5.963336023872474
-1.0621713613695405
-3.5332238636353077
-1.6026824567498386
-2.8927535696896234
-2.3003642443083043
-3.724220718028617
-2.686352879713241
-1.9132047352885106
-2.3015164818037492
0.6357319709105358
-2.3403409512146642
-2.3997574553954695
-5.339560640660005
-3.4092159151979313
-3.2440720090456656
-1.7278252696487093
-3.7952921256846786
-0.5994161311013158
-1.335221602826626
-1.944658386484678
-3.4816123324279795
-2.4497084401093816
-2.355568674981404
-3.4345962993882004
-1.8135315484936463
-5.925622986826546
-2.2328196326363488
-3.556749197980272
-3.665045003778411
-0.5061637605522609
-4.117182091512106
-3.0292353925186712
-1.9362828482111643
-3.546667637230514
-3.7341039520738377
-2.4112611218909885
-3.415831942333848
-2.149106142862198
-1.7286488306938466
-4.5027017543037
-3.4036157389547377
-4.357638969372951
-4.14391577975887
-2.377682665344664
-3.019436565907407
-5.951392563844472
-2.8313939614398165
-2.9982326629368137
-1.9268686480110522
-2.074693044903844
-3.245541556762787
-0.7529397460260403
-4.237060177839506
-3.061427334930618
-1.111429655604917
-3.61639738908306
-0.6898111733710035
-1.433913097133726
-2.6180511575467005
-3.148509976799719
-2.0786332751541914
-0.32788023244736575
-3.710827680483223
-0.8418905487159263
-4.113085407547815
-4.58345708364843
0.07834882354045947
-2.0039097996169453
-1.3784727326616109
-3.674240891058603
-5.243256079017775
-2.0335785366771035
-2.720323495973347
-5.0461774024827175
-4.36734279182661
-2.0268740139506725
-4.250858674359298
-2.0680942614079965
-2.0934676835250943
-2.687153180475262
-5.531224388834978
-1.4609206631398264
-1.3789656088666304
-3.648745575766973
-4.893136658160747
-4.607875548966664
-2.6188665056220595
-3.422504665795172
-3.0969448697067516
-1.6756361001419802
-1.5927918162923915
-1.2562151608431764
-1.2687723678264926
-2.183576921283791
-2.2669988339897618
-5.140676214471676
-3.3719641958674322
-2.8503405541355824
-3.9983716540758336
-1.366353022805897
-3.1877431206263376
-4.202251706399208
-3.9082055930141015
-2.700065319187484
-3.1757446990788463
-3.8636265131816834
-0.7251200049438835
-0.6504187705319798
-3.092043047276415
-3.2698969072525337
1.226347801071135
-2.2105453066336125
-1.9226873509636087
-1.4436165979518414
-1.5719164695092172
-2.0648486055256363
-1.5625425543360505
-0.4083646563537047
-3.147951911193518
-0.9280980677689967
-3.0312005795307324
-1.7288574741597555
-2.002822258306489
-3.6320280573816635
-2.428028952406411
-2.3956595861615817
-1.8680330106563092
-3.6832699930836554
-2.758892902957841
0.0740718292756366
-0.7040107256340429
-1.9196019746766413
-1.9006270458504528
-2.9723420669275953
1.1191546018246732
-2.8536241726353966
-1.9332924984040385
-1.963532770087287
-1.9859739940766015
-3.5201791244495055
-1.3964643383163784
-2.592172768535379
-1.3966608561074199
-1.093375063913813
-3.5122413302351623
-2.847470915723424
-1.8816347706288445
-2.7037084856762914
-2.1648568593238315
-4.213095879997595
-1.8286775858268867
-5.553705313412312
-0.8140877781201594
-0.15018444017144583
-1.4729580196786918
-2.5908189779818223
-2.5498263184014127
-3.0954348574935775
-1.4639348492065647
-0.39976763610308996
-4.111128250340556
-0.5323836514534674
0.26403798061097805
-3.353427609077401
-2.2478172584503624
-3.0212178096930007
-1.2118934882099215
-2.2198034112728946
-1.979646973015293
-1.4667428858353515
-3.365463734097623
-0.8781621734746367
-1.1298798025144556
-1.5636359638279216
-2.012295976985983
-1.3862537570260915
-3.2936906986792485
-1.2845153452974425
-1.368175737611433
-4.668560073385802
-4.229939513968277
-2.4040554476680183
-1.8868895292497743
-2.294478056522964
-0.6733734813038218
-3.967418603120983
-3.062071690394407
-2.7826435882820935
-3.065278266785848
-3.5030617400739743
-3.3850634882997084
-5.206296266407675
0.9019779027592358
-2.5548256723278833
-1.5323609218086833
-4.741953035251736
0.05389227693145848
-2.8493291888774626
-3.8389551568009916
-0.3366653021381656
-3.4756650608283137
-2.5876836157900156
-2.479747495647181
-1.9520244527487995
-3.3242217918887995
-1.4789604336100286
-0.8349861800247986
-1.1500768051256356
-2.6423796714949948
-2.300204547223849
-4.083261210294983
-2.4101113526788738
-1.4824127771254045
0.5264665299887001
-1.3821284509962357
-2.736245632148049
-2.689336161918293
-1.8216952386655032
0.009474515227853031
-0.11754052732141118
-4.5897553597152605
-0.1118592994566584
-0.36012733055530277
-1.6976803989845672
-1.375310969439909
-2.404186557014255
0.08696212517629687
-1.522595114319273
-1.285513107634819
-2.741606597982046
-2.694957141059894
-1.4989376087589819
-1.5975837020191042
-4.416765748785303
-1.7155574902348205
-1.7622338181350572
-1.7067659449159736
-1.7641952878447777
-0.9220591265330802
-4.104190594314602
-0.746315507420421
-1.0593438328979108
-2.3888780951016457
-4.100744967951373
-0.4233616246775618
-1.2636851081010887
-1.345660609962911
-0.349527537349519
-2.1794885836030597
-3.936098736989995
-3.6497397176521087
-1.6666050162949109
-3.959671191967769
-4.965982745538669
-1.308606688873922
0.13206993448968418
-4.014175465801632
-3.414226974311065
-4.0542845936870835
-1.6855471651994867
0.37577252635866826
-1.993988096812993
-0.2047172853114516
-0.8804055573929925
-0.03566080677698691
-0.616843330326664
-1.5309579758370182
-2.8061453801234775
-3.8314052935874092
-0.7850042379397248
-0.5610600984989272
-1.4442201194408049
-4.503451588779202
-4.110786827440675
-2.5734394643200638
-1.652592086890959
-3.031924264986862
-0.6035176717051107
-0.19464082338311006
-3.388149359605663
-2.3046875204377764
0.42552157807087276
-1.9758751102652772
-2.7163890650051643
-2.221474254251181
-2.2215842431013986
-4.270856714225822
-1.379653225337564
-0.9397878282350725
-1.6998969197242326
-2.1330494047353623
-3.641982135925736
-1.312574113799801
-1.9269866287812147
-0.27153653569055636
-2.9673367820118943
-1.7492311903950075
-1.1142450812513434
-4.233968752978666
-0.3940430059481075
-3.115340584853601
-1.1817780058833955
-0.13036773433566728
-0.4676410901166861
-2.424588611473205
-1.8467874686966117
-2.94823424453287
-1.713214888877452
-2.6551966487057874
-2.2922467287488533
-1.2341817347883504
-1.7763486690442007
-0.5035208522649919
0.13231125432242363
-2.4969646444434117
-2.925453008926432
-0.7072760748911466
-1.169461527996311
-3.7861999715871173
-1.482716884627479
-4.720534602438274
-1.231447724309182
-1.2061138573292132
-1.588762185606715
-1.967256766234268
-2.118890739713921
-1.042861630412801
-1.717964099852681
-0.36538113893145274
-0.8876857120168875
-3.9537342235770048
-0.9954388392110863
-0.8278521592825068
-1.5838673495508067
-3.0723394954336167
-1.0714283553958228
-0.880590794130324
-1.4145777701733717
-3.398309580484318
-3.242383959614873
-1.6837828294037132
-3.476039073250068
-2.7372303620657528
-3.452404578181703
-4.366362220898518
0.6049690886679604
-3.059452073219157
-2.1877980214779233
-1.3831690476432446
0.20185821336623788
-1.9637896280472205
-0.48161594590047097
-1.571237455656346
0.5368896915803267
-1.9970542297665603
-1.3682236409827113
-1.1790356526564558
-3.9395816648702215
-3.106688161035926
0.044250356277262703
-0.6860819589415115
-1.6765945033866783
-0.29388236898841
-2.4500458874188067
-0.7105262804451564
-2.09348550061034
-2.6419990781784923
-3.4514049118497745
-2.1479210656715515
-1.454144021055983
-2.2003742716535575
-5.239045981831504
0.24139095588759352
-1.9886886179061207
0.002097195909761318
-3.5912379960287435
-3.6057337952967186
-1.080348171649589
-1.2559176363382438
-1.7442976395235934
-2.37695766528891
-0.6302746671684442
-0.8824414380092892
-2.232946529928661
-4.256491283989012
-2.8477045791630062
-0.9864423128281932
-2.872479370497082
-0.931057947815311
-1.2592297322258685
-3.030486410177677
-1.2675850350940556
-1.5915521821763838
-2.9988595881877123
-1.563795803149953
0.025489018835497923
-0.7575945952565375
-1.038866625304326
0.45875379033288577
-1.6883490138769872
-2.8152647744157777
-1.287229521374151
-2.421535011271856
-0.9741857951241532
-2.318676054425504
-2.7024482719152436
-0.12620243339707415
-2.4359142759447283
-1.1635855853149337
-1.943313923083291
-1.3312781486406784
-3.559185346987915
-1.3825946652062033
-1.6222596845139072
-2.221047184594362
-1.0112532983412712
-0.7692395637543344
-1.2900213207421363
-2.3520024488363678
-0.2977143497406516
-0.654455292803934
-2.095234345671037
-2.290050945151722
-3.0362314519978746
-1.8615548216376845
-2.5915678809441376
-0.5218711889122907
-1.3398297688045844
0.11568462773339228
-0.7948714113646138
-3.0898857637011514
-0.8526953394245983
-0.5498512136804745
-2.3810724405627575
-2.756453326511824
-1.7404195635372082
-1.4350440396025266
-1.4930896892847814
-0.5588507066694346
-1.076315196273934
-1.2267868552659333
-2.150508299787047
-2.9636831793464777
-4.293883594367202
-2.300437098420529
0.8968254906010107
-0.5166368978759313
-4.8343164195567265
-4.422107427942935
-0.18862189898027026
-2.8620159661492197
-0.845236340335225
-0.8500632790427554
-0.7340005611236685
-0.37037646289154225
0.14282222689504476
-1.5973243414707663
-2.6554168145351627
0.6602703304763259
-2.4541398551728713
0.032778561413372875
-3.6936088062911394
-1.6376299630046216
-0.5887804426644839
-2.186355283078493
-2.091930666728157
-1.9231274999807768
-1.9429212869642778
-4.147312744028513
-2.2866921949919323
-3.9396627796349586
-3.639121682175903
-2.088317064212205
-0.2369537277933862
-3.983925230218999
0.2630983308694024
-1.240292747295379
-0.4234173423209897
-2.3348429685366012
-2.432449703584574
-2.31702174250354
-1.426222352227648
-1.7206640419724104
-1.3429548793969404
-1.5838643105697274
-1.9538007542403264
-3.497057228576674
-1.4325134035466518
-3.873952928860324
-1.5560536497777546
-3.504239682433639
-0.8130966329915722
-2.0690481198148083
-3.80400241678535
-1.8816077871053665
-0.9794078892080655
-0.9018045581470501
-2.1575701505768095
-3.227662057433225
0.446728485731239
-2.4082639960942456
-2.345232869587045
0.4554621023822806
-4.089867471476438
-1.0249098302287443
-0.1892857531180796
-2.0091689802693655
-3.1966821489993773
-3.264348027407754
-2.6960130435923277
-4.440459951808321
-2.785219199022689
-3.6625266402930796
-1.435008213887621
-0.5230477852520967
-0.10285566971304916
-2.2670785174026324
-1.9046936355478108
-1.2515623616583893
-1.1217359220466507
-1.6669148231380904
0.896290067083708
-2.8508352421286283
-2.40505066172292
0.47857213231054097
-1.1593268756278416
-0.040161419118281305
-2.5072469552030245
1.3228615930467305
1.1066838136418549
0.6467574185775284
-3.577099972934575
-1.6470661960162027
-0.3099669528492681
0.8563382032373594
-0.8852825596330428
-0.1850539803671083
-0.43555246743759324
-0.2494804011702373
-3.074208260187987
-1.8562965828722566
-4.079796644555987
1.7990285278740135
-3.4324454766279757
-4.617740209602407
-2.1589861591785704
-1.5498851697846536
-2.819627480981889
-1.9925153957370132
-2.7261600884428434
-2.737797292613909
1.195918362438403
-0.602525646336904
-1.552507413119738
-1.647036084412234
-3.3750236993085005
-2.7205532824445067
-0.486704946096701
-0.9262792720198556
-2.314277616988178
-1.376040242223669
-0.00999560983466824
-0.5161617956397463
-1.3838673755078084
-0.3888605490607415
-2.2102868563330023
-1.2730478136230086
-1.0430046083496345
-1.372707816319117
-0.9810901251908409
-1.4252280181186507
-0.19126615165656935
-5.069517997842224
-0.38877921454850917
-0.8064199775044458
-2.200652009407117
-1.7500861709994089
-0.8204635306075736
-1.4195345223755942
-1.2075622145980138
-1.1169889361732157
-1.3647331396622584
-0.4918450331775073
-1.1340270482087993
-1.638680178018387
-0.4355018864766681
-3.06653036443028
-2.5325732936123577
-1.2843780216770448
-1.3453262794477507
-1.535365599361624
-2.1368388481367933
-1.6964080034450588
0.7593871018650515
-2.714961283031788
1.3320235475002193
-0.9321609839921363
-1.6855032840084394
-0.3415322594750291
-0.9099564827219975
-0.7729257341762715
-1.4804481520153085
-1.8327411950911674
-1.447829140613288
-0.05516472422642804
-0.35461062180980574
-4.432305020666892
-1.7487972502764557
-0.3661936539471286
-2.9881524884887893
-1.5253902196251712
-0.22189352573166932
-2.251922684044551
-1.775716388202732
-3.2050921990583694
-1.1722042638600159
-4.6437654358637985
-1.4797852316082747
-1.3270795160233917
-2.0244655087343406
-1.6623581091047934
-0.6132121768491319
-2.3544516949456513
-0.12057337868848811
-1.9981403820068948
1.1566998717656087
-1.3003097793745326
-0.6266119907962674
-1.184117614880731
-1.1380891381458293
-3.194009190335395
0.04116334443378544
-0.726636163389272
-3.1055912792444715
-1.5126692754840223
0.38554145682140595
-0.2309579172865599
0.3226446208983782
-2.501163383900608
-2.9432600652893766
-1.7812801666197886
-2.0448212232805765
-1.1148800705900597
-4.450166691818309
0.47338626702193953
-1.9910011959610516
-3.5746204915259967
-2.2196992247687346
-3.6968303737220527
-1.6439346716490433
-2.834946569412831
-2.5904209083165286
-2.4628865056223956
1.3859389335031855
-3.162499629253568
-0.32584861980932783
-1.5612203372911384
-2.307802624833551
-0.021826749210354324
-0.9223817415360002
-2.5428775744548564
-0.35888920572117666
-0.8217137062507116
-2.5121298475689615
-1.6441651517722087
2.0059455512814406
-1.3197381930728547
-1.679516410237323
-2.3252585512081017
2.0778990123646404
-2.6788460817946764
2.593941373598533
-2.205474986665697
1.2830740471440572
-1.6579397166344727
-3.312604806517121
-0.611438021010154
-2.4417013041032534
0.06392419493878171
-3.076636194384944
-2.1721978301339275
-2.7559319791065673
-0.8047892020191847
-0.13956564174991765
-4.261502908122782
-1.3360004940157109
1.3884675365681187
-1.6362057447849059
-1.186559352990483
-3.284544726500735
-1.19525840783567
-1.0441852118729988
-0.8216640791230483
-2.02145489279682
1.6602009353996992
-1.332962089504246
-1.2909851010862647
-0.730765479865679
1.2454473862947204
-0.9840096891755239
-0.681656552022007
-3.350908517040286
0.22785019118458805
-0.02101621819943955
-2.4305183386802653
-1.7209626944368401
-2.395083597662775
0.38918682536312654
-2.357465748607173
-1.0295812155245114
-0.7825599799576768
0.41102108663848874
-0.4522577040325262
-2.021525829482767
0.011148011197135266
0.21368584593826462
-1.7067687793892847
-0.7215242718844518
-0.31102205381831177
-2.221880007748355
-3.531955525218352
-3.5880094038851125
-1.6477524994822912
-1.1685387322670318
-0.8094536909581551
-1.8012711850434737
-1.912671822791266
-1.290614405549497
-1.0601272992893995
-0.1823744791098953
-0.2917747910229223
-1.4897527409726583
-0.4570128762467336
-2.979643389852427
-0.27891688009923987
-0.5251168712013428
-2.0695240045736285
-1.8674659802986457
-1.5895806107116197
-1.074488982709824
-1.263937764881955
-4.326744237172246
-0.24018364335551337
-1.4145742924833478
0.007907616442240362
0.1371113435565685
0.6699784502081283
-2.4670785540353286
-1.2357154785986069
-2.9245943950899846
0.4607916017437619
0.3845981722095524
-2.852420151127518
-0.4307865005850995
-1.48338533544416
0.06098688400120489
-2.8418904250506727
0.9978369636528142
-0.5030538279769462
-1.5394053010330597
-0.8499349152272775
-2.95761463590667
-0.4515060998438374
-0.719805281597141
0.900026219010373
1.172436464144327
-2.818224559172819
-2.385379374837524
-0.05813172591627247
0.6726403822695287
-3.753065305654893
-2.8536437919452835
-3.330573977085244
-0.7395991235324014
-1.0674818612810189
-0.021534521019252906
0.9716788514761534
-2.729858565108917
0.49541964041528086
-1.1508061358436934
-0.8117787758200575
-2.251072435810295
-1.5523280289976478
-0.6152873614872831
0.45324555655525595
-1.2638148046125153
-2.910792830859907
-2.2628502386271965
-1.7097727735097057
-0.3099112187785346
-1.0580522959004992
-2.803714900585284
-1.9560136459161808
-2.250716680507378
-0.4170130416752501
-2.0769977563610125
-0.8994458963017207
-2.0462376862289564
-1.948431914666715
-0.43938921648870716
-0.3011069936646482
-1.613271372969666
0.582146934716107
-1.3903341689735296
0.16906551739604203
0.1879924565173639
0.3277665240135289
1.0974441280945286
1.497222208982167
-2.7652010382007965
-1.801176689829047
-2.266320114910875
-0.9501485790877909
-1.131849651664449
-2.606861688103689
-1.3836356246884791
-1.3672708578523851
-0.9175680428639126
0.4454753083725461
1.469090589218105
-1.0807256478692981
1.1756805670318098
-0.8703499976751928
0.5083702260399605
-1.5539416504914068
