8
10
15
26
39
40
60
71
100
111
115
121
134
139
175
239
261
277
298
361
368
378
393
410
461
464
489
492
494
530
542
592
608
611
621
637
645
677
686
731
736
797
807
847
857
871
918
928
971
985
1007
1023
1037
1044
1064
1131
1155
1179
1187
1194
1208
1227
1239
1264
1289
1306
1337
1350
1396
1397
1400
1413
1435
1446
1467
1494
1506
1513
1520
1537
1538
1541
1574
1611
1629
1631
1632
1670
1704
1731
1755
1799
1815
1845
1859
1866
1928
1968
1978
1980
2017
2038
2044
2092
2106
2107
2160
2164
2208
2244
2249
2260
2272
2278
2316
2319
2370
2445
2478
2486
2495
2514
2526
2579
2587
2612
2636
2652
2668
2678
2718
2732
2749
2767
2779
2791
2800
2813
2835
2862
2868
2902
2920
2939
2945
2982
2990
3004
3014
3016
3018
3050
3076
3095
3100
3130
3154
3161
3163
3167
3176
3219
3227
3238
3249
3258
3269
3295
3298
3304
3322
3390
3400
3430
3453
3507
3511
3518
3544
3580
3614
3624
3640
3647
3694
3696
3699
3703
3770
3772
3809
3812
3846
3884
3889
3892
3939
3956
3978
4017
4037
4052
4081
4099
4104
4106
4110
4140
4152
4169
4215
4281
4283
4348
4371
4385
4405
4424
4428
4446
4465
4477
4485
4497
4500
4504
4541
4543
4572
4666
4691
4710
4715
4730
4736
4752
4784
4815
4821
4828
4855
4886
4892
4898
4905
4908
4946
4962
4974
4987
4993
5009
5017
5071
5086
5102
5103
5130
5147
5154
5168
5176
5181
5184
5215
5217
5223
5231
5234
5235
5262
5265
5282
5290
5320
5330
5336
5338
5373
5386
5394
5418
5443
5474
5514
5527
5552
5565
5574
5653
5669
5690
5711
5740
5744
5860
5864
5883
5885
5955
5960
5984
6010
6044
6045
6073
6092
6093
6151
6152
6275
6287
6288
6310
6319
6365
6366
6372
6572
6581
6590
6594
6605
6609
6613
6621
6633
6635
6665
6692
6705
6715
6718
6725
6758
6759
6782
6796
6815
6817
6826
6856
6882
6950
6976
6980
6996
6997
6998
7020
7030
7034
7041
7078
7086
7127
7145
7182
7205
7227
7269
7275
7281
7284
7337
7444
7473
7503
7523
7525
7540
7542
7551
7563
7570
7576
7606
7669
7676
7696
7699
7712
7713
7726
7745
7762
7772
7775
7780
7797
7817
7823
7871
7874
7878
7890
7903
7926
7938
7949
7951
7955
7964
7994
7998
8017
8042
8058
8065
8097
8103
8106
8116
8143
8246
8256
8294
8313
8346
8353
8386
8420
8433
8465
8482
8502
8539
8548
8577
8616
8651
8654
8667
8668
8683
8699
8760
8807
8844
8848
8862
8882
8885
8912
8918
8919
8924
8942
8973
8987
8998
9003
9008
9020
9025
9128
9145
9160
9170
9206
9216
9217
9233
9236
9247
9257
9290
9300
9305
9329
9330
9342
9410
9424
9429
9440
9472
9482
9507
9511
9539
9540
9592
9600
9627
9632
9646
9652
9668
9694
9702
9719
9733
9744
9768
9774
9785
9803
9807
9808
9834
9837
9840
9860
9943
9953
9972
9984
9995
9999
10054
10057
10124
10127
10160
10198
10215
10224
10245
10296
10305
10312
10352
10373
10394
10408
10410
10419
10475
10478
10496
10514
10539
10552
10596
10600
10635
10641
10656
10659
10668
10678
10702
10727
10735
10751
10820
10876
10954
10958
10967
10973
10991
10997
11062
11165
11175
11184
11212
11213
11219
11229
11256
11280
11304
11316
11335
11348
11368
11376
11388
11390
11391
11401
11402
11434
11436
11445
11473
11484
11521
11522
11529
11537
11559
11593
11606
11669
11695
11698
11718
11742
11768
11876
11891
11892
11895
11900
11917
11976
11988
11990
12001
12016
12043
12075
12121
12139
12169
12185
12201
12229
12257
12259
12267
12323
12343
12350
12363
12389
12423
12428
12433
12439
12450
12456
12459
12499
12501
12508
12528
12539
12619
12633
12638
12659
12677
12687
12727
12757
12763
12787
12795
12824
12887
12895
12913
12933
12942
13005
13013
13028
13038
13072
13091
13136
13148
13156
13191
13198
13214
13225
13272
13282
13294
13335
13378
13398
13401
13421
13424
13446
13465
13473
13486
13487
13520
13535
13549
13581
13661
13682
13684
13696
13697
13704
13723
13741
13767
13773
13795
13799
13808
13812
13831
13841
13910
13912
13927
13941
13950
13968
13969
13973
13994
14016
14077
14078
14084
14098
14117
14129
14140
14176
14184
14190
14218
14234
14247
14249
14335
14343
14352
14382
14416
14450
14479
14481
14511
14515
14517
14524
14595
14640
14641
14651
14663
14667
14680
14682
14692
14727
14733
14756
14766
14809
14854
14886
14937
14941
14989
14995
15005
15011
15014
15111
15132
15262
15282
15298
15323
15364
15370
15386
15398
15408
15457
15460
15491
15493
15505
15512
15514
15556
15615
15622
15644
15702
15730
15772
15776
15806
15832
15849
15875
15932
15945
15970
15986
16025
16035
16052
16078
16084
16127
16159
16163
16174
16177
16191
16205
16225
16240
16266
16306
16308
16313
16331
16356
16361
16367
16383
16386
16413
16450
16454
16484
16489
16497
16530
16553
16579
16595
16596
16622
16641
16707
16742
16749
16775
16782
16798
16832
16849
16861
16869
16883
16885
16918
16935
16939
16940
16953
16973
16987
16997
17009
17012
17031
17055
17059
17063
17067
17079
17081
17164
17195
17244
17252
17261
17265
17270
17277
17306
17319
17344
17352
17373
17393
17405
17408
17415
17481
17496
17503
17525
17547
17551
17562
17579
17606
17630
17648
17670
17677
17689
17694
17717
17719
17781
17788
17793
17799
17807
17834
17837
17841
17850
17897
17898
17955
17968
17971
17984
17993
18002
18023
18068
18076
18081
18112
18116
18122
18148
18149
18183
18186
18204
18231
18275
18310
18363
18422
18434
18447
18455
18461
18470
18555
18575
18576
18625
18628
18630
18651
18677
18731
18821
18823
18850
18877
18881
18925
18953
18957
18966
18981
19021
19023
19033
19035
19047
19049
19094
19099
19114
19116
19121
19161
19178
19201
19203
19206
19241
19262
19279
19280
19291
19305
19326
19370
19390
19405
19407
19436
19437
19444
19487
19499
19511
19512
19565
19573
19585
19590
19626
19628
19642
19680
19681
19686
19693
19712
19753
19765
19769
19770
19789
19817
19819
19821
19849
19850
19858
19859
19874
19909
19949
19975
20051
20068
20106
20122
20150
20157
20161
20164
20180
20187
20365
20378
20412
20427
20455
20481
20496
20499
20503
20510
20542
20593
20621
20631
20641
20703
20812
20848
20856
20889
20910
20929
20936
20946
20963
20979
20982
21007
21015
21039
21052
21069
21070
21072
21076
21091
