20.44677
13.12942
22.15858
16.81664
11.63717
18.92201
12.59505
15.64538
16.57054
7.500875
20.16719
18.25513
15.6022
25.51788
24.32358
14.72792
13.05562
16.0953
12.96096
10.82903
20.81228
16.08502
19.67507
14.27729
28.07772
9.635854
19.53041
19.19392
20.17899
27.76584
23.9508
18.03081
25.8183
20.75397
18.29294
14.60228
6.188163
7.347644
21.23067
13.10572
15.19503
22.03079
16.55166
17.70216
18.38929
6.425849
18.70341
18.51236
14.08475
23.88985
23.75136
21.02239
9.672014
22.41389
18.15713
14.45387
0.8695875
14.95969
-1.351639
2.63587
16.55596
4.530803
12.11943
14.79149
8.466806
9.186712
11.33214
-4.742498
-2.5656
2.372368
11.67384
3.429157
4.446179
10.08266
-1.717746
10.09031
11.35767
5.011104
1.88108
1.87096
4.158582
11.41663
13.81452
12.3126
2.882204
5.4104
10.47841
-2.399092
10.72022
10.54831
-1.111032
3.63218
13.16301
4.725934
21.8871
3.004006
1.444942
13.61694
11.88777
10.56757
8.549566
7.906936
2.59661
10.78395
6.024342
9.529366
11.36262
11.87513
3.152432
-1.099684
2.865445
4.149054
8.745254
10.45708
10.52052
-0.4200248
10.63037
7.217925
10.97262
13.06305
16.90343
13.49016
5.495515
18.18931
18.82477
3.050766
7.589231
2.924933
-0.4447391
7.933453
10.62612
5.880476
7.819009
12.257
11.82739
9.349553
1.428632
8.949383
3.959545
6.890094
12.38003
7.729328
10.33521
0.5578816
0.4033628
1.699309
8.881487
12.59167
4.602188
4.321431
14.09499
12.72704
8.547524
11.87339
6.86993
8.148137
13.85169
8.218156
12.67993
12.72626
4.449363
19.82348
2.190842
11.21254
10.93407
8.012115
7.673381
7.819386
7.982432
8.845853
7.89078
11.92621
10.64439
12.32703
8.300172
8.7567
11.26446
15.48983
11.53446
15.41178
11.6865
6.964409
5.254094
-0.09357977
15.93083
13.89749
12.72573
1.051814
16.81756
6.731458
8.522248
4.203405
11.9143
18.5496
13.81839
6.124852
8.301697
5.05156
8.04762
9.965873
5.053982
4.019903
7.518741
7.97117
6.734523
19.19512
1.538779
9.595005
11.80453
16.15294
1.046371
10.62138
9.362949
10.24367
8.72611
12.86757
12.25928
12.53584
12.12566
13.91046
14.2011
6.027456
9.221592
-0.6476982
4.131319
14.41417
0.1505229
10.53642
8.943021
8.79765
5.365488
10.00216
4.69936
16.12982
11.47922
3.375225
12.51397
6.771984
10.01348
8.735515
9.0654
11.05678
4.019558
8.551597
13.77384
15.5187
8.664922
6.725592
3.232197
7.236411
17.12232
17.70795
5.552229
9.678902
16.2015
12.24369
17.16331
13.65202
20.23184
10.77769
10.97668
17.88324
15.05583
8.580634
11.78076
16.06588
14.87941
9.262837
19.77603
11.40634
16.14381
16.61954
5.977641
7.455934
6.68541
18.79732
11.72432
14.6492
12.42078
9.1314
4.200853
11.92939
17.63116
4.550609
15.32409
11.99351
8.205535
15.13391
9.601519
12.89971
9.467099
11.62117
12.95758
10.23212
24.03338
3.636533
8.737617
11.87553
15.30549
12.54926
23.2969
9.97878
13.23212
14.05342
10.29779
15.42421
13.1291
7.909728
17.25814
12.01852
16.17911
12.79822
10.76716
7.204327
12.46506
23.26571
17.93907
19.67569
13.44393
9.000626
18.31947
11.13432
6.466314
13.56791
17.02625
11.06511
13.44398
5.339516
17.01911
7.967044
14.11296
12.35901
10.6148
1.987432
12.49206
12.557
18.46237
11.16289
15.60403
10.14385
10.8792
12.58774
10.44375
18.70249
13.70353
10.59623
15.12345
3.248029
6.006255
16.22696
12.82237
14.78393
14.86021
22.52993
7.797256
12.06252
12.57276
15.96744
15.9166
23.14691
15.80351
19.74317
18.56164
14.88119
16.23501
16.14031
13.06232
17.83542
17.45763
19.23666
17.84112
17.55543
16.25906
17.54371
18.93243
6.485756
19.2653
17.17879
10.34447
12.14154
10.0044
19.332
17.18766
2.797982
6.641184
13.73772
15.37963
25.10474
16.21899
19.57505
16.42956
12.44347
21.59749
10.52135
20.93827
18.01129
21.68206
15.72177
15.52721
24.84772
16.3784
8.792274
13.55714
17.69526
14.60214
12.26581
18.35901
15.54611
13.83475
17.41317
6.885875
23.54872
19.28887
19.9132
13.42551
23.35417
13.32682
15.16018
18.33981
11.35344
12.62554
6.10236
18.16755
8.379713
18.62479
5.272002
16.47515
21.75064
11.31722
12.46774
12.2733
17.89706
26.95204
25.51134
10.2553
16.79761
13.36703
4.350289
13.5076
19.04008
15.66456
20.41292
13.81546
18.31855
17.66797
10.08949
8.604122
13.63281
10.76244
13.48631
12.63504
18.08593
19.61597
19.67433
17.20958
22.57291
12.23274
24.76561
14.18832
23.57853
15.337
22.24741
14.77089
13.31913
27.69903
17.81502
17.45732
17.96858
17.33434
17.55461
21.05086
12.18298
21.6725
21.13557
20.37452
11.52084
12.6926
22.95704
15.80571
24.45504
17.22095
22.50908
11.25414
9.265598
20.03628
15.3331
12.0024
9.506182
17.11312
17.45451
21.35736
17.48351
10.83046
21.0424
21.34264
12.5492
11.69749
20.3549
14.35033
18.57129
11.04807
20.96399
12.28917
17.30253
21.04983
21.11977
14.69494
14.40439
16.18094
10.23387
13.50355
16.94854
13.31023
16.8067
23.13655
14.57802
15.93775
18.13302
17.53447
16.65652
20.42124
22.15992
15.0127
10.88989
13.73242
24.30347
11.26311
24.65417
22.66413
6.489918
25.17214
16.961
9.293613
10.5634
19.62528
15.49458
21.55857
16.21086
12.14049
15.71253
19.93396
8.159569
18.9083
24.22274
12.05583
25.39593
25.99589
21.78713
16.90515
21.1998
19.46194
17.0499
18.8793
21.34968
17.99694
22.82405
20.57857
18.8174
19.77787
25.57105
15.01095
22.46674
13.90361
23.39548
17.46232
19.48299
20.72009
14.75486
20.20427
21.2385
23.99069
31.58167
24.80525
15.01423
18.969
27.15056
14.32237
20.32278
19.74765
21.35889
13.06597
14.05123
16.35133
19.83374
31.22777
18.50881
21.8621
26.98401
21.63695
20.77064
19.64014
18.84452
24.13918
31.8193
14.61646
13.67012
19.14637
27.8676
18.75376
26.45076
23.31203
21.50434
23.82757
19.73073
22.23862
15.142
23.44646
23.60355
15.01768
17.3088
17.26162
21.03497
15.04916
14.47208
15.86273
17.16218
22.63744
15.53526
16.32701
24.62503
25.73039
26.0017
19.43759
26.36561
10.34213
23.51968
17.76601
25.27995
24.78458
22.44356
18.40017
30.59306
25.25037
14.41999
22.42726
16.38812
25.1088
25.93266
19.90926
18.05716
19.07734
22.5219
19.77348
22.10857
19.10381
19.23597
19.11924
24.20808
24.11237
13.08633
23.70605
16.49326
22.98733
26.83166
22.01333
30.76136
28.30808
30.6462
18.22824
27.66375
21.85828
22.13272
30.32883
21.80934
34.12821
25.5106
26.35123
31.24954
23.80164
31.22217
24.63809
31.2892
20.15031
23.30065
30.34576
28.11446
24.73156
28.65031
20.05976
25.14148
22.42452
31.83317
26.35851
27.90331
29.6468
28.00241
26.41857
24.98673
25.09204
16.67762
22.04881
22.66901
24.05677
27.82147
16.48233
20.27812
31.26742
32.17303
25.48644
28.23238
25.26847
27.46991
23.23682
18.69353
22.96875
21.60273
20.0385
25.21995
22.67385
23.85234
18.36913
23.20181
18.47371
29.00055
20.49192
29.46026
24.57626
28.88681
31.73711
22.7622
28.37463
20.13189
22.70804
25.13077
31.33294
21.12537
19.45904
20.06388
26.80849
23.6418
17.83182
23.83261
22.15913
25.609
14.4995
15.91164
35.60689
22.99318
25.45526
21.84676
20.16446
19.46075
26.26417
27.38544
27.50262
20.52932
20.70318
28.16664
11.83723
32.57924
15.81396
31.36493
24.69667
28.03117
22.09147
27.94273
28.33072
30.09806
21.36708
28.91347
31.03379
30.0199
33.147
29.81691
20.64618
20.53736
27.70173
27.84668
24.67237
21.92453
34.0147
26.69715
36.31837
25.68444
23.451
27.36365
25.52531
33.99595
25.8288
31.59141
28.16358
26.32379
18.50586
20.3383
36.33293
25.79656
24.93678
30.89817
27.55189
31.08513
33.36305
32.12974
26.72173
25.58083
32.4698
32.20078
30.56375
24.69883
27.19546
29.7657
24.0582
33.68609
26.01504
25.65161
27.96837
23.50003
25.52296
35.10834
30.97984
29.49641
19.82442
23.3717
19.8004
28.73108
26.27878
22.79981
34.62153
24.57002
30.19874
28.55504
29.62903
26.86248
20.84035
24.73321
29.29998
27.71182
28.15714
27.46411
30.68041
23.70452
19.41424
26.68919
25.54383
21.22674
24.78251
26.0306
30.82119
36.65693
33.86089
28.3909
28.54104
23.88437
14.86988
27.96773
30.99435
27.44148
22.50612
33.63991
26.63377
14.89064
27.25495
31.49461
25.89027
22.96283
26.52029
29.04921
24.6217
30.02944
31.39824
27.36393
33.00841
29.83467
32.542
24.03257
23.32783
21.36718
27.78548
24.98117
37.00526
25.19847
34.46372
24.12009
30.34705
31.25845
24.09529
29.18099
29.26648
27.43092
33.30276
32.8052
34.68224
36.19864
35.49532
18.25956
19.62392
28.15211
25.66236
29.52753
33.83577
28.09814
36.40993
33.15782
35.408
26.52767
31.01776
25.16781
31.24322
32.13624
24.3219
25.45641
29.42385
29.25237
36.68065
36.7703
35.74377
33.4183
31.9508
36.12788
23.95742
25.27373
21.93489
28.30041
29.91413
23.1722
34.65318
24.25939
20.28776
30.22883
33.75021
42.00761
20.53343
36.44411
30.99009
24.95405
22.71727
28.77834
24.22043
28.35013
26.14542
21.50852
19.99171
23.11481
26.58509
34.32545
26.51583
25.4308
35.86208
35.20362
25.57989
25.66972
25.84693
30.3924
26.8809
29.18716
32.42532
33.35186
35.51744
25.61374
32.27853
32.79256
30.8753
23.76891
25.83381
25.53355
30.28924
40.9251
27.71675
35.35483
23.47808
30.20086
29.80498
37.33295
34.34995
29.58455
40.05398
34.1614
29.68021
33.72706
35.29572
30.18848
24.02899
43.24939
39.30577
32.56807
31.2148
31.75706
24.80288
33.43143
27.81066
31.74857
38.72382
34.52299
31.84393
23.92538
28.95914
32.26085
34.83055
31.69194
25.16399
31.05554
38.14412
36.51745
28.81369
25.39755
27.03845
29.94935
27.2769
32.3168
34.36798
30.5456
30.70944
22.47652
32.00005
23.13733
32.51311
30.34709
32.82548
31.97558
34.15407
34.36397
25.60697
33.59388
30.56432
29.30916
31.15871
31.97184
35.38716
24.36624
30.62872
32.63204
27.61156
26.84398
24.00449
34.55056
34.56894
39.60936
34.05423
25.41072
34.38341
30.8231
36.78731
30.98212
34.99668
36.48834
29.09057
31.41017
30.24156
27.8533
32.53666
24.44707
30.02831
27.15727
36.61281
31.75308
27.0212
40.20211
37.04275
33.44949
32.64735
39.62196
37.38459
32.31004
30.10012
31.91961
32.46148
