7.444113
1.992715
2.689372
3.449718
2.570562
7.557659
1.956913
0.8466855
0.9708573
-1.996024
5.112359
8.834207
2.705833
6.588908
11.38648
-3.017461
-1.069596
2.526566
2.906283
-1.090034
7.002545
8.601487
3.07747
-2.191624
9.282909
-2.12202
4.521703
2.360264
9.848989
12.04601
8.961582
4.963242
8.513408
6.661947
1.799603
3.452561
-1.445474
-5.164352
4.674059
0.2780727
4.365855
5.411383
5.012124
5.276154
7.18551
-4.413591
6.839369
5.215634
2.53198
3.918331
5.802518
9.328575
0.7176571
4.597983
3.392708
-4.363801
-10.41452
-4.677721
-9.237715
-8.171384
-0.04059853
-6.078469
0.01801603
-6.492193
-8.067498
-3.120247
-2.916205
-12.73956
-11.90656
-11.80381
-3.687606
-3.453081
-12.42223
-4.628398
-17.02721
-7.551828
-3.539873
-6.472202
-9.456531
-6.092158
-9.100634
-1.212135
-7.31552
-1.801955
-6.312249
-9.635544
-2.796425
-11.71418
-0.7143981
-0.9412979
-12.44074
-10.39712
-2.361742
-9.365264
3.88835
-9.021681
-9.132341
-8.1895
-2.520938
-5.537284
-8.737128
-6.075567
-7.02271
-3.263598
-7.501357
-8.631372
-4.334887
-0.8697081
-11.10746
-8.428097
-11.69665
-10.4872
-4.787041
-3.642545
-5.933042
-9.325935
-7.125034
-10.68066
-1.367845
-3.107086
-0.4167638
-4.385408
-9.912391
-5.837309
-4.229574
-8.027657
0.3809683
-9.255438
-9.957891
-8.34726
-6.128658
-7.026713
-7.627594
-2.888329
-5.234404
-7.357715
-7.18053
-5.703092
-6.502775
-6.971614
-4.35882
-6.946843
-4.992036
-12.38104
-13.99748
-11.16971
-4.382962
-0.6839897
-6.312379
-6.874296
-4.5748
-5.290954
-11.83897
-3.304264
-11.62881
-5.791605
-3.62815
-6.779028
-0.3414098
-2.026832
-9.748323
-1.424066
-8.724605
-2.625557
-4.170658
-9.128888
-8.554008
-5.02257
-2.571334
-4.942629
-3.826105
-1.915185
-2.495933
3.463232
-8.605747
-5.072835
-5.736294
-0.3505241
0.9842387
2.105786
-3.602827
-5.000456
-7.115456
-7.839856
1.4862
-1.768242
-1.990487
-13.32325
-0.2857803
-5.172987
-3.190541
-7.946585
-5.005055
2.081287
-3.357651
-6.21405
-6.178591
-9.866123
-3.550336
-4.262377
-9.043429
-4.337348
-6.649842
-6.905573
-7.274089
2.660511
-6.408119
-7.100144
-2.6326
-0.5259161
-7.925223
-1.503382
-7.830831
-7.262042
-3.897986
-1.502353
-1.634807
-4.249236
2.931749
-4.014112
1.696967
-6.667212
-4.615279
-11.54883
-7.500045
-1.112397
-10.42582
-6.806973
-7.130037
-4.057886
-6.459994
-1.568831
-12.13434
-8.478285
0.1942059
-3.522964
-2.162179
-4.924699
-7.648776
-5.888827
-3.526609
-0.9492213
-6.610096
-5.664625
-3.466272
-3.26728
-7.229674
-10.07994
-7.35264
-7.029763
-0.7124122
-2.418794
-7.069412
-4.523466
-3.669433
-2.561647
2.882442
-3.436706
2.505566
-5.953
-3.703848
4.111058
-3.62305
-3.413682
-5.93717
-6.456618
-3.595908
-3.566426
0.0129238
-4.869367
-0.4210298
-2.582069
-5.652258
-9.00981
-5.911004
0.6333435
-4.638713
-6.753784
-3.154742
-7.69718
-8.050303
-3.068115
-3.509623
-12.80541
-4.40293
-0.2787876
-5.544468
-4.462636
-4.005394
-4.920263
-3.530633
-5.109232
-3.018393
-9.769327
1.344693
-15.21174
-8.29201
-4.85372
-0.1269829
-4.202541
1.250732
-6.26079
-2.322103
0.9003875
-2.911576
-4.11407
-2.993524
-4.639058
-2.798054
-11.13352
-2.900177
-5.899175
-7.530231
-8.078034
-3.233457
0.279043
-2.00696
-2.73654
-3.323429
-5.001087
0.7488323
-6.410969
-4.323173
-1.940568
-3.428132
-2.138502
0.5543684
-8.065521
-3.690711
-6.974443
-4.312195
-7.042561
-3.218266
-10.94741
-5.701421
-5.822474
0.3559164
-6.224122
-5.430422
-2.937735
-3.727909
-4.043126
-3.974878
0.1504761
0.9355437
-6.066508
-0.4233871
-12.39171
-8.566254
0.6057109
-0.6668655
-4.455378
-2.59301
1.850373
-9.765836
-5.518257
-6.347399
-2.35771
-7.699373
2.434847
-1.403443
3.355993
-0.349899
-2.12675
-2.770244
-2.81788
-3.769417
-6.712005
-3.823233
2.577444
-2.638243
-2.094135
-1.146577
0.5891859
-1.016286
-10.58046
0.8739331
-1.246128
-4.039551
-5.255309
-6.775702
2.964249
-3.131209
-6.368531
-6.895988
-0.5807866
-3.59743
3.846485
-4.829774
-1.955697
1.692796
-0.07696656
4.413597
-4.270402
4.450257
2.007057
-1.503659
-0.8354489
-2.951804
1.104929
-0.6504262
-5.891257
3.903312
0.9825941
-3.300382
-4.678897
-0.353543
1.31546
-3.557211
-0.8450562
-3.346867
5.600016
-1.631824
1.708806
-1.93222
1.66502
-4.511263
-4.087305
-2.279886
-7.0986
-3.788907
-5.595831
-2.849163
-5.220146
-1.279924
-2.784747
0.9396416
-1.84673
-3.708169
-4.429856
-4.017774
-3.492385
5.080901
-0.5873686
-5.834841
2.098433
-1.842892
-4.369467
0.2220244
1.717663
-1.30868
5.503587
-4.815049
5.315405
-3.510455
-8.539718
-6.220458
-1.725588
-3.072299
-0.6058753
-5.219016
0.7745446
2.373387
-0.2494969
-1.646016
-0.2834312
-7.606231
5.983615
-2.00446
6.733209
-0.7701924
0.8572815
-2.956418
-4.289417
5.684332
-2.863754
-3.800291
-3.42834
1.06405
-2.224091
-0.9368738
-4.132677
-0.9500912
3.19316
1.343232
-4.769367
-2.255807
5.898101
-7.672438
8.948194
-2.465162
2.585323
-4.024175
-4.595041
-0.9021374
0.1478933
-1.858649
-4.306501
-2.195427
-0.4053381
4.15796
-2.191947
-4.991122
2.61592
-0.8690585
-3.257556
-4.267897
3.522693
-3.139557
1.476726
0.5737743
2.425589
-0.5120013
-3.3561
3.347105
2.209812
0.2594144
-3.731832
-0.8946397
-9.267765
0.2113122
-1.446891
-3.433981
-1.169596
4.986708
-0.3732199
-1.245055
-1.479109
1.357412
1.54271
5.281467
2.104037
-2.093181
-6.179079
-0.5471776
2.938964
-7.616825
3.82585
4.730479
-8.736354
-0.1920257
-0.8426353
-6.160473
-8.41086
1.979537
-2.640205
-0.1601258
3.888556
-8.427747
-4.516167
-1.493283
-5.60856
-4.30575
1.313713
-5.514537
5.476869
-0.8483233
-1.087375
-3.61236
-0.1897718
2.50795
0.05943199
2.712874
0.4275973
-0.8292625
4.010377
2.484197
2.519342
2.415164
4.270095
-3.156844
-1.22785
-4.641168
0.8080179
-2.243553
-4.003924
-2.317389
2.282285
-0.8645397
-1.40825
2.870222
8.955298
6.336276
-0.8932583
0.9937297
6.717116
-4.077309
2.03587
-3.476632
-1.817203
0.5060881
0.3991979
0.974355
-1.806294
5.157713
-1.654721
5.239215
-0.8485285
0.6781577
1.432736
0.9329684
4.78799
5.985176
4.984408
-2.412419
0.08326812
-0.8659973
1.663166
-1.285686
3.047153
0.04892826
2.951267
2.120978
2.423115
5.963066
-2.347746
-2.317454
-1.665482
-3.647467
0.6147514
2.299641
1.991319
-0.6154754
-1.258086
0.3248076
2.268365
-0.2421574
-1.495608
-2.496
3.30437
4.2
7.976788
0.2657633
1.560881
-5.891025
0.104464
-4.201718
7.811328
4.987597
2.664586
1.325086
10.21861
5.080629
-3.318567
2.138182
-3.000838
3.356277
0.7402553
-1.649009
0.73855
-0.6971218
1.331505
5.282066
5.293141
2.507775
0.2269519
-0.745639
3.955412
-0.07691229
-6.13408
6.93381
-4.272369
1.434118
6.127301
0.7767706
6.545898
9.686135
3.860286
-1.928595
5.5315
2.536042
4.655186
3.187716
1.096164
11.8668
-1.565744
0.8910469
7.371771
2.747542
7.468996
7.88871
4.429326
-3.800889
-0.03471584
7.081155
0.3873255
0.714742
4.084062
-1.571227
6.618406
2.908146
5.211509
2.262542
4.499548
10.02536
5.410167
4.861862
2.555381
-0.9191061
-2.298898
0.2522542
4.443509
-0.09837511
9.608647
-5.897285
2.21484
3.503697
6.778034
6.149274
4.676678
0.9650439
4.345777
-1.898732
-1.336715
1.194686
-2.991596
-1.418322
0.08681417
1.558194
2.869223
-4.56486
1.293862
0.02593657
7.349254
0.6091506
4.198345
1.54069
7.372448
8.807274
-1.283285
1.905905
-2.941846
-2.239582
4.847315
10.00887
-1.613356
2.216578
3.245271
5.050431
7.001285
-0.3783991
3.3851
3.207997
4.582368
-2.671687
1.897085
7.646985
1.910294
1.79263
2.898872
-0.9871124
0.7818538
-2.160146
1.044098
4.7376
4.104605
2.762697
6.738152
-7.334838
4.563634
-0.1092916
7.319972
0.07794427
10.09079
0.2056446
7.375779
6.956816
3.890729
-1.09066
1.662082
6.904968
8.861552
9.035625
6.32733
5.103788
5.154998
7.804257
7.56809
7.515987
-1.669635
10.45525
3.002645
13.34218
3.484262
6.451147
4.11101
4.464363
3.394753
0.02013872
8.718093
3.869644
4.352905
-0.4544248
0.914158
9.641007
0.8198987
1.621738
5.69691
8.427221
4.88145
8.605893
6.496096
5.818512
2.720687
2.608204
10.35993
7.048052
3.889808
2.821511
5.579741
4.501931
13.63406
0.6942154
4.926287
3.944609
2.913171
4.073223
12.3298
6.257481
5.577213
0.1210432
5.460304
-0.2416872
5.485436
3.411395
1.888374
6.589745
-1.012814
8.335185
5.307963
1.807751
4.432399
1.071563
3.118181
8.120389
6.533729
6.360246
9.822307
3.047987
1.998437
0.716214
3.858773
2.811031
3.174465
0.2117608
1.254931
9.899617
11.48391
5.254129
4.745843
8.160946
3.195214
-0.1833895
8.262964
6.608088
1.260703
-1.285035
8.197068
2.914232
-0.1625646
1.947919
8.314991
7.627702
3.082798
8.485136
7.656677
4.521119
9.420232
6.247822
4.062392
8.839093
2.768958
10.90291
2.084569
2.226224
1.753647
3.27081
1.48234
9.666483
2.405627
9.176936
1.675704
8.804628
5.549907
-1.050437
7.92915
6.451861
4.204262
8.39005
3.711549
5.987169
10.29053
6.749134
1.950122
-1.045336
5.685563
2.777612
10.76105
9.943613
2.849394
13.5609
10.76606
6.540429
5.021903
11.09595
4.658737
7.452812
9.393169
5.101752
-0.8221974
8.823898
3.886762
7.669083
10.50055
9.445822
8.018803
11.66927
7.094689
1.319738
7.97697
3.07271
6.450438
2.834234
-2.164657
11.89677
5.525154
-1.954542
7.319335
6.972732
11.10473
0.8912031
16.52704
8.472501
3.291619
1.939165
10.08038
7.98237
5.315559
5.191965
-2.148331
-1.208049
0.5546012
2.965143
7.751118
7.809129
4.63898
13.32094
13.38284
6.28586
2.997966
9.376116
6.236378
10.40829
3.520944
7.812339
8.112666
11.93662
4.593426
7.159623
5.807409
10.51645
4.75636
1.082211
5.898264
7.580389
12.90098
4.614408
10.18715
2.703454
7.152621
7.034931
5.219685
10.0776
10.52003
9.045478
10.55428
9.138557
8.395667
9.774882
0.09259446
6.80009
14.7207
12.20337
7.872079
2.906474
6.848489
2.428951
8.503944
3.485265
6.916374
8.948504
7.749862
5.173954
2.913826
7.493986
7.353437
11.37845
6.6233
4.672361
5.407257
7.43699
9.403746
4.400026
2.491486
6.641889
6.385966
1.701601
8.398473
5.893997
4.276728
7.592883
-2.278949
3.699206
7.722382
11.99381
9.263122
10.91991
5.922881
8.005373
10.90671
2.110016
8.084062
10.45607
7.238417
10.11502
7.893512
10.4639
9.149135
5.944348
5.159877
5.840395
6.156103
3.007255
10.96178
8.79418
11.22641
7.557386
5.955094
9.280489
2.669175
7.704492
4.357075
8.539526
12.0687
5.766051
8.256588
5.691645
5.831326
6.816341
2.647937
5.818613
5.784168
8.519586
7.322684
2.822177
11.84945
14.05059
10.15612
3.141484
13.07234
12.09446
10.40613
10.17485
7.115942
6.73441
