13.14607
9.689239
17.21707
17.83889
11.31033
19.57566
6.042471
6.347141
18.34605
11.15702
19.46786
12.40158
19.09362
18.98121
29.71325
18.70791
21.99055
15.48912
17.13009
22.92935
21.90667
30.49582
17.93977
13.67318
24.70858
0.1342381
14.50425
12.17378
24.82266
24.40221
34.69512
14.98711
30.38596
18.69247
17.80933
16.63076
7.784084
6.171891
23.40952
6.687582
13.77539
29.9821
16.61886
15.23503
22.26
2.118123
8.968839
20.62506
19.41928
25.76632
21.15548
19.66589
15.47857
24.54708
22.42608
13.5085
0.7448312
18.46375
2.414959
6.060579
19.64771
-3.291595
22.78175
11.55268
7.589243
7.260176
17.84016
0.04451858
0.008002733
5.939561
5.310356
4.746839
1.040304
11.64149
-0.08558063
16.06237
3.97628
5.657282
8.007808
1.648456
6.88849
4.081059
13.34565
14.23087
0.1642585
7.123503
12.71795
-8.529697
19.11403
11.85769
-4.133416
4.598471
15.29453
6.932063
22.25775
9.540942
-1.578663
22.10678
12.47834
17.94319
8.88422
5.013053
2.269129
11.03068
2.466243
5.669807
11.47995
3.874517
3.673288
-14.28483
-0.1613221
2.599736
7.857646
4.196307
11.86388
-8.017474
11.3848
12.88147
8.086736
8.903061
30.84957
21.99023
-1.330918
25.12131
11.20033
-0.4224645
12.69774
5.926807
-2.028232
5.123966
7.475754
4.586536
9.387087
20.20051
17.69279
7.095709
-1.913504
0.2097179
-4.160873
10.35371
8.662809
8.049641
1.148927
-0.8124436
12.0614
5.138274
10.68822
12.07898
19.81447
3.448653
11.48104
3.365787
4.559629
11.67896
0.9216365
1.438093
14.95612
1.524859
14.2666
8.924264
1.427888
19.12069
-1.541227
3.444309
9.1475
15.49769
9.381539
3.929799
2.955419
9.468703
15.01243
10.35879
16.24346
6.859051
20.95036
17.00558
14.79074
16.42734
1.857054
0.2307754
12.55377
4.517968
1.683736
-2.889282
22.90132
9.116747
18.15741
3.890216
15.02147
4.2408
11.3723
9.585021
7.612248
19.5658
9.05689
-8.063143
13.40324
-1.793375
6.112287
6.924235
4.376671
13.77534
16.04385
3.377158
7.254867
22.77177
3.872346
9.994453
9.035373
23.44617
-7.633513
11.68464
9.23512
9.230297
5.075844
10.70195
13.77586
16.9968
10.99269
20.24318
11.65609
-2.258303
7.399656
-9.171925
2.395223
16.01591
-10.09828
4.519449
9.866775
8.494645
0.09445104
13.20724
3.602658
12.93486
7.141997
1.250318
11.76356
3.831845
10.30087
12.79305
7.129214
25.7939
1.087221
7.633893
11.58737
8.273571
3.674109
4.457506
11.00533
22.86181
17.49123
20.46375
-4.117522
6.548167
17.96549
14.70302
18.06396
16.37853
26.06246
9.913183
14.85085
17.06154
15.39407
10.77902
20.53765
9.784033
16.88762
16.00006
19.62329
13.13086
13.48663
14.62032
3.344593
9.427661
6.915114
21.64881
19.0887
15.60852
11.62733
7.748512
8.35582
10.90585
21.70289
-3.758207
7.550618
12.26761
-3.828943
19.56309
8.417874
16.21902
0.27784
12.98311
5.918805
1.766419
21.27114
0.1126021
5.676022
13.30316
16.84561
14.86249
24.25525
11.08833
21.82173
5.499196
15.8173
13.04425
5.698984
8.714639
20.56759
12.76707
13.02046
1.579605
9.311315
6.208035
16.43171
21.90541
22.85359
19.84619
16.99846
11.31904
19.55078
6.002912
7.891363
14.16257
17.8076
13.37039
10.83404
4.585362
18.57474
4.497535
28.53986
8.129831
14.11575
10.9454
16.67869
8.405449
19.18794
9.469535
19.22693
15.88478
10.99977
6.51928
10.51135
8.979962
18.58857
13.01714
12.32036
-2.801195
2.743502
22.36863
10.80292
13.16267
19.07477
23.47447
14.3574
15.15807
7.448114
2.867751
22.57427
21.52034
12.00029
20.30078
15.21399
19.24529
22.36427
19.80634
4.568788
21.82545
24.75623
14.36681
16.09614
14.93065
14.34722
19.26052
22.65934
5.621747
16.29239
16.73498
9.630109
13.42397
4.347331
19.0468
15.70428
10.85814
10.03416
12.63304
22.48229
21.74364
23.31238
21.32543
17.74239
13.68007
22.45205
11.049
16.03726
8.130091
18.28628
13.17384
16.44564
18.14164
19.76882
13.61899
19.90025
8.575841
14.98135
13.71768
10.95326
13.93945
16.01061
23.25134
9.586515
27.39267
17.29266
21.87163
12.43691
30.30797
16.84152
14.78009
12.54825
7.935977
19.85214
11.10823
14.1303
10.35434
17.29206
1.291064
16.68132
14.32566
10.7361
7.950947
10.86996
21.30456
28.73059
25.18858
19.03357
27.26312
16.10587
2.218303
17.31491
20.64418
20.3569
15.48809
17.28767
7.393753
11.97217
8.506842
2.91292
11.56369
6.689839
12.71563
11.20497
20.52785
19.7314
19.76854
17.21157
18.93597
21.36521
25.46738
15.25045
17.124
16.9555
19.51704
16.96512
7.561308
22.44571
15.94338
16.72345
15.13823
16.11669
20.7684
28.04109
9.840591
20.3398
21.08087
11.188
18.25081
9.256735
21.41708
18.11837
19.01737
16.25419
30.35645
15.4341
8.777665
17.32787
14.62359
5.341318
5.862613
21.5524
24.10466
22.34716
16.22635
12.53348
22.975
18.32626
12.83324
21.14899
16.76739
16.43243
21.33877
20.18139
14.41555
10.353
26.59371
15.98781
33.31328
18.53087
10.35802
7.460777
20.17913
15.00534
12.42975
18.12675
9.920073
8.167535
17.91027
21.97313
10.35704
15.82083
21.73362
18.16117
24.80778
2.06392
3.85796
13.54056
20.24277
8.242428
26.4975
28.62431
5.504656
25.76572
20.31963
6.167332
18.51262
25.99197
17.49345
20.25
17.92107
9.461806
7.478526
26.63861
2.172493
18.60519
27.72465
19.7163
23.79371
32.07432
22.68479
22.10413
17.56041
17.3211
7.840385
24.29338
21.1648
12.81401
24.73434
13.25036
15.46599
33.56928
20.60976
16.26529
23.9409
7.587809
29.39339
17.12139
17.6192
19.44232
13.47507
18.64336
19.65617
19.62259
33.66448
11.63218
18.07031
28.36999
33.1928
11.87182
24.29705
22.73215
24.09974
6.619482
22.20267
6.671758
18.36984
31.3232
24.30214
25.52059
24.24781
16.40605
18.32371
23.88607
12.82793
27.61371
29.47341
15.37906
8.881039
13.44882
33.127
21.59428
23.83365
17.21748
26.95817
20.46024
9.821527
15.55498
10.81033
27.69379
24.06476
19.223
12.86716
27.40687
23.4682
13.96598
14.8676
16.01055
16.06073
33.74125
19.02977
23.84386
16.71124
27.59855
19.48894
15.03606
25.95957
10.86804
28.41982
8.431695
26.77939
21.6218
16.92553
16.29642
27.63094
20.23526
7.548943
22.41996
25.83349
19.20713
24.93704
20.00859
16.41551
15.78491
27.52935
25.39184
20.76245
17.60076
17.29258
21.05547
26.29551
24.611
6.077603
15.23501
23.72303
13.23538
26.06086
18.49153
29.44792
25.79177
35.77384
12.34366
32.81311
26.39589
28.16487
27.86702
21.12635
37.5958
27.54431
30.09067
28.08357
18.94447
38.39483
34.21356
28.70147
18.84842
34.93162
38.73389
29.70024
25.11332
32.7225
20.35558
29.3782
22.39374
34.79773
33.34602
35.44748
32.669
31.55078
22.22433
28.8646
30.54582
13.48209
18.76338
20.49325
26.81278
28.38338
14.21305
32.99983
27.23744
35.80025
22.56075
32.1644
30.45293
28.67363
28.15883
19.68496
23.72582
18.26734
18.63046
21.3315
24.67795
25.12808
22.19824
22.19124
16.79436
25.72241
23.82595
27.36444
24.98251
29.029
30.5611
18.21678
36.88286
19.0173
21.86002
17.87634
33.12929
23.57679
13.53856
11.82391
25.95452
32.58552
16.22139
35.78468
18.77245
28.36097
7.759215
25.52618
39.49132
22.31718
30.10294
35.65589
12.55739
24.99156
27.86857
30.48272
27.22714
17.01094
20.38881
30.94946
13.48893
32.46422
12.54599
31.9924
18.94717
20.74888
21.15317
31.97718
27.34971
30.58887
20.85011
39.34543
40.92608
21.49473
45.8518
34.4868
33.80422
18.98287
16.59298
33.99023
32.79349
26.24642
26.00083
30.58324
46.73776
26.90688
18.51735
27.41937
35.45103
31.89856
17.93957
33.37633
35.53948
24.05038
15.84896
26.83198
41.83079
21.71098
21.11673
27.67464
37.90143
28.19725
38.07219
35.06609
35.84626
16.174
36.28955
39.47796
22.43591
30.42992
25.01935
26.41284
22.48389
34.35315
28.20622
31.30803
22.61896
22.99425
17.26811
36.30577
36.39881
28.72501
16.72108
25.97291
11.9172
27.5616
24.2353
27.61818
33.57805
29.59653
27.97456
29.38253
24.61943
25.80219
17.77609
31.12208
29.90143
22.53963
24.19431
20.26001
25.47799
22.89753
12.21891
41.21406
23.76216
20.01188
20.02073
23.01673
32.01823
31.58783
27.73708
27.48383
22.70457
19.68027
17.75385
24.67133
30.80437
29.70898
27.80859
24.58928
25.69898
14.07224
24.47186
31.56438
22.42018
13.79086
28.0954
31.05628
20.7877
32.10644
20.89425
23.271
27.34109
28.58031
24.09702
19.59017
18.62154
22.43666
30.96559
27.15939
45.94841
26.0019
31.2559
17.53386
35.47529
24.28537
28.83683
22.57788
34.20754
25.35613
38.40989
28.22815
33.1581
33.09316
29.85035
17.07415
7.84418
27.54716
20.87217
15.95314
36.83352
33.9186
37.5549
20.42531
43.31743
21.06558
37.43684
36.58852
25.8982
32.16372
26.34957
27.88245
30.19916
39.15757
39.92819
29.21854
28.17903
37.76608
31.40429
32.01767
28.51724
26.57611
17.6495
29.77623
32.77857
17.44634
33.16152
25.82313
25.37024
20.71291
28.84063
49.91521
20.30858
34.49579
33.2079
16.50056
27.40092
30.55325
26.50588
21.55459
27.46021
24.75374
22.68441
24.61457
27.19006
39.79913
24.43785
24.02848
43.49377
34.56561
21.59774
28.88641
24.82476
28.14537
28.1137
30.70452
42.53393
32.14402
44.30125
26.72152
39.2537
31.33068
32.53836
26.47744
19.42246
28.44845
44.17697
42.23654
29.79433
24.95866
30.2935
30.78648
27.08435
47.03834
30.87148
28.09635
45.24868
30.90709
28.66886
34.07111
29.61743
26.60814
22.33697
51.29771
43.44105
28.25039
33.6279
31.49393
24.13179
23.70816
28.64833
28.02922
38.24191
38.3291
35.58337
33.75567
27.58298
23.8099
35.24789
32.43808
19.88491
29.55815
28.73485
39.59343
24.67536
28.59647
28.27814
29.03987
25.47155
36.14725
35.3802
28.42764
31.54628
24.79301
33.02101
17.17677
33.3878
29.37979
21.86293
31.25649
34.40754
30.10052
14.93496
30.31611
29.70614
26.71906
35.50412
36.05349
31.54344
17.87722
22.31656
28.73593
23.35201
23.07212
29.64893
34.25438
30.68176
23.62049
38.10822
40.06466
36.06311
36.0535
35.49689
30.44928
31.35834
41.29131
26.35486
34.82137
22.30774
34.59143
32.02053
18.61267
29.74189
22.96972
36.29926
29.45431
24.34597
50.70341
33.09477
26.86169
25.80838
42.61967
25.64104
36.19193
34.10407
32.90299
33.51488
