0.14340999999999937
-1.4474710000000002
-2.2521400000000007
4.471969999999999
2.2437199999999997
8.21131
-4.595659
-8.451549
2.7463700000000024
1.6601209999999984
4.413030000000001
2.980651999999999
6.197250000000002
0.052240000000001174
16.77615
0.9625199999999978
7.86534
1.9203899999999994
7.075419999999999
11.01029
8.096939999999998
23.012282999999996
1.3421699999999994
-2.7957400000000003
5.913770000000003
-11.623631900000001
-0.5044599999999999
-4.659869999999998
14.492659999999999
8.68238
19.705900000000003
1.9195399999999996
13.08107
4.60045
1.315999999999999
5.481039999999998
0.15044699999999978
-6.340109000000001
6.852910000000001
-6.140068
2.9462100000000007
13.36269
5.079330000000002
2.8090200000000003
11.056220000000001
-8.721316999999999
-2.895201
7.328330000000001
7.86651
5.794799999999999
3.20664
7.97207
6.524213
6.731170000000002
7.6616599999999995
-5.30917
-10.5392788
-1.1736599999999981
-5.471117
-4.746671
3.05115
-13.900865
10.68033
-9.731
-8.945057000000002
-5.046784
3.5918200000000002
-7.95254442
-9.332957267000001
-8.236619000000001
-10.051084
-2.1353990000000005
-15.828106000000002
-3.0695700000000006
-15.39505063
-1.57977
-10.92126
-5.826027999999999
-3.329801999999999
-6.314662
-6.370729999999999
-8.547701
-7.784390000000002
0.11631999999999998
-9.030194499999999
-7.9224369999999995
-0.5568799999999996
-17.844788
7.67942
0.3680900000000005
-15.463126
-9.430829
-0.2302199999999992
-7.159137
4.259
-2.4847480000000015
-12.155943
0.30034000000000205
-1.93037
1.8383400000000023
-8.402470000000001
-8.969446999999999
-7.350192
-3.0168599999999994
-11.059457
-12.490933000000002
-4.217549999999999
-8.870322999999999
-10.586602000000001
-21.613244
-14.7234121
-12.036514
-5.674653999999999
-9.903323
-4.589689999999999
-16.923385
-6.370600000000001
-5.017109999999999
-4.253734
-7.267079000000001
13.52938
4.114660000000001
-16.738827999999998
1.09469
-11.85401
-11.5008845
5.489477
-6.253563
-11.541384
-11.156744
-9.279026
-8.320654000000001
-6.059513000000001
5.055180000000002
0.6310000000000002
-9.611561000000002
-10.522666
-14.4427521
-14.623193
-3.508000000000001
-8.076041
-6.6265290000000014
-14.178313
-13.7513636
-2.3394399999999997
-7.730746000000001
-2.5762300000000007
-1.196670000000001
8.8999
-7.747076999999999
-7.188749999999999
-14.652203
-15.826860999999997
-3.4986999999999995
-17.577093499999997
-12.501647
-2.523719999999999
-13.472321
1.24526
-5.828825999999999
-12.769802
-2.126850000000001
-12.456676999999999
-10.393791
-5.957229999999999
-1.6433099999999978
-6.845851
-8.912161000000001
-7.598351
-4.319777
3.2955500000000004
-3.4826099999999993
3.10314
-2.004746999999999
4.044440000000002
3.1760499999999983
-2.21002
0.5869900000000001
-8.693166
-13.075214599999999
-2.7355599999999995
-7.446892
-10.685814
-10.635558
8.456689999999998
-6.548983
3.441189999999999
-10.484843999999999
-2.0818699999999986
-7.663639999999999
-0.34049000000000085
-2.5649690000000014
-9.307112
3.097480000000001
-8.119150000000001
-20.402043
-1.0770499999999998
-16.711055
-5.485673
-7.304014999999999
-9.720739
5.418089
1.8752699999999987
-11.499582
-6.753742999999999
6.237159999999999
-4.074552000000001
-6.700697000000002
-5.401757
6.767309999999998
-16.605107
-0.4401200000000003
-7.95866
-8.275413
-7.548256
-3.6679700000000004
-0.11822000000000088
0.2117299999999993
1.7987749999999991
2.3186099999999996
-0.8480399999999992
-14.952973
-6.437213999999999
-20.073055
-9.236137000000001
0.4893400000000021
-20.67463
-12.823941
-6.206285000000001
-4.360894999999999
-11.731028960000002
1.6362500000000004
-13.231042
-11.67325
-4.1430229999999995
-5.64787
-2.91259
-7.864835000000001
-7.36139
-1.831290000000001
-5.462796
13.7879
-9.542429
-6.582327
-5.652740000000001
-10.512408999999998
-12.220491
-12.348024
0.4204900000000009
8.595639999999998
-0.3434999999999988
0.33700999999999937
-16.739162
-7.654203
-1.9054400000000022
-0.10231999999999886
3.7830900000000014
-0.7101899999999972
8.336180000000002
-6.817506999999999
0.17032000000000025
3.2893600000000003
-3.2848100000000002
-1.215300000000001
2.8197200000000002
-12.738467
-1.587690000000002
3.1708000000000016
-0.13982000000000028
-3.14485
-3.0782100000000003
-4.58128
-8.285307
-7.038079
-5.681296000000001
3.4848300000000023
2.725670000000001
-5.794459999999999
-3.9481899999999985
-9.080067999999999
-3.895340000000001
-4.091650000000001
0.5621100000000006
-21.114227
-12.176402
-0.004680000000000462
-17.578943
-0.03345000000000198
-5.189036
-1.600950000000001
-12.719890000000001
-3.747299999999999
-10.057175
-18.235021
-1.417550000000002
-18.7356679
-11.353608000000001
-3.4260900000000003
1.4131300000000007
-1.88931
2.2090899999999998
-5.151240000000001
6.267509999999998
-7.653844
2.6079299999999996
-6.49403
-10.423646000000002
-3.8341510000000003
0.5113999999999983
-10.38497
-6.05883
-17.117784999999998
-8.986075
-9.074325000000002
0.7331999999999983
-1.0812500000000007
2.90756
-2.566040000000001
0.23110000000000142
-2.68267
1.9801399999999987
-11.542378000000001
-2.8981270000000006
-1.34591
-2.6467799999999997
0.16678000000000104
-2.055580000000001
-8.819678
-2.135080000000002
-10.443954999999999
10.1147
-11.271739
0.28268000000000093
-1.98944
-1.5147900000000014
-9.974021
1.0814900000000023
-7.917475
-1.8075200000000002
2.803189999999999
-3.6073400000000007
-10.111590000000001
-3.90728
-9.572047999999999
5.820590000000001
-3.6456
-3.2264799999999987
-18.440935
-11.829008
6.74738
-2.686309999999999
-6.076639999999999
1.6215399999999995
2.7949100000000016
-3.205689999999999
-2.4227100000000004
-11.472045999999999
-15.457399
-1.0417000000000023
0.8082799999999999
-5.206659999999999
3.913599999999999
-3.697549999999998
2.2373499999999993
3.359020000000001
0.8481500000000004
-12.262952
-2.7219799999999985
3.475369999999998
-2.2924000000000024
-4.383230000000001
-4.718920000000001
-3.058419999999998
2.306000000000001
2.7106199999999987
-11.444463000000002
-2.098969999999998
-1.6899300000000004
-4.753911
-3.97288
-12.432769
2.67905
-4.61459
1.6916260000000012
-3.5030099999999997
-1.6854700000000005
3.5052299999999974
0.48537999999999926
2.2636199999999995
-0.2053200000000004
3.0056200000000004
1.1596400000000013
5.268149999999999
-3.7427600000000005
-0.4507499999999993
-7.874148999999999
-4.8994399999999985
-3.3833800000000007
-2.0333799999999975
-5.6011500000000005
2.7399900000000024
-1.0645399999999992
10.246423
-8.136819
-2.9211699999999983
-3.2270200000000013
-7.75929
-0.2911999999999999
-1.3813500000000012
4.993119999999998
-0.6462249999999994
9.44396
-3.6280399999999986
3.6672399999999996
-2.920820000000001
8.61882
-0.9965600000000023
-4.46739
-8.071439999999999
-10.516062999999999
3.43769
-0.5899599999999996
-6.886419999999999
-3.245519999999999
-2.612650000000002
-6.7656849999999995
1.145809999999999
-9.271710000000002
-4.289289999999999
-8.946643000000002
-5.4211100000000005
-0.08489000000000146
6.859449999999999
-0.9101299999999988
2.9434299999999993
12.56394
0.8959499999999991
-6.501453
4.029330000000002
3.3217599999999976
3.383659999999999
0.5787499999999994
-1.3428400000000025
-5.6093969999999995
-9.206249999999999
-10.122368
-11.91166
-3.7947100000000002
-7.144901
-1.3765599999999996
-6.649090000000001
3.216470000000001
2.4888200000000005
-0.15527999999999764
-1.6440300000000008
-3.9203699999999984
1.5262400000000014
6.6853799999999985
-0.9423199999999987
0.2786799999999978
0.8483000000000018
-1.8730899999999977
-0.7621900000000004
-10.047232000000001
0.431009999999997
-4.735390000000001
-4.53416
-6.258690000000001
-0.15360000000000085
0.9896999999999991
6.053360000000001
-6.475059000000002
-2.282799999999998
3.138460000000002
-7.843289999999998
1.9606100000000026
-5.691675
4.358139999999999
-5.359780000000001
3.5105199999999996
-3.431919999999998
10.432689999999997
0.15579000000000143
-5.082974999999999
-3.6105400000000003
-0.5616199999999996
-8.519732000000001
-7.950067000000001
2.2438499999999983
6.2448099999999975
5.147759999999998
-3.449110000000001
-3.2881
4.548530000000003
-3.885439999999999
-2.9735200000000006
5.183600000000002
-0.06481000000000137
-1.0574499999999993
4.244209999999999
9.7071
-4.122859999999999
-2.448170000000001
5.935080000000003
-1.7149199999999993
14.403319999999997
4.09534
-7.778200000000002
-9.614802999999998
0.677500000000002
1.7131000000000007
-5.965680000000001
1.3825400000000023
-8.056216999999998
-9.982315
2.9590300000000003
4.790330000000001
-9.255090000000001
-0.35623000000000005
6.6198099999999975
3.0213899999999985
4.7518899999999995
-15.04196
-13.21101
-0.739040000000001
-1.121739999999999
-10.637512000000001
5.669179999999997
10.690660000000001
-9.721613999999999
0.40156000000000347
2.5159899999999986
-9.286758
-0.4616400000000027
8.346229999999998
-0.6413399999999996
-1.4686899999999987
5.59876
-11.106434
-12.750174000000001
5.211359999999999
-11.595637
-4.60886
4.815619999999999
2.14593
3.874649999999999
5.23011
-0.18972000000000122
1.58662
-3.829159999999998
0.36711000000000027
-9.150084999999997
8.12696
0.24270999999999887
-6.01219
5.920659999999998
-4.84402
-0.8320699999999999
16.20657
-0.6911999999999985
-1.9025099999999995
0.2463099999999976
-10.956971
6.80593
-2.5844799999999992
-5.867720000000002
-3.59516
1.0024899999999999
-2.425449999999998
-2.9905700000000017
-1.497880000000002
11.038109999999996
-6.836789999999999
2.16282
10.394720000000003
12.759359999999997
-6.52786
6.01014
-0.4921299999999995
0.9236500000000021
-5.940398
8.550640000000001
-8.705222
-3.270199999999999
5.253139999999998
4.13861
8.89771
-3.5847300000000004
-4.55275
-1.0141900000000028
5.178899999999999
-1.2286000000000001
9.459710000000001
2.6385199999999998
-1.64982
-4.705811000000001
-6.563550000000001
6.922570000000004
1.5548300000000026
0.4300399999999982
-6.045620000000003
8.405089999999998
-1.2463499999999996
-7.486083000000001
-0.7205799999999982
-6.67942
1.9298800000000007
-1.2042800000000007
0.5578499999999984
-3.8268900000000006
12.444890000000001
4.42455
-1.6986500000000007
-0.8625699999999998
0.4726299999999988
1.1669099999999997
10.861650000000001
1.998899999999999
5.020849999999999
-4.60942
6.068159999999999
1.464030000000001
-4.135769999999999
1.15484
-5.365120000000001
5.004610000000003
-13.536025
9.310769999999998
1.8248099999999994
-2.8534400000000026
-0.7786599999999986
7.256489999999999
0.06551999999999936
-10.189616999999998
2.130880000000001
6.44453
-2.545390000000001
-0.2553599999999996
-1.5496799999999986
-0.9030999999999985
-3.9895500000000013
6.33896
10.900429999999998
3.947020000000002
1.0047200000000025
-1.7164399999999986
1.1905999999999999
6.042840000000002
0.42172000000000054
-13.142807000000001
-1.5372299999999992
2.9574
-8.31783
5.3565000000000005
-2.74503
5.23246
7.169820000000001
8.987929999999999
-7.813179999999999
10.680860000000003
7.073650000000001
10.687339999999999
0.7258999999999993
0.4131699999999974
15.334389999999996
0.4679700000000011
4.630479999999999
4.2058
-2.1096199999999996
14.641659999999998
17.464180000000002
1.8415999999999997
-5.102779999999999
11.596250000000001
15.46929
1.9731000000000023
1.0965000000000025
8.156259999999996
-1.2754100000000008
10.855129999999999
2.8773700000000026
8.176070000000003
9.250050000000002
12.04372
13.047559999999997
8.95854
0.6676199999999994
6.433250000000001
4.534669999999998
-5.494420000000002
-3.0331699999999984
2.2677499999999995
2.657630000000001
10.170559999999998
-8.166559999999999
14.936550000000004
-0.5262799999999999
10.405249999999999
3.223589999999998
8.60869
6.149509999999999
5.549499999999998
3.0232799999999997
-0.3452799999999989
1.9517600000000002
-6.326989999999999
-2.826360000000001
-3.8016400000000026
3.5623000000000005
4.144960000000001
-0.735750000000003
0.28329000000000093
-1.6534099999999974
4.071110000000001
3.943179999999998
2.102529999999998
1.9469400000000014
7.51464
7.631260000000001
-5.828700000000001
10.41414
-4.056440000000002
-3.087600000000002
-2.4071200000000026
11.805209999999999
0.8380599999999987
-3.7039100000000005
-4.9947
4.196459999999998
15.945010000000003
-1.98883
15.33717
-0.17867999999999995
7.334339999999997
-9.411974999999998
11.51162
11.53142
1.234300000000001
6.44031
16.708
-8.59418
6.312660000000001
-0.5557500000000033
4.141380000000002
4.462119999999999
0.5862300000000005
2.4483299999999986
9.520969999999998
-5.6831299999999985
4.448609999999999
-3.3772599999999997
7.94744
-5.6715599999999995
2.808489999999999
-0.7326499999999996
11.410230000000002
5.975800000000003
4.381540000000001
-1.6076300000000003
12.09405
16.797259999999998
0.3363800000000019
21.740419999999997
10.997220000000002
18.261830000000003
3.600509999999998
-3.304500000000001
13.711639999999996
15.63711
2.652250000000002
2.4413800000000023
6.8887399999999985
23.761570000000003
4.706700000000001
1.5175000000000018
4.166730000000001
14.390080000000005
1.2973700000000008
-7.8690999999999995
10.503020000000003
11.245539999999998
2.07949
-3.111320000000001
7.407830000000001
15.13887
-3.2656799999999997
-2.1983099999999993
2.473379999999999
18.77676
1.9935700000000018
13.31503
9.432450000000003
14.94304
-6.686140000000002
6.427959999999999
17.637110000000003
-1.0797899999999991
9.620899999999999
0.6453999999999986
2.2268799999999978
2.927629999999997
14.301120000000001
2.885399999999997
10.582709999999999
-1.404799999999998
2.4073899999999995
-4.181619999999999
13.527230000000003
11.676449999999999
4.805810000000001
-2.9822999999999986
8.061509999999998
-8.12488
4.315949999999997
1.3679099999999984
6.70674
5.546259999999997
4.0137
6.111000000000001
6.135449999999999
-3.2018500000000003
3.3721099999999993
-1.9926999999999992
9.50705
8.72184
1.361539999999998
2.3974100000000007
2.6182100000000013
-2.1544300000000014
1.1914499999999997
-6.47911
18.383640000000003
1.0293600000000005
1.9596100000000014
-4.55002
-1.7589400000000026
11.096660000000004
6.414819999999999
-0.8696800000000025
3.8387700000000002
2.3244700000000016
-1.008890000000001
2.7005800000000004
4.966560000000001
6.418109999999999
3.528200000000002
4.017429999999997
-0.8535600000000017
1.9794400000000003
-0.9809599999999996
-0.8351700000000015
8.38476
4.157609999999998
-6.089170000000001
10.06025
9.66375
0.6871200000000002
11.497239999999998
-4.256160000000001
-0.030539999999998457
3.171780000000002
1.5146000000000015
2.457930000000001
-2.35783
-2.4800700000000013
2.8231199999999994
6.45092
3.6605599999999967
18.609630000000003
3.2090599999999974
5.969110000000001
-4.910519999999998
13.932870000000001
-1.423169999999999
3.6910999999999987
1.326039999999999
11.39292
2.1294700000000013
13.497179999999997
-0.8655100000000004
4.463029999999996
7.185049999999997
1.1041600000000003
0.7647100000000009
-12.825080000000002
5.080620000000003
-2.01258
-2.813340000000002
12.94136
8.669849999999997
14.705870000000004
-1.9664500000000018
14.449860000000001
-0.44018999999999764
17.515029999999996
16.07944
2.107789999999998
9.420649999999998
7.129429999999999
1.6038399999999982
9.59921
13.79196
10.916620000000002
2.9487900000000025
1.8810800000000008
12.366580000000003
11.12277
2.9844800000000014
5.8795600000000015
9.27935
-1.2126799999999989
7.926260000000003
5.698680000000003
-7.890509999999999
10.405110000000004
7.088899999999999
3.127939999999999
-2.196580000000001
2.0631500000000003
19.012320000000003
0.6663499999999978
14.57872
10.690310000000004
-5.16187
6.622809999999998
11.85529
10.26782
-1.4799799999999976
6.50675
1.0968799999999987
1.4846499999999985
2.054359999999999
3.5701199999999993
13.224799999999998
5.7311499999999995
3.236659999999997
20.95263
12.74483
2.3037100000000024
6.214660000000002
8.353950000000001
3.9893399999999986
11.641080000000002
5.038309999999999
17.920949999999998
6.904829999999997
20.720430000000004
5.7012
14.134790000000002
4.34553
12.179509999999997
7.4648900000000005
-5.329139999999999
8.81317
21.468109999999996
14.212419999999998
6.691979999999997
-0.2090100000000028
9.518870000000003
7.738240000000001
4.314299999999999
14.925080000000001
6.599119999999999
9.031840000000003
14.240169999999999
7.299970000000002
8.127209999999998
8.739719999999998
4.096589999999999
-3.487750000000002
5.108070000000001
22.76902
16.338649999999998
3.554400000000001
5.319579999999998
6.585359999999998
1.7578599999999973
-1.2193299999999994
4.322930000000003
3.1970199999999984
8.466589999999997
11.555969999999999
8.913390000000003
12.744120000000002
6.117819999999998
-1.0975199999999994
11.795779999999997
7.369440000000001
-0.6067199999999993
3.9098700000000015
-1.9722799999999978
12.479729999999996
0.26170000000000115
5.69041
7.88158
5.476480000000002
-0.10374999999999801
12.228919999999999
6.906220000000001
2.1587700000000005
8.42972
0.03753999999999991
4.720159999999996
1.761820000000002
12.868499999999997
8.295819999999999
-0.04264000000000223
5.203800000000001
8.258839999999996
6.643259999999998
-8.561989999999998
4.806299999999997
9.59789
4.648319999999998
14.460429999999999
11.975159999999995
6.620180000000001
2.660120000000001
-2.367810000000002
1.263770000000001
1.5808500000000016
2.384240000000002
8.651700000000002
10.665599999999998
4.907
-4.762460000000001
11.611380000000004
20.609030000000004
10.96019
7.899570000000001
6.414069999999999
3.82423
4.90119
16.87167
3.0303499999999985
11.66778
-2.2421700000000016
12.569450000000003
6.30021
-3.1864600000000003
5.532200000000003
1.596619999999998
8.206039999999998
5.023910000000001
0.14694000000000074
22.350759999999998
10.102619999999998
3.56832
-3.6974799999999988
16.070059999999998
0.35090999999999894
14.28802
14.178799999999999
8.099330000000002
7.787809999999997
