3
31
53
60
66
87
93
105
119
122
184
200
210
267
303
313
329
332
337
348
373
381
392
429
469
522
524
543
555
571
574
578
606
644
669
704
766
800
827
833
834
848
856
923
955
976
983
1013
1022
1044
1047
1069
1091
1092
1099
1101
1158
1188
1192
1210
1218
1220
1245
1250
1340
1384
1390
1400
1449
1473
1488
1504
1510
1533
1564
1593
1596
1614
1616
1619
1621
1650
1664
1683
1702
1762
1763
1773
1829
1832
1873
1884
1896
1913
1955
1975
1996
2001
2029
2032
2048
2052
2065
2078
2080
2095
2104
2120
2128
2175
2177
2180
2190
2203
2220
2237
2253
2259
2261
2262
2269
2278
2340
2346
2368
2374
2392
2396
2415
2436
2460
2499
2520
2593
2600
2670
2696
2738
2739
2744
2771
2799
2815
2896
2910
2917
2920
2965
2978
2979
2989
3019
3042
3056
3058
3103
3116
3125
3170
3179
3187
3189
3216
3220
3226
3305
3334
3339
3351
3366
3393
3399
3479
3508
3515
3528
3529
3536
3566
3579
3615
3672
3735
3749
3750
3772
3782
3800
3811
3846
3876
3880
3897
3904
3934
3959
3973
3979
3981
4020
4116
4117
4152
4157
4163
4237
4241
4250
4265
4283
4297
4310
4324
4345
4347
4348
4350
4364
4400
4416
4446
4458
4487
4529
4577
4589
4593
4604
4714
4721
4744
4754
4762
4765
4788
4808
4812
4824
4854
4858
4894
4895
4926
4932
4942
4979
4987
4988
4991
5000
5029
5041
5055
5062
5064
5108
5126
5174
5179
5193
5216
5237
5245
5249
5256
5270
5284
5305
5318
5322
5393
5398
5408
5417
5431
5456
5490
5548
5555
5569
5586
5596
5600
5694
5696
5707
5712
5772
5777
5785
5795
5807
5820
5826
5861
5891
5895
5901
5928
5949
5951
5955
5976
5985
6009
6029
6064
6079
6116
6143
6174
6203
6205
6277
6279
6293
6305
6311
6322
6339
6364
6389
6393
6406
6472
6480
6500
6527
6531
6572
6586
6587
6595
6598
6616
6625
6628
6638
6661
6734
6763
6766
6784
6792
6832
6839
6872
6874
6901
6950
6979
6999
7012
7028
7051
7129
7137
7167
7168
7176
7180
7212
7239
7261
7266
7276
7284
7291
7308
7312
7347
7377
7406
7464
7473
7475
7498
7547
7549
7561
7636
7653
7656
7663
7667
7685
7708
7719
7759
7761
7780
7783
7812
7822
7879
7885
7886
7891
7913
7943
7972
8007
8010
8014
8036
8044
8051
8067
8088
8137
8230
8251
8254
8280
8284
8321
8325
8328
8344
8374
8390
8398
8435
8446
8572
8578
8596
8607
8619
8626
8647
8653
8659
8691
8710
8721
8734
8739
8782
8805
8812
8816
8835
8836
8849
8860
8878
8888
8951
8975
9019
9030
9059
9063
9069
9101
9109
9171
9175
9186
9208
9216
9228
9257
9264
9284
9287
9294
9302
9320
9338
9363
9378
9395
9421
9485
9493
9497
9533
9548
9565
9575
9599
9602
9603
9650
9654
9659
9680
9737
9768
9772
9780
9786
9793
9794
9834
9848
9923
9928
9939
9970
9981
9986
10045
10089
10111
10188
10202
10204
10224
10242
10245
10260
10331
10345
10360
10399
10423
10459
10491
10495
10532
10539
10545
10562
10598
10609
10640
10652
10663
10668
10683
10685
10724
10755
10777
10783
10804
10812
10834
10857
10883
10900
10901
10910
10911
10917
10928
10939
10951
10972
11002
11039
11046
11101
11137
11166
11171
11173
11192
11230
11239
11240
11263
11279
11301
11313
11343
11363
11377
11425
11493
11524
11534
11564
11582
11605
11625
11659
11664
11677
11705
11749
11765
11767
11782
11784
11823
11824
11876
11893
11896
11935
11947
11957
11959
11961
11965
11972
11979
12007
12016
12018
12044
12046
12074
12114
12128
12136
12165
12168
12226
12234
12262
12269
12280
12281
12285
12287
12313
12322
12325
12330
12376
12487
12497
12512
12572
12576
12578
12581
12616
12639
12659
12712
12732
12749
12771
12772
12822
12835
12842
12847
12872
12877
12883
12903
12904
12929
12974
12994
13048
13078
13096
13114
13123
13161
13162
13196
13210
13218
13230
13232
13240
13278
13306
13333
13336
13343
13401
13404
13437
13474
13510
13529
13530
13541
13546
13580
13584
13588
13608
13622
13625
13638
13643
13648
13676
13698
13703
13775
13797
13821
13831
13859
13873
13884
13927
13949
13984
14018
14109
14164
14168
14173
14212
14216
14217
14218
14219
14224
14225
14241
14242
14254
14270
14274
14329
14330
14334
14348
14353
14355
14407
14431
14446
14502
14513
14522
14542
14544
14565
14571
14576
14613
14626
14647
14690
14720
14735
14782
14792
14835
14853
14872
14896
14905
14996
15006
15040
15054
15065
15074
15098
15104
15108
15133
15140
15151
15180
15181
15189
15263
15298
15314
15315
15382
15392
15433
15439
15460
15462
15505
15519
15561
15584
15603
15608
15611
15630
15640
15652
15666
15667
15698
15716
15727
15832
15865
15894
15900
15917
15929
15930
15954
15974
15989
16017
16024
16043
16053
16054
16071
16077
16100
16103
16107
16151
16157
16161
16183
16205
16258
16265
16269
16274
16288
16293
16347
16403
16414
16431
16436
16457
16483
16494
16518
16536
16558
16626
16631
16669
16674
16676
16718
16726
16750
16763
16774
16782
16801
16805
16840
16845
16846
16954
17011
17023
17030
17050
17051
17069
17085
17087
17113
17123
17175
17189
17205
17262
17303
17315
17317
17328
17356
17376
17394
17406
17410
17412
17425
17434
17456
17474
17477
17481
17495
17587
17613
17624
17645
17646
17652
17656
17666
17667
17668
17674
17686
17689
17703
17707
17767
17804
17805
17823
17851
17864
17875
17877
17914
17949
17992
17993
18062
18072
18078
18084
18115
18168
18202
18224
18234
18247
18335
18349
18403
18410
18437
18493
18505
18529
18584
18591
18603
18643
18647
18707
18712
18715
18751
18786
18789
18792
18794
18846
18853
18864
18872
18879
18897
18911
18912
18921
18960
18961
18968
18999
19023
19039
19076
19087
19090
19091
19104
19119
19123
19178
19199
19208
19249
19303
19307
19313
19324
19329
19350
19352
19362
19379
19387
19414
19434
19446
19600
19621
19637
19673
19682
19708
19718
19724
19730
19746
19772
19783
19820
19890
19931
19946
19954
19963
20023
20042
20043
20061
20082
20100
20102
20123
20133
20163
20164
20179
20190
20210
20251
20263
20271
20272
20295
20336
20371
20377
20394
20429
20457
20497
20518
20548
20551
20571
20592
20625
20652
20670
20673
20695
20709
20722
20758
20797
20800
20832
20860
20870
20880
20893
20904
20927
20957
20961
20973
20976
20984
20995
21002
21023
21025
21034
21036
21038
21050
21053
