15.56251
15.349
10.20744
12.59505
26.06857
23.69796
19.42753
16.34488
20.24209
20.23675
11.7267
15.29752
21.71179
18.73385
11.5673
24.45554
11.90482
25.12031
17.43697
23.23536
15.24002
20.66483
24.5777
16.96924
12.08747
19.66711
14.85496
19.08024
15.06772
26.86623
20.39091
24.13077
18.58759
11.50839
21.13621
13.87205
24.25735
13.62119
19.46581
11.26501
16.26835
19.3443
17.65562
19.63025
12.3932
14.05631
34.00225
21.92483
18.46063
22.41389
17.98822
14.27682
20.34514
24.82389
19.37255
8.737158
8.700019
4.871064
4.240666
9.375938
11.34036
8.830417
5.794223
8.240539
3.721042
5.655011
6.990932
11.67384
13.98218
5.220766
11.32217
13.08631
5.150652
6.944586
9.058775
6.238198
14.32457
-0.6256296
7.972469
4.14502
8.05106
5.513744
-1.138604
12.96513
7.972068
2.738962
16.13894
3.501859
7.898238
-1.46287
4.512105
13.70372
9.28819
6.949877
2.166545
3.468348
4.46716
15.33253
8.896913
6.768947
2.737918
10.08205
9.328317
13.2517
1.774098
17.89038
16.92635
-2.701093
2.646784
4.56432
6.583768
14.4001
13.23311
2.103578
-2.489464
11.15841
1.544693
3.366268
12.9082
8.201718
1.050795
10.45708
-3.398408
9.241503
12.68444
12.5204
4.283283
7.390284
1.502449
1.969204
8.040394
13.24553
7.56468
5.971022
-2.625732
8.176197
6.92442
-0.4359666
1.118941
6.319541
14.17469
2.75383
1.594823
8.288341
7.684801
12.56861
10.33521
-3.946281
5.805465
3.84589
11.32029
8.745171
3.714587
-0.6323091
3.873492
13.86572
13.28749
17.80331
13.1524
8.047171
6.821569
8.068843
8.982152
20.50114
7.556977
14.37781
9.085085
12.13863
1.337838
7.162031
2.972336
4.876433
7.551701
20.91713
6.158786
5.161323
7.814402
5.728804
9.84578
13.94166
12.68595
8.01448
12.73674
9.85514
8.127842
6.731458
8.079469
-0.69448
11.59176
11.9143
3.859939
4.854343
13.08828
8.949866
2.357797
6.440735
7.95262
4.453043
1.13203
7.496872
16.20799
14.89166
11.80453
12.52494
11.69023
12.81587
4.445454
11.13725
13.22453
9.362949
11.58862
9.217612
11.75179
9.912771
11.17102
10.24367
4.976519
10.47086
11.9052
11.26716
13.91046
16.50858
12.06996
14.82061
4.902964
6.047533
15.21632
4.036909
16.40857
15.06588
13.01893
8.746135
7.704575
20.43838
12.68914
11.0413
7.207394
8.25893
14.07951
9.490576
3.254085
6.882256
8.697269
-2.824037
19.05549
11.65076
7.236411
7.933063
9.029791
3.205935
8.496827
16.6954
8.780416
11.89006
10.15011
11.43867
8.801233
12.22908
15.00412
3.159849
8.482006
23.43913
17.35685
13.15565
10.68724
10.12905
13.5245
15.72888
10.05577
9.226231
16.97935
5.368131
5.334019
12.28155
10.28006
20.02659
22.83509
18.62214
6.303356
11.16282
8.029702
12.72915
16.98438
11.34281
15.50329
9.353253
15.80359
23.42235
13.26569
14.05706
20.12293
8.504564
13.01105
15.18198
17.07956
19.53255
5.874464
12.58531
8.222261
17.9879
11.3942
12.54926
9.594242
6.420225
11.10989
7.617744
12.94545
7.913077
14.83597
11.61529
20.38395
7.411563
13.17011
19.05406
18.78381
11.3498
20.09159
7.157557
12.77688
13.05129
12.70847
16.23036
12.94899
7.257208
9.205028
16.28211
17.20937
20.29389
8.712215
13.44393
12.23892
25.34687
5.056177
21.50713
14.03336
3.116271
13.86114
11.33476
11.01425
14.00687
12.76336
18.90982
14.58749
14.89698
7.898512
12.94862
15.74196
7.280446
9.047998
18.70249
17.60715
10.4217
18.56988
13.64603
14.6459
10.35194
15.17546
21.46151
22.84005
21.14382
13.39458
14.71141
20.16964
15.26491
15.54251
20.19479
14.88119
3.672995
11.10593
16.32018
10.40005
22.65267
19.39994
-1.204874
13.06232
10.74452
21.27537
14.60959
21.4168
23.24481
16.22536
20.52466
19.16616
19.54255
18.8547
13.03023
17.33103
12.21527
15.75653
14.31136
16.21899
13.53207
24.25573
17.2085
18.46041
14.70111
10.62068
14.23697
19.11438
8.910009
17.47611
13.69832
13.37109
14.85739
13.56106
11.99725
11.11802
12.45879
22.8332
7.400547
15.65177
12.54755
13.02455
9.907526
20.09002
11.25614
11.71395
16.61625
11.34218
15.32157
22.97791
20.15779
19.88812
9.936822
14.63754
17.4537
12.72336
15.24485
13.01503
9.779681
18.5536
17.05169
15.25355
14.47124
20.16211
15.25874
11.99165
8.59139
19.80833
12.45039
15.14958
19.42431
19.9187
18.65686
6.604074
19.12046
21.42095
16.11263
26.4262
12.4964
18.84346
14.82766
19.9209
16.24844
11.71255
22.02273
14.67465
16.78587
17.23778
29.08001
16.9642
15.337
7.993009
17.81502
18.47769
21.29267
10.39948
24.13558
14.38672
13.99102
17.01659
23.33355
18.35279
13.64397
16.09291
15.06638
14.73605
20.00723
18.08522
15.53892
10.57859
14.58292
12.10472
23.04987
24.30169
12.68689
19.43168
16.70608
21.60938
16.94562
21.34264
19.88007
26.46341
10.18668
20.59763
16.25684
11.04807
15.19115
12.90697
22.8938
19.73892
14.95634
15.35639
20.96207
16.10709
17.80841
16.25908
14.78697
17.62462
16.38122
18.13302
10.90189
17.53447
18.04246
12.79403
30.67237
23.41333
16.48112
20.00723
16.55667
19.64266
22.04457
18.6941
9.293613
19.7574
18.11018
16.67305
9.620906
14.38216
14.44266
23.9468
19.93396
21.25787
15.14038
24.05917
14.87074
13.92026
15.45165
16.06273
16.15938
19.87299
19.49843
16.08985
20.8807
18.33845
12.08909
14.24989
22.69537
12.92371
19.93866
16.12737
15.93188
13.84491
15.14109
22.66565
22.78672
15.88764
15.03028
26.45244
20.04011
16.72963
25.05811
10.82798
17.25248
16.21875
23.37692
19.59918
21.25181
23.68381
18.92983
20.5169
23.05572
17.13569
12.55345
19.29949
23.65727
19.58851
23.66051
25.84336
17.59089
23.68679
19.06551
19.22902
11.24164
17.82977
21.60041
11.90424
16.89071
15.78434
15.98631
31.8193
21.28771
23.85053
24.10846
16.12645
16.36544
30.18906
22.80827
17.16976
23.70325
21.19052
23.68749
19.73073
9.563502
27.20129
24.80243
16.19623
26.95013
18.47613
28.51676
23.92182
29.33768
25.44434
17.81826
16.6559
23.82306
18.11605
24.96643
19.16667
15.69015
20.48034
24.26993
20.03654
19.56021
21.3083
12.29717
24.20748
23.60853
16.9631
23.62345
14.71479
17.75544
18.75261
31.97519
16.38812
16.86149
17.05318
16.13244
14.69641
15.58013
10.97066
28.10947
24.51307
12.02918
15.8373
23.91224
18.7974
26.56445
19.37773
18.21583
22.80223
18.7799
24.6708
17.64663
30.34474
20.87183
18.61147
16.42057
23.36666
17.31251
32.94723
27.26425
19.43347
31.5426
21.72356
35.26861
20.21344
31.68078
21.0023
11.19179
23.80164
27.05032
30.18891
17.99276
25.24216
16.35518
22.46572
34.13344
25.41057
25.84571
26.01545
24.70835
23.42334
29.74931
19.61908
28.9272
22.8526
21.45431
25.9883
29.87908
19.33623
20.16289
28.11221
34.85456
16.48233
19.18644
29.64312
28.44634
25.48644
25.99212
21.60341
30.76974
14.12393
19.23606
22.55859
18.25118
25.70364
26.6591
19.62406
24.57626
21.97156
24.60421
29.19961
25.16078
27.29731
26.04816
20.39538
26.10655
23.69062
30.18903
22.12552
20.02576
19.3116
15.38403
28.51387
29.6257
26.49924
26.51097
22.35182
21.47337
12.23408
35.81775
18.55326
27.08137
27.13433
27.54393
29.02584
20.19012
32.25478
25.35758
20.51979
28.91853
24.55023
32.56888
19.01046
20.42594
28.14824
25.90503
27.33637
24.94431
23.06875
18.45923
21.51743
23.57376
20.41876
23.16199
25.0671
20.94766
19.1879
27.89978
29.40616
25.59523
31.37158
23.64857
28.91347
20.49984
36.62055
34.00189
23.3755
27.0036
22.89045
27.84668
25.85417
34.0147
25.58871
35.64461
30.44689
29.42414
26.00998
29.86297
28.62949
36.33349
26.22314
23.60665
24.93772
20.61799
20.20702
23.03961
18.50586
24.03353
27.99387
32.15764
18.40802
29.21985
27.12187
22.6797
33.27358
27.16293
25.3643
29.58581
23.92683
25.34256
29.84419
32.32149
25.80851
31.97363
21.94942
24.38459
24.91951
32.25921
35.12145
36.18235
24.0582
23.50755
28.2793
23.6821
21.34795
21.382
35.17179
25.11105
35.34756
31.5367
24.22556
35.52123
21.48635
30.74483
16.32039
19.45665
27.55671
30.5195
25.54524
25.92093
17.3252
27.78293
35.62582
28.2565
32.53802
27.98024
30.55231
34.26305
19.41424
26.47326
13.71711
35.58604
34.4337
29.79585
22.19093
29.61916
27.42746
29.45462
35.47381
28.89141
28.95972
23.99121
23.54054
29.25138
26.76074
25.96255
36.48185
32.41295
19.37811
30.1782
29.75104
31.61275
27.89426
29.80864
29.04697
36.71193
30.43426
30.11289
20.56026
23.6029
23.11449
22.7419
27.46159
39.50719
30.34705
28.42663
25.20018
30.60774
32.55493
27.82294
36.35105
25.6019
24.88569
27.73013
28.97166
26.43953
38.26475
13.86659
28.15211
29.28854
20.87771
30.54313
31.57051
26.67245
27.28615
29.05349
26.32857
30.40635
36.98051
31.01496
31.45933
28.15105
35.74377
23.34174
27.3798
34.25192
27.21054
31.54691
33.20916
25.38627
27.7578
32.00281
31.95892
32.78787
28.41805
30.83312
26.84507
28.07126
37.02646
34.65043
31.87947
25.94211
22.96991
30.66105
32.03408
27.82105
38.55918
21.43768
27.09334
29.00136
27.73038
23.36235
25.09825
27.67734
24.12199
23.23019
25.95398
41.13306
28.2459
35.31701
34.45476
32.19167
37.5172
28.71621
26.90487
28.99054
24.16391
32.27853
35.62734
25.18215
32.55753
33.33756
30.62836
25.76522
38.60626
32.22716
30.20086
33.25331
36.65469
38.05159
26.91349
27.27247
35.11286
30.44427
35.33975
40.70596
30.82043
30.54125
27.8331
40.12677
28.68583
33.86894
30.03177
29.78052
32.96332
33.73072
33.03155
35.67239
38.87961
34.12212
41.86677
27.29637
34.04653
44.79853
36.24085
27.01888
24.61163
28.49666
38.25571
35.7987
30.22056
32.52805
35.63222
22.18376
27.31077
38.67684
32.80819
36.64307
31.41054
28.5311
31.21818
35.38716
24.08317
37.48103
40.98794
31.3076
31.66144
29.48324
28.67807
33.1737
28.67191
27.80714
28.98108
34.12203
31.3399
28.42906
33.16439
25.15324
35.72165
31.89302
26.41415
31.02615
21.81537
25.75649
38.91647
35.74714
30.60589
28.60491
36.49267
34.5765
33.55548
32.58202
34.00451
33.18352
22.30217
39.99367
28.27747
30.63297
22.0913
38.46991
32.45066
24.94527
28.43644
26.94464
33.76426
37.76836
32.15369
43.03999
21.69875
34.32275
35.08091
31.1549
31.76436
