1.966676
4.139587
0.7593208
1.956913
6.402963
1.073131
0.5391365
5.594754
5.672598
4.237042
1.370414
1.271755
7.901495
2.486236
-1.121463
4.399982
-3.240829
1.963469
9.936841
7.170758
0.3556517
9.001396
10.19622
1.56681
-3.879205
4.596061
1.557932
7.062983
3.359972
3.476992
4.861819
5.71227
8.103265
-3.019008
7.97014
5.465995
6.793304
-0.576613
4.539925
2.266938
-1.627332
9.212129
6.653102
5.638227
-2.756699
7.622738
11.14425
1.582404
2.041405
4.597983
4.184326
0.3250516
-2.13561
9.060692
3.034186
-9.217856
-6.263738
-6.205543
-7.775397
-4.313728
0.004667114
-3.729828
-11.44511
-9.203533
-5.544521
-7.871022
-8.352014
-3.687606
-0.5722553
-6.833944
-4.66305
-3.94957
-5.667394
-5.663708
-5.558912
-4.495028
-0.03948065
-7.994688
-6.062951
-5.417905
-3.833429
-5.261061
-11.09323
-4.09546
-4.076562
-13.87007
-4.151453
-12.05317
-1.618064
-9.603432
-7.45674
-2.981595
-6.253785
-6.840758
-9.806664
-13.71968
-9.317995
-1.445931
-6.792723
-9.20206
-9.228208
-2.790344
-3.921066
-3.851483
-7.56925
-4.404094
0.7624064
-10.57197
-8.311495
-6.780971
-4.302708
-3.617405
-8.109266
-8.130739
-10.93725
-4.428569
-5.232119
-5.521806
-5.37634
-7.255101
-7.36423
-3.642545
-11.65535
-4.677537
-4.778895
-0.4821369
-6.432444
-6.765913
-13.83857
-9.223605
-9.081824
-3.171082
-8.910295
-13.51533
-15.0993
-5.44011
-2.737769
-11.65864
-10.67388
-8.132945
1.661327
-7.299791
-10.6515
-5.949367
-7.356987
0.4580016
-4.992036
-19.31005
-9.278907
-12.28499
-5.11288
-1.099454
-9.2335
-12.38468
-5.373058
-0.5399563
-2.326728
4.321855
-0.5776929
-4.876083
0.192524
-11.13428
-1.774409
0.2122421
-11.97644
0.7648616
-0.7478937
-4.186655
-11.0728
-1.969808
-8.620594
-5.230466
-4.376942
3.38891
-8.346168
-4.090917
-7.584996
-6.96896
-8.457217
0.1156786
-2.73402
-6.440706
0.1925179
-0.2259861
-1.453176
-5.172987
-4.883794
-10.98256
-3.462589
-5.005055
-7.203893
-8.439352
-4.650289
-3.232235
-9.457574
-10.07536
-6.912392
-5.213862
-15.0466
-7.06651
-2.223491
-2.121897
-2.6326
0.02075355
-1.928587
-5.770653
-9.211997
-4.548358
-1.174706
-7.830831
-3.607626
-7.939278
-2.358812
-2.294522
-6.486851
-7.262042
-10.16733
-8.083467
-3.344732
-6.195722
-4.014112
-3.734273
-4.605804
1.115557
-8.782561
-3.462953
-2.404004
-12.43046
-1.282297
-4.294837
0.5378529
-7.593702
-7.782812
3.127866
-3.077862
-6.530491
-5.140242
-3.621371
-2.950112
-7.389603
-7.900532
-6.014377
-5.937109
-10.85624
2.221012
-4.457899
-7.029763
-5.990289
-10.02473
-8.545395
-9.25294
0.4989945
-4.422192
-6.503996
-2.647718
-7.31894
-4.632482
-2.921175
-1.861934
-11.43401
-5.387833
4.768161
-1.962815
-2.709762
-6.179156
-8.358709
-3.988521
2.216602
-9.095859
-5.540036
1.349096
-8.402387
-7.406655
-4.956945
-1.661345
1.466486
4.08708
5.148438
-6.196143
-8.061962
-5.749643
-2.399916
1.583178
-1.98848
-4.496939
-11.16514
0.7196145
8.170694
-3.017365
1.207105
-0.8304559
-7.150491
-4.862027
-0.3855231
-4.010224
0.7109345
-10.38338
-7.134512
-7.489519
-1.521269
-8.653342
-4.202541
-6.244581
-5.428734
-4.38444
-7.081789
-3.158594
-9.644378
-3.361411
-3.958171
2.358402
-7.16694
-4.414992
4.269483
-3.777301
-7.896236
0.9595571
-5.716819
-1.314959
-0.4506654
-3.364423
-1.692078
-1.140468
-3.159996
-4.896211
-2.837618
-3.496703
0.9832677
-6.435529
-3.323429
-8.26536
3.661542
-13.08078
1.124505
-2.515792
-7.058008
-0.6995577
-2.028077
-5.065977
-4.979304
-1.495955
2.87074
-0.1841884
-2.467696
-9.84941
-5.180481
1.712418
-6.834438
0.9592636
0.1504761
-5.299816
-6.30763
-3.756799
-1.287441
-4.86104
-8.021751
1.602941
1.114348
1.689351
0.8410501
1.527079
-1.291684
3.550959
-1.535803
-0.4797057
1.715938
-2.12675
-4.512515
-2.84429
-3.114359
-5.856614
2.454796
-4.872519
-9.220268
-3.769417
-2.945166
-0.2809974
-7.906336
3.972622
6.358648
-8.588261
2.839349
2.266933
-2.829074
3.225842
-4.76958
-0.7325722
-1.584773
-2.794074
-2.920497
-4.829774
-4.63708
0.8522041
-2.228065
4.585824
0.06063078
-2.791413
-3.221104
-3.881733
-5.065018
-0.204404
-6.772793
-0.2559859
-2.498411
-8.903746
-3.811371
-5.600974
-2.093553
2.597164
-8.604422
-6.317378
-3.218365
-6.072926
-5.734608
2.603358
-6.892799
-3.515935
-1.603624
-1.30578
-4.259505
4.647764
2.65126
-1.70337
-4.049494
-2.979065
0.7357836
-2.427538
-1.281311
-1.866453
-8.398524
2.000918
-1.01841
-3.24223
-5.921043
-3.819954
-6.215816
-5.507607
-9.766998
-0.7030408
-2.980295
-2.103873
-0.7405696
-2.286336
-3.239227
-3.348367
0.8065111
0.5814596
-2.555018
1.400697
-3.995859
0.7681771
-0.2822013
0.4259013
-3.139135
-0.0752025
-2.744043
-3.999688
1.069541
-0.2253713
3.220132
-5.436466
-0.7701924
-6.653461
-2.863754
3.469324
2.455663
-3.720776
2.680142
-3.847603
-1.119576
-1.222575
0.7379855
3.870175
-6.496064
-3.491971
-2.675392
-0.7491238
2.187335
-0.02337509
-0.8817365
-2.59559
-2.941296
-0.94068
-0.5519255
-0.2321106
-3.606757
-1.891455
-2.476494
1.112477
0.4792693
-0.8690585
2.517053
1.160728
-7.776873
-1.546931
-4.460954
0.5737743
-2.059006
-0.832659
0.6901465
-0.6546339
-3.887201
-0.4739306
-1.481393
-0.393969
0.4971402
0.854637
-0.4765432
2.419173
0.462802
-1.479109
-8.423929
1.357412
0.0007969346
-5.930336
9.047952
1.762206
-0.2797215
2.496772
0.3246855
0.7170368
-2.620035
0.8907603
-6.160473
1.597689
0.8195657
2.765319
-5.755342
-5.199912
-0.07807443
6.469049
-1.493283
7.12664
-5.853936
3.144682
-2.592762
-5.026026
-3.372554
-1.04184
-2.505265
-2.228656
3.67201
1.265842
2.873523
-4.882828
-3.223474
-5.151501
-0.01610152
-3.302981
3.022256
-2.243849
-1.895514
-1.688886
-5.632123
1.632002
5.028541
-4.798761
-3.60752
4.224135
2.188393
-4.627082
2.364542
-7.012899
-0.6684034
-6.064068
0.4873274
0.8562738
2.334001
7.724065
3.462507
-2.546466
2.312674
-1.509478
-4.1891
0.6193734
5.212932
2.636464
5.394395
0.1118444
3.481967
0.01123612
-2.847656
2.789938
1.01918
2.565142
0.2663424
0.4956193
-0.5407651
-1.229685
-3.093703
4.984408
1.919695
3.984948
0.9210754
1.631913
-1.732005
2.86649
5.296152
-2.810476
2.24253
1.873363
7.691774
2.423115
-2.978921
7.57288
5.459258
4.244343
5.787668
-0.3926689
6.204492
3.067148
4.827573
4.555651
1.698413
-6.278261
0.1512006
3.885619
1.909792
-3.697832
4.334181
0.8215952
5.382005
1.298627
-2.169086
-1.080836
-1.793581
-1.121144
4.426271
-0.2552681
1.251887
-3.409924
4.176396
-0.8581325
8.400216
-3.000838
-2.78829
0.04333883
-2.401597
-7.881458
-3.072446
-3.293201
8.198229
2.797651
-3.657794
-4.22927
4.331841
0.06971339
5.077216
2.634154
-0.5167705
2.97533
-0.6065096
3.428928
-1.505359
8.464529
0.4217155
1.968434
-5.221048
-2.376403
-5.807461
8.536152
1.748059
-0.8335323
6.795966
3.327301
9.084047
3.192142
5.576655
-2.508114
-3.154446
2.747542
6.239178
4.545227
0.3547058
4.074485
6.039997
5.660928
10.32788
5.002397
4.156853
0.576506
2.327741
2.939201
5.823317
3.084616
7.915636
0.8687771
-0.959456
0.7199655
4.349233
2.676562
-0.09688547
8.752286
6.267647
-5.897285
3.108932
7.75257
5.209136
6.149274
4.099015
-1.549698
7.89225
-0.7107197
1.185431
5.276726
1.528251
3.149753
3.914685
-3.85881
1.54069
-0.2590428
4.545699
7.761047
-2.624526
0.5682297
8.597783
-1.652643
5.800285
3.364602
4.657391
4.831419
4.922465
-0.1240428
-5.058568
4.980912
7.992366
6.708644
-2.331936
2.075682
-0.803635
-1.567724
10.91396
0.5230542
6.965436
7.60042
1.836129
2.308389
-3.048444
10.06159
8.593201
2.809507
3.852719
4.580032
4.76545
1.753045
-0.8584219
9.080208
4.633321
7.79635
0.7553714
2.202538
0.8298504
2.385065
4.887295
3.550976
2.025659
4.510936
-2.345256
1.302511
6.919539
5.16948
1.669191
9.907912
-2.227479
1.662082
-1.000171
6.815614
6.237191
1.234955
4.828426
4.719334
7.56809
9.080506
10.45525
5.495103
12.78974
8.106425
2.420871
1.893553
3.064532
5.131198
7.741167
8.200925
6.055038
3.616425
0.9645494
-0.4197424
1.300572
-0.4544248
2.178473
4.381456
4.605119
-1.247676
5.713879
3.51892
4.4637
7.652784
4.775569
8.370363
4.314484
9.671045
0.5399783
5.099135
10.1735
8.305965
8.006289
3.098562
3.794209
1.743098
9.403981
6.659018
10.24712
4.501931
5.505546
3.666774
0.731443
-0.9386462
4.304499
12.35726
2.803483
9.418409
5.879564
-0.05593442
6.649697
0.9220981
2.365514
-8.569276
3.992785
3.239337
7.127125
3.777815
4.598314
-1.584607
3.772483
10.89648
4.87802
7.887179
3.986978
11.73313
5.991417
0.716214
7.076761
-2.048518
11.75689
12.55339
4.153516
2.955751
8.564912
4.762821
3.237286
12.32211
7.207051
7.369627
3.547238
3.495544
6.363204
0.3997512
3.185824
6.968587
5.771087
-1.459868
3.615826
9.814424
6.901511
8.96115
6.219989
6.553053
9.420482
9.490531
6.841305
1.21044
-0.8549384
-0.1671235
6.665205
4.651206
6.891688
8.804628
7.884568
2.84821
7.104716
8.905083
2.454121
9.888407
1.636495
-0.3233904
4.049587
4.745622
3.212286
14.42349
0.05309732
5.685563
8.869271
4.835474
8.38597
4.855075
1.317837
1.108282
6.82176
1.434106
6.214504
9.466576
7.444372
6.147031
1.958707
9.445822
5.241696
9.243224
12.50649
9.96079
5.548883
8.966512
4.57283
-1.511275
4.515599
1.031617
10.97567
4.325138
6.036706
4.99701
7.568291
5.828471
7.31254
5.590095
3.070229
0.9548402
6.592493
8.243087
6.184698
14.49393
-0.8189183
6.866743
3.740311
7.764258
5.588868
0.4399982
6.960087
0.8684486
3.223819
3.343624
13.25819
7.070738
9.098861
2.135487
3.248348
13.50345
3.388411
4.411259
2.046
4.238828
7.159623
11.09967
7.177479
10.08391
5.694904
6.051469
5.087293
14.01048
13.3528
7.152621
9.227891
11.82837
7.857357
7.212882
3.675844
7.297363
5.64165
5.171793
13.78394
6.749966
5.989745
2.523265
12.02504
5.365147
5.089076
2.453809
4.008039
10.06376
10.12196
10.03684
6.529933
10.2296
11.06206
16.03304
1.662834
10.66452
12.83906
11.40998
5.896474
2.269497
5.782231
9.927423
11.60878
10.5804
5.264782
6.388532
1.286956
5.516624
13.43666
6.05764
9.697838
9.21989
4.639335
9.82132
10.4639
1.646909
8.810644
7.806563
10.3627
8.979425
5.034019
4.626594
6.534971
5.175387
2.268222
7.28038
9.132551
6.983337
5.660461
10.45495
1.127869
7.480494
8.98038
6.419967
3.691719
-0.4420531
1.307669
5.096521
8.27753
6.860576
4.25724
8.724248
7.797361
6.693329
7.467613
9.750282
4.632784
3.977929
14.32415
3.381073
10.87544
-0.2035602
10.6029
3.963058
6.715848
7.139081
4.626501
8.714244
7.375378
7.220472
15.72096
2.640336
7.163475
5.882205
8.534799
5.540998
