13.66332
24.67487
7.640021
6.042471
32.91468
29.59862
19.64838
21.26675
22.34899
22.39441
9.240787
12.32243
16.51724
12.58511
0.8072671
21.52681
10.24824
29.09993
10.81098
21.69487
19.37302
21.93376
26.66878
24.14116
12.3106
21.52742
18.0047
19.29063
15.34042
35.12754
21.68565
18.1005
13.52852
16.97897
22.11833
8.932289
27.32563
14.81326
19.86918
17.58639
12.28618
17.7381
24.3184
23.55747
14.43181
20.86116
39.74788
20.11378
14.13518
24.54708
20.13938
2.284284
17.52449
21.48421
26.9378
6.026773
-1.524715
9.115588
-1.550285
14.04039
15.32205
2.369889
12.39359
2.489496
6.713482
0.2888836
5.175872
5.310356
20.4368
-9.857987
12.31612
7.993723
5.524572
6.379221
3.030726
8.905322
21.46563
5.100042
4.480625
-1.851161
0.8631982
11.87987
-12.62282
15.4051
5.139196
-1.83161
14.4299
2.891809
4.340846
-6.10254
3.109735
14.09669
8.824009
6.499154
-3.491775
2.925243
15.29415
14.71807
6.26782
8.48247
12.95625
10.45163
16.80492
17.89918
9.435792
12.1072
22.94278
-5.329147
6.597692
7.367083
5.044964
24.80069
12.57563
-6.130611
-1.145547
10.78863
6.139721
6.127328
7.971888
7.594308
-3.760359
4.196307
-8.651555
17.71647
21.33871
13.13626
-2.119831
13.2328
-0.5372233
-0.0781957
12.78282
20.19111
6.963129
-0.3966897
-5.410204
6.91653
9.943525
-3.142859
9.537688
9.402512
10.54226
5.343215
7.829273
9.494046
-1.465866
16.15942
1.148927
-3.179685
5.403047
3.682644
10.1531
13.04413
3.360182
-4.787407
2.174902
13.28985
20.8328
15.7104
15.33564
7.056522
13.22228
5.215849
7.421081
25.47377
10.74237
22.6899
14.03704
21.61624
0.5194363
9.128724
5.54129
11.64402
10.55585
17.99504
12.80516
8.219725
0.5120149
10.59063
14.98017
15.9234
14.41162
14.17652
6.957574
8.243531
3.382775
4.2408
15.02522
-3.991415
8.824132
7.612248
4.045432
17.03243
20.09719
5.884746
-2.779944
-1.545487
2.1654
-2.139352
-0.9723336
10.43128
11.91583
10.85223
9.035373
6.136961
1.747533
2.918821
-0.02467814
0.04026221
4.297119
9.23512
6.855868
12.13305
17.07745
10.68026
9.682031
9.230297
1.573544
18.90271
19.0678
3.37907
20.24318
4.914186
11.33406
8.849464
4.649317
5.370019
19.47766
7.740841
22.33401
18.01084
15.79379
3.698253
-0.7830327
13.62933
-0.095653
7.133171
10.03998
8.546595
11.3076
15.89482
-2.117769
0.538864
10.82176
-7.044962
24.01203
19.59262
22.86181
6.675528
6.796555
5.229441
11.35542
15.5136
10.85361
11.05939
17.36171
12.84202
6.927183
10.79617
20.90091
-3.783565
10.63001
21.76668
19.97991
11.25616
11.1317
5.15097
14.07817
10.09613
17.84634
12.03207
9.790676
5.068702
0.4598084
9.064883
6.162225
14.76231
21.7133
24.38317
11.77741
9.282926
11.81846
25.00438
20.11765
14.0443
20.63941
2.862774
11.93843
22.32837
18.45173
18.42397
26.15105
13.69095
15.6866
21.78169
12.93603
18.49126
7.839728
10.76591
15.32077
21.78372
5.775851
14.86249
10.40427
4.88103
9.613819
16.81283
10.82267
4.202612
4.42745
11.61644
19.34544
-5.965705
13.18203
11.51518
29.56245
13.91072
21.2424
-2.348262
12.23355
5.845532
14.52932
16.08444
19.68266
14.6974
17.82724
16.71551
22.3489
16.78621
-2.298459
16.99846
7.509712
21.8697
0.4027589
30.76888
18.04025
1.683005
18.35072
9.769394
11.38051
11.42448
13.26631
22.59782
23.02658
6.311863
5.182502
20.04938
25.59347
2.847285
14.58352
8.979962
16.09838
8.639671
10.30034
12.8678
5.16457
14.69492
18.5783
14.94961
23.27382
13.96582
7.563174
14.85332
20.89075
20.92216
15.3537
24.92454
19.24529
-2.620648
13.5146
14.45965
13.37199
21.7632
23.82424
-9.415718
4.568788
9.293
27.10654
16.0607
15.26895
30.38066
18.05242
-1.67941
17.24583
21.32403
19.92212
11.88706
16.89873
9.616664
14.11562
18.80987
23.31238
11.0997
16.19177
18.88177
15.83317
18.37777
17.41874
19.82008
9.602189
2.365944
17.97006
24.2986
17.73302
10.91584
12.6096
6.48367
7.961665
5.999935
25.21909
-2.770364
9.723405
10.80318
7.963673
11.81307
28.94908
11.57093
18.80137
25.80474
10.35893
11.38304
18.00451
28.26629
26.18026
8.420402
11.77742
18.75264
7.378714
17.06038
14.82796
5.824199
21.52002
17.81108
13.12256
17.30675
19.82559
23.8955
5.584918
13.85198
27.08558
21.10329
18.69758
25.11258
10.47652
19.43245
2.515013
21.90284
12.52805
17.1205
23.55097
10.77837
16.61078
16.96045
17.14945
24.08351
13.68749
27.95654
6.954785
8.40764
21.56184
27.08587
10.65066
16.9555
5.599947
15.94338
11.34142
23.05579
9.058098
32.27419
11.03835
15.54666
19.26156
22.21584
17.21656
26.6398
16.98331
13.75974
11.24675
21.85514
21.34502
15.74698
7.230943
19.70647
9.934137
24.44718
23.63653
20.56936
18.03778
11.75698
28.15803
17.78577
18.32626
12.44642
24.21192
15.74287
18.6006
12.13789
20.18139
11.4796
19.04125
20.39251
23.83603
12.9141
22.02184
18.85056
13.59851
13.47326
19.12814
15.58911
13.71228
11.59493
10.35704
9.740475
15.82083
24.57223
9.229462
23.41041
28.15389
14.96733
21.7789
21.07719
13.96828
20.71525
25.24542
6.167332
9.220182
15.95584
19.09745
0.895256
13.34156
14.2095
29.39149
26.63861
26.71269
11.04501
27.0129
16.96453
23.43329
5.00098
23.52281
14.00866
20.70453
21.49728
21.74559
18.30816
19.9131
11.91457
13.05021
28.5521
15.68367
16.57409
15.14387
11.7714
14.52223
7.140535
24.50996
21.16741
4.778399
18.49174
27.11105
18.14968
12.92743
18.03317
18.22698
21.58451
17.53384
28.54933
21.59027
30.7271
16.10644
18.28833
13.84751
20.83291
21.27478
15.2953
14.62062
21.66322
15.82423
27.52888
14.12126
14.84711
27.02107
18.30618
22.44263
19.36902
16.42127
26.49083
15.07183
14.71165
11.50472
17.31086
29.47341
19.00958
36.06971
24.81658
19.78227
22.05065
27.95176
22.31686
16.64867
22.88329
22.05168
23.77997
9.821527
8.222272
18.94828
21.53705
25.54426
27.47723
17.83518
23.19703
29.24105
20.54508
28.22035
19.58888
20.49981
22.29482
18.21195
31.57176
14.45747
16.07978
24.65418
22.5501
23.95182
15.12088
21.9511
2.560051
32.88558
26.36058
19.75641
27.06975
14.86575
23.32209
23.32509
40.96534
25.83349
15.12591
24.09929
10.52902
20.03001
19.16078
13.67266
20.3013
35.55564
18.82783
14.14399
22.00716
19.69269
22.14981
16.02217
23.12302
22.35094
16.32505
23.32557
13.87104
35.86038
18.29818
14.71924
9.998468
11.4376
16.79602
31.24438
27.04792
23.57039
29.20626
25.81197
35.07567
14.22069
38.24235
15.31896
3.698144
18.94447
23.16948
24.98813
19.35712
20.41582
18.0576
21.93994
36.68204
29.85685
25.59567
26.6907
33.97523
19.62166
27.2796
24.74861
28.96734
30.40337
13.36874
17.28831
36.99553
13.73189
22.23136
24.8574
37.04145
14.21305
14.97732
23.76416
35.64767
22.56075
13.58781
12.22892
31.87835
3.157331
21.27874
21.22207
18.84126
29.01619
26.80178
21.32712
24.98251
19.91657
27.04082
24.02803
25.62882
25.91513
26.11583
11.05925
28.79836
19.60469
34.05196
33.04445
17.2457
18.23375
9.979938
19.20477
19.69323
26.39927
29.91899
18.00444
12.18965
0.6431454
35.69082
21.55725
21.72822
33.83289
25.74766
27.98854
25.02448
27.27276
28.94069
21.27273
29.89348
26.94666
33.79629
20.74276
22.79806
25.95051
36.53056
33.67891
29.90246
21.10741
21.89721
21.41442
19.00269
17.63123
17.83067
23.68723
24.17424
12.17122
29.19418
40.32942
33.42352
27.21537
24.95541
39.34543
25.97146
35.32171
33.92601
22.01236
16.60879
17.31166
33.99023
26.41005
26.00083
25.01398
31.61951
31.70637
34.71467
21.19818
33.4336
29.33107
33.10634
24.12857
22.34565
29.0453
19.16375
17.81895
24.55413
15.84896
28.28335
24.77206
41.00636
10.54364
30.43705
25.35487
18.81292
33.97905
24.00447
30.63894
35.37386
21.97773
25.20018
28.19889
29.84092
18.84781
35.71273
20.64781
27.78169
14.40777
38.89552
34.64414
28.11649
22.48389
13.73223
21.21812
26.29849
19.7549
21.9309
38.18536
15.33147
33.68244
36.3111
17.00443
38.14289
29.74096
33.28478
18.89705
25.61036
27.55344
33.14018
30.75432
23.15824
12.59388
28.98984
23.56153
27.74474
34.20142
32.53894
32.34651
36.10573
12.21891
26.88317
33.77215
37.18841
29.17047
28.17364
18.52824
19.44573
24.01761
34.90825
35.49505
24.17588
37.56949
35.00779
24.22733
43.01985
16.95711
34.60064
28.75354
39.58964
23.88246
24.78368
32.14691
32.66291
34.41884
34.56474
28.03951
31.76866
31.37574
40.16027
24.79861
28.57234
18.0417
26.4168
32.24495
43.98612
35.47529
32.0119
20.46917
35.05767
25.57787
20.54968
42.00499
25.95386
10.77558
27.51201
28.53478
28.39703
37.47069
9.061409
27.54716
25.76015
15.04045
27.62352
40.07875
33.60787
33.51942
24.86356
14.6906
28.3242
40.07309
30.93204
23.77145
28.98477
28.17903
17.95788
30.86019
33.06888
28.5536
36.35131
35.2178
29.34279
33.33273
28.388
21.2227
34.26138
27.78107
31.7693
26.93346
28.15041
43.31476
34.41689
42.66499
25.7741
17.19687
32.98512
32.28342
34.79584
37.20137
25.65821
33.31882
37.06984
30.31222
23.59072
33.82807
26.56431
30.68969
22.95615
23.26549
35.27247
23.00719
39.26624
34.80625
25.85579
40.0774
25.21101
32.24675
18.593
21.36488
39.2537
32.30612
16.75422
35.49978
29.07833
32.15662
22.77931
43.33289
37.26139
30.78648
41.85449
29.46089
34.8322
31.01172
26.09265
37.56214
39.73589
31.56121
42.52667
34.44399
42.90146
31.08841
30.8037
33.73793
40.39598
28.74136
32.58391
40.33435
34.22739
28.75491
36.55095
28.46526
35.65819
41.00619
28.82344
31.21838
44.81041
30.31761
26.89106
30.32595
33.10263
40.22548
35.26344
29.54964
31.1763
34.48377
15.06403
25.29527
32.11207
28.57933
41.86529
42.78148
27.55373
38.08171
31.54344
40.87282
39.54204
43.55239
37.6738
30.12577
35.61691
32.11937
31.61162
24.21621
27.14868
26.21885
32.13312
31.96385
21.62154
27.76361
20.64738
44.2151
25.70251
21.55016
34.50728
25.97682
19.75244
40.39162
36.86266
35.45485
15.78931
46.89049
24.45969
29.17872
32.27215
38.20355
34.44698
18.46075
41.31581
33.04772
30.77
10.42778
33.31679
30.61615
26.98466
25.23055
21.91527
41.9337
35.84166
34.07642
48.54342
16.73044
31.97631
43.83366
34.46642
35.85817
