0.06749000000000116
13.465459999999998
-1.8080939999999996
-4.595659
13.249069999999996
6.973790000000001
0.7599899999999984
10.516619999999998
7.7795000000000005
6.3947
-1.1154930000000007
-1.703339999999999
2.706950000000001
-3.662510000000001
-11.8814929
1.4712500000000013
-4.897410000000001
5.9430900000000015
3.3108510000000004
5.630260000000003
4.48865
10.27033
12.287300000000002
8.738729999999999
-3.6560699999999997
6.45637
4.70768
7.27337
3.632669999999999
11.738300000000002
6.156559999999999
-0.3180000000000014
3.0441900000000004
2.4515700000000002
8.95226
0.5262340000000005
9.86159
0.6154599999999988
4.943289999999999
8.588316
-5.609499999999999
7.605929999999999
13.315890000000001
9.565449999999998
-0.7180900000000001
14.427589000000001
16.88988
-0.2286500000000018
-2.284049999999999
6.731170000000002
6.335479999999999
-11.667486
-4.95626
5.7210100000000015
10.599439999999998
-11.928237000000001
-16.488475
-1.9610219999999998
-13.566345
0.3507200000000008
3.9863600000000012
-10.190361
-4.845739999999999
-14.954574000000001
-2.5520810000000003
-13.2371464
-10.167078
-10.051084
5.882370000000002
-21.912697
-3.6691000000000003
-9.042157
-5.2934779999999995
-6.229069
-11.586964
-1.8279080000000008
7.10158
-2.269017
-9.554795
-11.414085
-11.0212918
1.1050699999999996
-22.577443000000002
-1.6554900000000021
-6.909433999999999
-18.440640000000002
-5.860489999999999
-12.663221
-5.175456
-14.243102
-8.859115
-2.58863
-6.717960999999999
-7.291486
-15.464985
-14.262787000000001
1.5090000000000003
-2.060399999999998
-9.42182
-7.48854
0.990120000000001
-2.4207599999999996
3.555539999999999
0.7959899999999998
0.09244399999999864
-10.18728
6.778839999999999
-13.200019000000001
-4.360588
-3.9782070000000003
-5.841516
6.783190000000001
-8.766739999999999
-16.364931
-9.593334
-4.798350000000001
-0.637092
-2.7607459999999993
-10.312652
-7.862512000000001
-12.175384999999999
-9.903323
-16.908498
3.7974300000000003
3.87538
0.13372000000000028
-12.835561
-0.9234000000000009
-15.878243300000001
-11.2710057
-4.3393999999999995
3.7744999999999997
-9.511840999999999
-19.8830397
-17.883774000000003
-6.6997800000000005
0.2813359999999996
-14.365529
-2.2551320000000015
-5.049977999999999
-1.9710999999999999
-4.710405000000001
-4.417057000000001
-4.743663999999999
-16.507656
4.048810000000001
-14.178313
-18.543455
-9.681322999999999
-12.448236000000001
-6.28007
3.1995049999999985
-9.587908
-16.539777
-7.071648
-1.1158200000000011
5.218579999999999
2.2289499999999993
1.6055499999999991
-5.866727999999999
6.593235
-13.987281000000001
-3.3354790000000003
5.1848699999999965
-8.79105
9.076950000000002
4.204061999999999
5.290960000000002
-11.8912037
-0.0031149999999993128
-6.051640000000001
1.5371199999999998
-1.3727900000000002
0.46681999999999846
-1.6997899999999984
-1.0325159999999993
-14.8873851
-2.1071299999999997
-3.3228300000000015
2.0974200000000014
-1.00835
-0.27867
-5.5866560000000005
-1.837598999999999
-6.198243
-7.663639999999999
2.061959999999999
-14.279495
-6.230207999999999
-9.307112
-7.0183979999999995
3.738730000000002
2.358620000000002
-6.297354
-14.595314
-18.061577
-12.69961
-11.806257
-17.150963599999997
-4.132100000000001
-6.515650000000001
-6.161329999999998
-5.401757
-6.367228999999999
-11.871286999999999
-15.667699
-13.682128140000001
-15.64534779
-10.102110999999999
-7.95866
-8.340371999999999
-5.02384
2.966849999999999
-1.5270299999999999
-7.975838999999999
-8.275413
-13.570306
0.3483799999999988
3.8178699999999974
-14.083809999999998
2.3186099999999996
-15.328664
-5.341710000000001
-4.855586000000001
-9.036203
-4.140467
1.857330000000001
-8.726519
4.643139999999999
-1.3498699999999992
3.312709999999999
-12.641587
-16.2704227
-3.6811800000000012
-15.862663000000001
-10.438619
-2.3076600000000003
-3.333705
-5.7220200000000006
-0.98536
-13.272389
-12.357766
-3.812620000000001
-15.077166
7.17755
3.4839599999999997
8.595639999999998
-7.247821999999999
-12.257965
-6.521889
-6.394350000000001
-0.6828000000000003
-2.349
-7.334669999999999
4.563879999999999
-5.91559
-6.506526999999999
-4.35408
4.034849999999999
-18.377415
-3.2398299999999995
3.0957100000000004
0.6602500000000013
-4.609250000000001
-5.734699999999998
-13.33679
-3.4348600000000005
-3.41615
-1.3052899999999994
-2.7342000000000013
-5.839574000000001
-8.701818
-12.2808616
-8.173616999999998
-5.779184999999999
-3.797789999999999
2.9652899999999995
10.90947
-0.7220899999999997
-9.941854
-1.960890000000001
9.87531
4.716450000000002
0.7130100000000006
0.6391800000000032
-17.655625999999998
-3.1455400000000004
7.07671
2.1686700000000023
5.574020000000001
5.197660000000003
-1.9640999999999984
-2.186469999999998
6.214180000000001
-8.15375
-0.33034999999999926
-8.418122
-8.953909999999999
-0.39100999999999964
2.274549999999998
-14.271689000000002
-1.88931
-5.43455
-6.96793
-5.880511
2.1133000000000024
-5.281370000000001
-13.354847999999999
-13.769929999999999
-3.95702
1.319890000000001
-20.544204999999998
-4.403080000000001
-3.2693899999999996
7.001339999999999
-5.335320000000001
2.1103699999999996
-15.222642
-1.8582900000000002
-7.656428
-1.5435700000000008
-1.838000000000001
5.593199999999998
4.280200000000001
3.725999999999999
-2.4042100000000026
1.64283
-2.5244099999999996
-17.446199
0.23110000000000142
-12.994568000000001
0.18437000000000126
-17.7342011
10.38626
1.4910999999999994
-8.491275
3.7900199999999984
-3.593446
-4.699720000000001
-7.5616900000000005
-0.9929999999999986
6.55874
8.2549
-11.052817000000001
-12.565418000000001
1.9202799999999982
11.56393
-11.267595
6.4947859999999995
-9.572047999999999
-6.808580000000003
-8.089659000000001
-12.02634
-2.065669999999999
-14.342369999999999
-3.67877
5.005779999999998
-5.397549999999999
2.12312
-6.336949999999998
-4.304326
-1.1497700000000002
4.27206
4.121450000000003
-0.6685200000000009
6.445689999999999
2.2373499999999993
-10.806158
-0.4356200000000001
-4.9748899999999985
-2.88467
1.5653299999999994
-0.4482199999999992
-17.431113
-12.262952
-4.39668
5.550169999999998
-6.45523
-2.175229999999999
13.494499999999999
-6.761209999999998
-19.364720000000002
0.34660000000000224
-1.0475999999999992
4.29326
-5.912750000000001
-1.1648800000000001
-4.183375999999999
-4.434989999999999
1.578009999999999
2.2636199999999995
-7.069449999999998
-7.211759999999998
-0.5548000000000002
1.958590000000001
3.7372900000000016
4.0066500000000005
2.362000000000002
-13.393921000000002
-11.609086000000001
0.2895499999999984
3.8274800000000013
4.10594
-6.439959999999999
-9.85521
-9.32495
-8.757325000000002
-8.552405
4.983060000000002
-18.775334
-12.245745
-4.9627300000000005
-11.133797000000001
-3.82906
11.462419999999998
-6.578009999999999
3.571489999999999
7.584869999999999
-2.2890299999999986
-8.198030000000001
-0.3256300000000003
10.75976
4.58877
-5.565918
-5.839190000000002
2.03472
-7.772186
0.5342099999999981
-0.0535300000000003
-12.354001
4.96734
-0.2590199999999996
-5.37322
-3.0855299999999986
-4.156470000000002
2.4209499999999977
-11.914342
-4.506410000000001
6.574210000000001
5.672610000000001
1.4441299999999977
4.947700000000001
-11.72851
-2.463630000000002
-7.437428000000001
3.588890000000003
-8.311440000000001
-1.5471399999999988
-1.4745300000000015
-5.713879999999998
-1.4645100000000006
1.8505900000000022
-2.3455499999999994
4.695930000000001
1.8997399999999995
3.1897599999999997
-11.719545
-7.308689999999999
4.098690000000001
1.2259899999999995
-11.750010000000001
0.8483000000000018
-9.046523
-4.735390000000001
-3.6669400000000003
4.218779999999999
-5.062152000000001
10.818749999999998
-7.195970000000001
0.43605999999999945
1.022400000000001
-0.37971999999999895
2.733950000000002
6.499770000000002
-2.601569999999999
-3.982029999999998
-4.23842
4.035239999999998
3.236430000000002
-0.6736699999999978
-5.943237
2.1822599999999994
-3.111263000000001
0.8453799999999987
-0.8972699999999989
4.27572
-3.2853499999999976
-7.425589999999998
7.66113
1.319420000000001
-3.885439999999999
-4.916589999999999
-1.0907699999999991
-2.2206800000000015
-3.5439599999999984
-8.57991
9.7071
-5.7705600000000015
5.3016200000000016
-1.8111399999999982
3.4424799999999998
-5.929440000000001
6.191510000000001
-3.5929
-2.9025499999999997
-3.8380100000000006
3.723699999999999
0.32559999999999967
-1.493170000000001
-4.32349
-9.255090000000001
-9.585345
-0.35623000000000005
6.530570000000001
-9.494898000000001
1.7859899999999982
6.502770000000002
-1.7935100000000013
4.268440000000002
4.845210000000002
-4.957350000000002
-3.9493599999999986
7.442080000000001
-9.286758
-8.939528000000001
-1.3347700000000007
5.189719999999998
-14.480994
-6.240510000000002
-0.3112300000000001
11.913730000000001
5.211359999999999
12.581459999999998
-9.949309999999999
6.098409999999998
-0.4989699999999999
4.486999999999998
-13.82323
6.418240000000001
-4.655990000000001
-1.397120000000001
5.670859999999999
6.92159
0.3009900000000023
-3.30818
-3.39799
-6.351179999999999
5.840630000000001
-0.5430200000000021
-0.34230999999999767
-3.2273500000000013
-6.056000000000001
-1.011569999999999
-13.632684999999999
3.476309999999998
3.409230000000001
-15.908000999999999
-0.14605999999999852
4.882739999999998
0.2979699999999994
-8.42929
-4.660390000000003
0.38610000000000255
3.6636300000000013
-4.7489799999999995
5.65973
2.847360000000002
11.8093
0.14669999999999916
2.8210099999999976
-9.21586
0.08986999999999767
2.6296099999999996
-1.4472500000000021
-4.059499999999998
3.2188799999999986
-1.1278199999999998
9.26276
-11.61025
0.7381900000000012
3.345510000000001
-3.6069899999999997
6.003550000000001
9.14656
1.1566399999999994
5.1567599999999985
3.6632099999999994
-2.71983
-5.509299999999998
-1.7691499999999998
2.6385199999999998
-0.358430000000002
16.20413
1.6291899999999977
5.28773
3.9532000000000025
0.6291900000000012
4.804739999999999
-3.3315699999999993
1.4225700000000003
2.73452
7.784249999999998
-7.486083000000001
-4.320148
-0.6801299999999983
2.1938700000000004
13.59237
6.314769999999999
-1.033619999999999
0.88476
8.386380000000003
-3.9650200000000027
7.331659999999999
3.4690399999999997
-2.4343499999999985
-1.3770299999999978
3.9815200000000015
8.51512
-8.407029999999999
4.72381
4.9954399999999985
3.6621799999999993
5.213910000000002
-6.608409999999999
-0.43803000000000125
-11.530709
7.556959999999997
7.178319999999999
2.5380399999999987
4.69819
-3.2589699999999997
9.743039999999999
3.7143499999999996
17.390369999999997
6.44453
-4.5238700000000005
7.089449999999999
-8.005010000000002
-2.54786
0.5082099999999983
-0.5911999999999988
0.39006000000000185
13.840219999999995
3.140859999999998
-5.922579999999998
2.426759999999998
0.9649999999999999
0.6625799999999984
-0.7213999999999992
4.390409999999999
2.524040000000003
-3.0613600000000005
2.0837000000000003
-5.280950000000001
13.980169999999998
-2.15193
-1.9237900000000003
-11.643151999999999
-14.30547
-6.32395
6.833300000000001
1.5317299999999996
3.3033900000000003
4.459620000000001
7.415709999999997
8.891110000000001
-2.8006100000000007
12.13823
-8.19146
-10.648086
-2.1096199999999996
2.3583399999999983
-0.6555599999999977
1.719059999999999
-0.7518600000000006
7.742420000000001
5.135149999999999
12.87649
9.448680000000003
3.90681
1.2517600000000009
11.594620000000003
-0.8624800000000015
3.3536099999999998
8.21415
7.955780000000001
8.419549999999997
-9.045029999999999
-7.98002
11.465680000000003
-2.927769999999999
1.9715799999999994
5.49747
8.454539999999998
-8.166559999999999
-1.1001899999999996
1.8736099999999993
12.410469999999997
3.223589999999998
-8.305290000000001
-10.924190000000001
9.00086
-11.677319
3.2281099999999974
3.940209999999997
2.1183299999999967
6.462310000000002
4.057370000000002
-2.1557499999999976
1.9469400000000014
-2.314029999999999
6.982310000000002
2.589470000000002
-2.156489999999998
-0.8139499999999984
8.66546
-10.98877
8.492099999999997
-0.7213299999999983
8.520320000000002
15.750349999999997
2.1423999999999985
-1.2018999999999984
-10.462661999999998
-4.328189999999999
-1.9401100000000007
6.60867
1.0760900000000007
-2.2717000000000027
-10.08736
-13.1586546
10.787030000000001
3.527049999999999
1.612280000000002
14.29898
0.039860000000000895
1.271090000000001
1.7859200000000008
5.07958
12.17631
3.5624399999999987
4.827670000000001
6.976460000000003
5.99286
3.4853400000000008
1.5136900000000004
6.882480000000001
15.258850000000002
14.138890000000004
5.713520000000003
0.24120000000000275
4.26783
2.2820600000000013
0.3162200000000013
0.7634499999999989
-3.3056599999999996
3.131070000000001
0.8813200000000023
-5.714170000000001
8.213940000000001
16.09274
9.497480000000003
5.751709999999999
-0.9206399999999988
12.09405
4.471440000000001
5.516770000000005
6.161309999999997
-0.1281800000000004
-5.566390000000002
-0.8594499999999989
13.711639999999996
9.636389999999999
2.4413800000000023
4.920369999999998
8.76464
9.3659
7.711409999999997
-2.9182500000000005
6.635159999999999
5.83278
4.5140100000000025
6.106349999999999
4.794039999999999
7.724
-0.48969999999999914
-2.80781
2.815100000000001
-3.111320000000001
6.428289999999997
1.1596499999999992
13.45384
-9.11206
6.931079999999998
1.7519199999999984
0.5969199999999972
8.358250000000002
1.6171100000000003
13.645000000000003
10.102530000000002
7.721940000000002
0.3976000000000006
3.4538399999999996
7.6929300000000005
1.3452699999999993
11.74539
1.7969599999999986
7.191310000000001
-8.768640000000001
16.04029
6.181699999999999
2.181269999999998
2.927629999999997
-4.269779999999999
-3.3944100000000006
3.3478400000000015
-2.5317000000000007
4.853400000000001
15.370840000000001
-6.976099999999999
7.75329
10.653960000000005
-7.277060000000002
9.271350000000002
9.17671
4.9054699999999976
-5.992619999999999
10.14649
3.2360599999999984
9.747800000000002
8.986889999999999
1.8356299999999983
-6.31593
4.979390000000002
-1.1678099999999993
4.3662600000000005
9.55058
8.545679999999997
13.527320000000003
7.834100000000003
-6.47911
7.48667
18.006520000000002
13.359259999999999
7.290170000000003
2.5313099999999977
-0.7069399999999995
-1.6085199999999986
1.3529700000000027
8.690910000000002
12.343349999999997
2.4915199999999977
15.979390000000002
14.56382
4.18234
20.13168
-9.403880000000001
11.823909999999998
-0.759719999999998
12.947780000000002
3.0444799999999965
-1.778690000000001
12.210289999999997
7.9516699999999965
15.485730000000004
10.97609
5.545590000000001
4.4772099999999995
10.432010000000002
16.888679999999997
5.448789999999999
4.1145
-5.2399200000000015
10.3401
9.434560000000001
11.37061
13.932870000000001
11.469829999999998
-1.8828000000000031
11.554650000000002
1.9280299999999997
-4.819140000000001
15.54234
1.9884500000000003
-14.4335
3.8314699999999995
4.30874
5.1697900000000025
13.62943
-4.752081
5.080620000000003
5.3408799999999985
-1.0017800000000001
5.466359999999998
13.363309999999998
8.253259999999997
7.341559999999998
2.631830000000001
-10.203859999999999
4.132360000000002
12.559149999999999
7.361450000000001
-1.540849999999999
2.7924299999999995
1.8810800000000008
-0.14217000000000013
12.72361
11.323440000000002
11.30385
10.353279999999998
10.975149999999996
8.52935
4.063649999999999
0.9007900000000006
-9.7046
12.449180000000002
3.68816
6.97288
5.0854
7.64744
12.116769999999999
7.079000000000001
16.37561
2.90222
-4.818200000000001
8.916570000000004
8.49242
13.159489999999998
13.136129999999998
3.401620000000001
13.092220000000001
11.808789999999998
10.3461
5.817240000000002
9.169819999999998
5.847059999999999
7.436149999999998
2.9497800000000005
0.6551399999999994
7.397599999999997
1.83202
13.048090000000002
2.4869799999999955
-3.0875400000000006
16.063639999999996
-0.11678999999999817
9.753139999999998
-8.35154
1.4397999999999982
14.134790000000002
7.778449999999999
-1.2504600000000003
13.026150000000001
1.4356800000000014
7.579729999999998
2.1013899999999985
18.737109999999998
18.38703
7.738240000000001
17.829069999999998
4.63457
4.637969999999999
11.311119999999999
2.496019999999998
9.74664
14.933269999999997
1.393259999999998
15.604650000000003
10.37352
18.34996
5.778569999999998
2.7019699999999993
10.41725
11.616110000000003
1.1633999999999993
6.811430000000001
17.43479
10.61863
5.7601999999999975
7.4084900000000005
-0.18475000000000108
12.598129999999998
15.172459999999997
3.1899000000000015
7.836369999999999
12.850939999999998
5.4867399999999975
5.768650000000001
7.983819999999998
10.388199999999998
11.897189999999998
11.073520000000002
9.909479999999999
3.9130300000000027
5.240079999999999
-5.832769999999998
3.5011200000000002
6.871890000000004
1.8287799999999983
14.920060000000003
20.59083
3.66197
16.68485
6.620180000000001
18.436559999999997
10.871659999999999
10.371010000000005
16.72891
7.443749999999998
11.167689999999997
8.067890000000002
4.972899999999999
0.7196800000000003
1.6097599999999979
4.518149999999999
7.143639999999998
7.607289999999999
-1.1470599999999997
5.0541599999999995
-3.378
15.973949999999999
2.7898700000000005
1.555970000000002
7.17285
3.7193900000000006
-4.696390000000001
6.571670000000005
9.393049999999999
11.70953
-8.55836
19.12206
-2.3194500000000033
2.3165699999999987
7.157750000000004
13.94932
5.896250000000002
0.13651000000000124
15.64629
8.151319999999998
11.01247
-11.86708
5.449779999999997
2.1285500000000006
8.75524
3.9331899999999997
-0.40287000000000006
16.883680000000002
5.448679999999996
9.14321
21.224389999999996
-2.327969999999997
4.817040000000002
14.634950000000003
11.846309999999999
9.634810000000002
