12
22
33
83
130
150
159
187
193
204
217
222
235
238
246
247
248
252
256
322
400
440
447
451
464
487
534
570
577
589
609
644
664
689
714
715
716
722
724
728
801
811
841
908
914
917
924
954
966
1015
1019
1061
1070
1078
1094
1103
1158
1170
1185
1198
1255
1260
1283
1302
1316
1318
1335
1341
1354
1370
1375
1402
1424
1441
1443
1447
1464
1538
1588
1621
1681
1687
1733
1736
1738
1754
1780
1815
1828
1829
1834
1843
1853
1862
1910
1915
1929
1940
1954
1996
2002
2027
2048
2086
2108
2113
2130
2134
2136
2141
2142
2157
2184
2196
2202
2208
2212
2214
2224
2238
2325
2354
2368
2401
2404
2406
2417
2440
2485
2486
2556
2569
2579
2585
2589
2629
2657
2731
2777
2825
2836
2847
2851
2863
2886
2897
2940
2948
2970
2974
2996
3033
3058
3074
3076
3123
3135
3138
3148
3170
3256
3266
3275
3359
3371
3381
3410
3418
3419
3433
3435
3442
3456
3496
3543
3546
3558
3582
3589
3606
3640
3653
3654
3673
3702
3708
3752
3759
3765
3770
3779
3783
3784
3806
3815
3819
3824
3825
3873
3874
3885
3918
3950
3997
4066
4073
4091
4092
4140
4151
4184
4193
4204
4216
4273
4281
4294
4313
4319
4349
4360
4390
4416
4422
4425
4429
4504
4525
4526
4534
4535
4563
4602
4621
4644
4666
4669
4679
4686
4690
4695
4734
4770
4786
4825
4870
4900
4914
4923
4958
4979
4990
5074
5081
5099
5101
5143
5160
5190
5203
5226
5239
5242
5262
5289
5310
5332
5358
5366
5387
5424
5428
5450
5459
5486
5507
5513
5521
5526
5567
5583
5586
5611
5647
5650
5670
5678
5681
5729
5785
5795
5809
5847
5856
5874
5888
5905
5918
5944
5948
5954
5966
5967
6044
6047
6048
6071
6091
6186
6221
6233
6268
6320
6336
6348
6352
6379
6397
6424
6449
6452
6482
6492
6496
6517
6519
6524
6534
6574
6587
6599
6600
6601
6606
6626
6638
6647
6702
6703
6745
6759
6774
6785
6832
6854
6890
6894
6913
6928
6943
6991
7036
7039
7042
7070
7121
7129
7189
7190
7220
7233
7244
7278
7297
7299
7335
7354
7405
7410
7415
7416
7454
7538
7574
7587
7588
7590
7601
7607
7625
7641
7645
7653
7661
7662
7714
7725
7733
7735
7819
7851
7859
7888
7899
7910
7913
7920
7931
7932
7976
8057
8076
8085
8118
8121
8123
8124
8126
8142
8182
8247
8253
8273
8300
8303
8343
8362
8364
8366
8368
8369
8390
8448
8465
8468
8487
8539
8552
8564
8579
8591
8668
8712
8718
8720
8745
8756
8770
8776
8780
8825
8830
8835
8922
8925
9005
9019
9042
9043
9047
9051
9054
9067
9086
9099
9108
9127
9136
9148
9174
9175
9200
9240
9248
9268
9276
9285
9292
9311
9319
9340
9372
9407
9409
9442
9484
9527
9539
9559
9575
9610
9635
9655
9660
9697
9739
9757
9803
9830
9854
9857
9858
9881
9930
10034
10051
10063
10085
10096
10104
10157
10176
10209
10247
10269
10292
10307
10361
10364
10378
10382
10403
10415
10416
10419
10424
10434
10468
10477
10480
10489
10505
10508
10512
10522
10534
10560
10564
10565
10574
10584
10597
10606
10624
10635
10642
10657
10688
10697
10709
10713
10762
10811
10836
10853
10879
10907
10936
10957
10966
10987
10994
11020
11055
11058
11104
11111
11120
11133
11139
11186
11187
11215
11220
11222
11241
11258
11263
11379
11388
11393
11424
11432
11442
11460
11494
11533
11584
11592
11628
11681
11707
11708
11730
11766
11773
11783
11794
11800
11804
11813
11820
11821
11885
11889
11902
11960
11988
11999
12002
12025
12042
12052
12065
12085
12147
12176
12181
12219
12277
12287
12329
12336
12347
12361
12374
12378
12429
12431
12440
12469
12470
12522
12534
12537
12538
12566
12577
12623
12635
12661
12688
12690
12691
12741
12742
12769
12783
12787
12798
12802
12848
12855
12871
12872
12876
12941
12957
12970
12980
12993
13001
13003
13031
13070
13104
13158
13242
13251
13266
13280
13286
13295
13302
13317
13319
13337
13342
13369
13370
13389
13411
13439
13496
13522
13523
13529
13536
13546
13578
13596
13620
13632
13653
13664
13671
13724
13752
13764
13898
13900
13933
13958
13962
13978
13981
13982
13988
14000
14004
14040
14067
14070
14081
14153
14158
14162
14209
14218
14236
14244
14248
14256
14272
14300
14305
14324
14335
14373
14407
14428
14450
14463
14472
14489
14502
14507
14524
14540
14557
14574
14587
14588
14630
14641
14659
14677
14702
14726
14751
14820
14825
14827
14837
14867
14875
14876
14891
14915
14966
14983
15017
15039
15048
15072
15102
15126
15135
15165
15175
15176
15197
15255
15311
15351
15371
15378
15397
15413
15449
15460
15464
15465
15470
15492
15560
15572
15573
15577
15605
15636
15664
15697
15700
15703
15730
15747
15749
15760
15762
15787
15796
15799
15834
15838
15841
15843
15868
15928
15983
16042
16052
16095
16117
16126
16132
16137
16157
16168
16221
16225
16229
16234
16258
16268
16269
16281
16314
16365
16419
16426
16434
16451
16484
16515
16524
16525
16543
16589
16595
16607
16658
16692
16693
16745
16787
16791
16802
16837
16867
16873
16885
16901
16938
16943
16947
16949
16954
16971
17028
17039
17074
17082
17083
17089
17130
17134
17138
17151
17178
17195
17198
17199
17222
17226
17280
17290
17314
17316
17354
17371
17389
17469
17487
17494
17505
17525
17532
17535
17536
17560
17608
17656
17686
17713
17715
17721
17752
17790
17855
17877
17900
17926
17949
17970
18018
18065
18089
18142
18159
18167
18194
18196
18217
18229
18243
18249
18253
18258
18263
18307
18311
18334
18341
18360
18365
18380
18383
18414
18447
18451
18464
18473
18493
18540
18659
18668
18703
18707
18713
18760
18768
18780
18796
18797
18813
18834
18842
18844
18853
18878
18913
18915
18930
18933
18987
19015
19022
19025
19051
19053
19055
19083
19093
19097
19101
19114
19126
19153
19192
19224
19225
19236
19267
19273
19275
19276
19304
19337
19344
19354
19356
19413
19424
19449
19451
19465
19480
19486
19487
19498
19533
19535
19550
19553
19563
19596
19624
19630
19658
19681
19691
19702
19708
19717
19732
19746
19747
19776
19802
19803
19828
19832
19850
19866
19867
19884
19934
19936
19955
19978
19982
20024
20027
20062
20094
20140
20156
20159
20278
20290
20293
20295
20298
20300
20337
20366
20367
20408
20422
20443
20466
20468
20484
20504
20543
20545
20593
20599
20619
20630
20709
20752
20762
20772
20792
20809
20873
20877
20886
20954
20961
20973
21030
21093
