10.47985
15.12968
24.41048
18.6832
21.15761
22.0633
20.78379
11.85241
17.12783
28.51535
17.76634
14.09111
21.13521
14.62859
19.47843
17.59018
16.5029
23.02776
16.97432
15.41444
20.44967
18.49503
17.79702
15.96127
9.635854
22.69514
20.76383
5.883031
21.31246
12.00234
24.39513
11.50839
24.3719
10.7587
19.6407
23.08393
8.780289
10.01784
20.96145
15.65105
10.72127
9.68541
15.04105
14.9579
15.07387
15.83748
15.48999
9.359695
19.14594
26.43188
16.30565
14.49524
12.61753
22.99971
10.70329
5.486139
8.700019
5.143422
3.192361
2.834648
7.215387
-0.6735309
11.0805
12.51714
7.435475
3.720967
9.933615
6.788448
8.331638
0.4113807
2.742515
12.57828
6.999204
10.31286
10.67857
15.53464
2.059517
4.158582
1.712436
8.05106
11.20933
16.74038
0.3518552
6.55328
14.59178
2.959979
9.434663
13.16301
3.073952
7.898238
8.244304
11.72653
13.23611
4.209875
5.818961
4.86096
-0.2962588
-2.012768
19.44832
4.46716
12.18056
10.60054
2.737918
9.253536
7.870668
-0.6711661
5.202485
7.481699
2.230923
13.12751
6.067159
8.836916
6.912094
-0.3333196
6.516974
3.152432
5.497353
8.724365
16.97259
8.017675
1.046591
15.82211
12.68444
12.45165
6.083832
2.355822
2.832966
7.355811
10.7023
13.06305
16.43513
1.372982
18.18931
13.46015
3.77644
1.188046
14.83749
6.806166
12.96962
10.69352
11.95356
2.578151
3.225966
14.03997
-0.2270498
7.376371
1.624297
9.044935
7.1977
-0.9516591
4.116124
9.058104
3.873492
-1.720824
8.547524
5.322927
1.304196
11.45902
10.8859
13.1524
11.6218
3.527158
12.94016
7.70456
19.87945
3.272361
4.051095
7.296945
15.4441
1.340953
20.54774
14.78042
0.8692158
4.657242
8.03502
17.36563
5.501987
7.021683
11.2395
3.234573
5.254094
6.076648
4.812194
3.935241
12.08978
10.26463
5.909963
13.77533
12.52584
16.81756
8.303862
6.695794
14.88011
-2.437853
6.402732
8.501338
11.23531
0.9338287
8.313541
10.15982
12.46296
5.329859
7.86658
11.5267
2.700285
7.436505
14.66975
-0.971988
9.595005
6.257347
1.558858
11.33136
7.153723
0.5936498
10.92937
10.62138
16.11135
9.882606
12.5316
10.30426
7.738656
12.87895
11.26716
4.674903
7.184712
6.069289
14.41417
14.21006
13.73133
9.677965
14.60794
12.65612
1.433719
15.92465
7.797513
8.79765
3.394062
16.66039
2.095848
4.109454
11.02437
6.874174
8.583741
13.10687
19.45527
13.85653
2.637007
11.42651
8.820067
6.647247
11.65076
-0.1934789
8.555252
17.23416
4.803477
20.01373
9.247359
9.414988
14.01451
11.95041
23.37109
9.755236
10.85424
16.14381
12.78009
17.49516
5.019056
5.900108
19.56019
11.10779
20.16464
16.15522
20.96283
22.42599
18.34296
13.55566
13.70505
6.52502
9.322423
17.90273
15.078
8.029702
17.08326
20.95741
10.18005
14.43121
18.78994
11.42269
13.08644
14.05706
20.12293
12.35411
13.01889
7.811643
19.88118
2.749103
12.00012
10.56536
18.96552
13.51813
21.00277
18.06589
11.62212
14.05342
10.73504
16.68845
11.01725
16.94582
10.08625
15.46167
13.45791
11.32876
7.46872
12.76537
16.24354
7.091349
13.22687
8.336079
5.064795
10.97859
20.84859
9.805023
12.07711
8.796626
13.92833
12.10121
12.46377
19.51088
5.804245
25.34687
9.153281
8.845855
7.222334
14.14746
9.945539
11.33476
6.779465
10.83321
11.90031
25.77969
12.557
7.100393
14.64896
7.898512
18.91506
22.68926
14.4592
11.99673
16.07869
11.92561
11.66788
8.099135
13.02706
12.02859
16.19231
15.93307
10.35194
14.272
16.75432
17.66851
12.22327
23.99943
9.260092
16.10038
23.83573
14.91519
20.67186
22.66082
14.77736
25.27955
20.98729
19.80296
10.86401
10.26141
10.14166
21.85239
21.51267
12.60506
21.9656
13.41706
7.859302
17.08917
20.52466
7.93773
15.40716
13.55135
11.88197
9.441685
14.52317
16.10566
19.37471
15.98258
18.56797
14.94869
22.77468
19.11438
9.306081
8.248766
17.57056
7.212013
22.04978
18.26687
12.3055
13.91603
20.20257
8.933136
13.01379
21.91429
13.33864
12.12494
16.602
18.46912
15.37329
18.89025
14.74379
11.40713
17.9966
19.81029
15.08747
18.45215
12.23399
22.97791
16.37872
8.379713
15.75701
12.64567
16.47515
21.52674
10.39942
15.51246
14.60239
25.51134
27.86316
9.52386
15.9101
15.94044
15.94326
10.93946
14.67652
7.759811
16.30829
22.89858
19.9187
16.63585
15.4194
17.02252
18.84346
10.78424
18.34278
18.79258
13.54654
18.45877
14.66965
21.60107
14.04362
13.29352
24.39011
20.88491
21.15266
21.46492
17.23778
22.59334
14.38417
17.30944
17.6803
18.63093
16.83926
20.89662
16.3247
19.94956
18.47799
21.24392
14.56534
22.50209
29.65698
16.87273
13.38899
17.22095
13.13664
14.58292
21.35352
11.43056
17.62094
26.79591
18.60083
19.10212
25.51322
20.3549
12.69828
15.01608
17.39545
18.48937
19.271
12.11644
17.77226
19.15739
16.16413
27.93883
17.02148
23.04776
14.76764
16.80292
11.86867
29.36183
20.54993
16.98488
12.7828
13.80901
12.66003
17.99233
19.78074
27.53297
16.99334
11.02683
24.65417
18.56468
24.1892
23.81159
19.31891
12.17786
14.53934
13.15112
14.92426
17.40601
14.93831
17.27858
17.65139
16.56186
17.54831
17.97765
15.75788
22.68301
19.03977
21.52912
21.55857
11.20959
18.5952
25.34468
14.91061
16.76914
22.6518
24.43019
12.62283
20.43228
19.99955
21.16553
14.62721
21.55142
14.90025
16.54248
31.93714
19.51334
20.77833
21.98683
15.06933
11.26146
16.57753
18.98839
19.18003
17.74867
17.15044
17.72864
17.85029
16.93945
23.18887
16.30904
14.42181
16.21875
22.82659
23.99069
23.77179
23.68386
13.67805
25.38723
26.26894
19.89247
21.36483
13.19703
22.6345
15.88564
19.38114
15.58381
19.51261
17.89373
16.25775
20.3519
18.0452
29.12039
22.81111
16.92641
20.59921
21.10167
9.886329
18.64785
22.20824
17.67919
22.14211
23.31203
23.80808
26.09932
17.52522
17.40717
18.15206
28.75858
12.99867
20.08475
14.02754
23.38745
19.52572
21.12088
15.69015
22.28946
24.53088
16.78791
24.73202
25.22342
26.51352
15.88427
18.56039
25.04131
21.86243
20.81518
21.78382
20.93645
19.31664
19.8386
22.02233
22.32089
23.7274
17.50863
20.84763
21.16344
20.9738
21.49992
24.04515
25.47847
21.09544
24.47109
22.5219
18.35342
21.05766
16.51039
29.75034
13.91873
15.8373
20.84468
23.39898
19.17382
24.661
14.34157
19.45866
25.78134
28.0209
11.11511
26.64934
22.44603
23.78481
23.48547
22.35038
24.03857
23.38532
29.6841
28.46312
26.77017
26.37142
31.8998
22.10898
19.1658
26.19595
21.25525
22.55462
20.96455
24.05258
18.91484
23.46641
26.29223
16.35518
26.13522
25.41057
16.99419
30.72476
15.1354
21.75141
20.06906
17.71907
31.39344
21.94931
17.33196
32.50183
24.23981
31.93723
23.6616
24.6497
26.30427
20.30001
19.93573
22.07603
21.29233
22.43374
22.00301
19.15277
17.57148
23.84595
24.60513
22.74929
26.42984
24.86976
21.38896
24.57626
15.60009
23.60095
30.57195
24.50288
22.12898
26.04356
24.93986
21.77625
28.37463
18.06222
28.51387
28.07722
21.12537
24.115
25.62851
22.01192
26.51097
21.2262
23.83261
22.98373
25.07402
19.21478
23.03423
20.23233
22.00244
14.4995
28.21651
18.18648
22.54606
18.07959
31.03368
19.27135
31.02156
19.05967
27.91819
20.13982
31.21571
24.63291
23.73063
15.74796
24.76305
25.91041
27.68041
16.89202
25.53912
26.87675
23.09239
28.36538
32.53688
23.65081
22.78718
23.97627
24.16265
29.6471
19.11451
28.81127
37.82062
37.97182
29.99492
24.98318
29.26052
27.84668
27.64972
28.21838
38.1564
23.46538
30.71165
27.7962
30.02741
20.38033
29.09674
23.72647
28.51874
30.32488
24.85681
24.08747
25.8288
25.26192
26.50059
26.49816
22.6172
20.28346
20.75558
25.9984
22.1104
20.87913
32.48283
29.12937
33.58902
30.01932
25.69179
32.79857
32.12974
25.9686
33.87051
23.07752
19.97384
27.64526
32.25921
28.77433
23.45181
33.68609
17.44762
32.12221
23.50755
30.24035
23.6821
31.96652
27.87873
24.07091
27.02554
25.46911
27.88969
24.12131
34.62153
22.88791
18.8008
25.20377
25.81629
23.75009
20.84035
29.12246
27.8503
25.2902
28.59237
28.41174
23.08581
29.65915
29.07228
33.32464
25.75758
24.2916
36.65693
26.13715
25.22784
24.29959
39.70074
24.32301
22.19093
24.85373
28.80121
28.77936
25.75516
26.47154
12.79628
34.43042
32.12853
25.21371
27.67127
35.09056
28.03374
24.6217
24.83756
33.83026
33.67997
31.61261
23.98964
23.08943
28.22439
30.0009
30.24815
28.46932
33.83852
29.30938
29.11261
24.51754
22.94889
29.18099
26.33703
18.58068
27.30456
32.03087
25.76544
24.88569
13.86659
28.47554
24.9893
22.05855
26.40455
37.18653
24.07669
36.98051
31.25979
25.33224
31.45933
21.62591
24.25916
24.57313
25.98755
34.88428
26.62541
26.4615
33.1264
32.5512
29.00364
23.97725
23.47107
22.5107
32.75339
29.98811
24.62116
31.20389
26.75586
25.12824
29.55543
31.80277
27.85839
35.21402
27.17895
26.10376
22.71727
32.5428
26.34667
30.21205
37.02646
21.38883
29.6893
29.43369
23.00827
38.55918
24.64995
28.64386
28.6689
28.70474
28.64809
36.23752
29.92865
16.72448
29.6324
39.71942
23.23019
28.85821
30.06971
26.78701
33.44518
23.43614
24.39806
24.43183
31.5916
25.67125
21.65257
31.3386
36.0375
26.48733
26.25242
31.36001
30.80604
40.9251
32.11998
29.51969
28.47672
29.34353
28.02473
29.38925
26.97963
37.02794
33.40138
24.16729
31.20373
36.87268
32.11632
37.85606
30.0487
32.89422
35.61208
29.84942
34.19082
29.8411
35.93912
33.33586
33.43143
36.95927
37.60536
33.03842
33.93225
31.63549
35.82537
31.14508
28.23324
28.82995
25.57324
31.05554
35.93237
29.45526
38.87961
34.98485
32.59618
34.04653
34.35352
41.12062
30.4703
26.7275
34.39833
36.49156
32.00005
32.67835
32.09367
33.57212
33.79539
26.66507
29.18881
34.57923
38.75699
33.20868
30.96586
30.64863
30.7974
32.49452
31.53307
37.91053
39.48043
27.68284
30.17227
33.1737
30.11328
29.23683
39.35476
26.40409
33.98083
32.13887
32.14406
34.47895
27.72853
32.97211
35.00556
30.782
37.15831
31.42277
36.78731
31.08567
35.51092
35.3311
28.60491
36.49224
28.68535
35.0792
27.02767
38.56602
36.87843
38.34797
34.81663
39.27813
32.45066
24.94527
29.23741
27.81016
