3.170238
3.476304
8.921099
-0.395053
5.545887
8.530093
4.369513
-0.04521947
4.961347
7.616268
-1.439428
-3.157536
7.175554
0.1892898
4.367065
3.996382
-1.366549
4.475896
-1.424104
5.692194
5.184848
4.369152
5.932153
0.7656514
-2.12202
11.24989
8.33149
-0.8192502
5.449578
1.100599
9.117715
-3.019008
12.041
-1.562556
7.188278
11.35851
3.289674
2.342721
8.991807
6.962839
-4.053866
0.4032347
2.991274
2.935245
2.022246
5.46232
2.291926
1.86842
3.150495
10.21403
6.525456
-0.2519838
0.6811478
5.185966
1.374595
-7.006543
-6.263738
-8.020029
-6.913681
-5.495952
-10.21424
-13.56051
-4.397792
-2.484139
-3.617056
-9.431943
-3.635189
-10.6125
-9.362883
-11.42347
-12.01136
-3.436799
-8.839045
-0.283715
-5.016367
1.004314
-11.25258
-9.100634
-11.89388
-3.833429
-8.167782
-2.260278
-7.17345
-4.916638
-1.751572
-10.94322
-8.213634
-2.361742
-3.678961
-1.618064
-3.340907
-6.642997
-2.384386
-9.758397
-12.68803
-8.667903
-11.44727
-12.01854
-0.3472166
-9.317995
-4.563658
-5.372128
-9.228208
-5.817248
-6.203841
-12.9174
-7.66273
-9.244622
-8.517554
-4.094501
-5.567582
-7.64008
-12.60168
-13.42449
-8.840042
-11.10746
-5.302901
-2.558446
2.768884
-6.449506
-2.45835
-2.193738
-4.778895
-4.401194
-8.962983
-9.971245
-12.34237
-5.988918
-8.148167
-3.107086
4.048912
-8.666312
-5.837309
-1.130025
-11.1014
-4.465969
-0.66366
-6.842627
-3.015889
-2.606137
-4.888644
-8.75778
-10.1032
-5.407065
-7.901461
-7.5419
-12.40837
-9.695536
-5.393663
-13.19054
-10.63644
-5.233494
-5.373058
-13.15939
-11.83897
-7.093321
-8.455308
-3.12739
1.048108
-0.5776929
-7.155687
-10.78599
-7.786286
-4.126359
2.239113
-7.02629
-4.906161
-6.714634
-0.6141044
-11.00365
-0.8215677
-4.458414
-5.280746
-4.806069
-1.788336
-2.815235
-4.109776
-2.995291
-6.969234
-6.167645
-7.115456
-8.262304
-10.62132
-11.70795
-7.241422
-1.64946
-3.794123
-5.06818
-3.645001
-0.2857803
-3.388141
-3.225096
-6.452175
-8.664764
-9.826116
-3.108403
-1.854836
-7.357348
-8.32405
-5.641503
-3.214719
-8.2287
-2.64019
-0.8628921
-6.45607
-4.438577
-1.00704
-12.57916
-7.100144
-4.713993
-7.013226
-2.714809
-5.967639
-9.549408
-2.922953
-1.503382
-2.674415
-4.27089
-6.535176
-5.176329
-8.182582
-4.739676
-6.195722
-7.171268
-5.41638
-11.19142
-1.112397
-3.748469
-3.125339
-4.902057
1.042953
-5.47295
-3.45125
-0.9038828
-5.761205
-4.057886
-11.00218
1.962752
-12.18492
-9.045287
-4.180685
-4.163981
-7.655285
-1.934979
2.169334
0.03234856
-9.987586
-4.83065
-2.439075
-8.500821
-4.457899
-10.66585
-8.803169
0.402683
-9.487055
2.072847
-7.511081
-10.39176
3.100684
-6.327674
5.994431
-4.584186
-0.4968578
-0.4210298
-7.59773
-2.789891
-11.37731
-10.30503
-0.5087708
-5.068836
2.286503
-2.447625
0.8789413
4.278032
-3.713623
-7.484356
-7.07396
-4.924387
-5.308021
-1.381437
-5.092927
-5.749643
-3.282144
-0.9737179
-3.447389
-5.474056
-1.429538
-5.617949
-5.633262
1.207105
-0.8304559
-2.033485
-3.584714
-3.334751
2.809272
-13.51161
0.896192
-5.439684
0.1058273
-6.800221
-4.484934
2.325781
-7.518683
0.9003875
-5.983119
-2.644172
-5.008773
-0.5214789
-8.633489
-2.629444
-4.745714
-2.108759
-4.137228
-7.208276
-4.030406
-5.745632
-6.441026
-5.732203
-9.024335
-2.271686
-0.9059922
-4.999137
-3.332359
-4.863098
-4.369582
-6.592969
-3.750353
3.749821
-10.19603
3.661542
-6.702029
-3.474669
-4.943403
-3.190601
-4.276122
-2.028077
-10.43135
-6.081621
-4.94487
2.683138
-5.822474
-4.885838
-4.043779
-9.84941
-3.549265
4.193619
0.6994594
-0.4054512
-8.5677
-3.758035
-1.825352
-3.474605
-5.130235
-1.500883
-2.242921
0.02049077
-8.021751
-1.192557
-3.700008
-4.237332
-3.044034
3.15119
-5.483055
-3.435613
6.305326
-3.844161
4.800522
-0.6012556
-5.421044
2.143681
2.337174
2.194638
-4.530641
-5.241234
-0.03415117
5.779731
-0.5282331
-7.243926
-0.6835393
-0.7752903
-5.641401
0.008010674
2.839349
-6.355883
-2.13329
-4.0288
-2.063462
-4.036651
-7.970258
2.303414
2.769791
-2.500372
1.836762
-3.983088
2.550945
-3.881733
-4.852109
-9.161405
2.413765
-6.35217
2.352793
0.763523
-2.906547
-5.929561
0.7208245
-6.599689
-5.187651
-0.5635
-5.436435
-6.840642
-3.856584
-5.664264
-0.9943597
-0.353025
0.3878751
-4.208871
2.092594
2.204763
2.709362
4.992019
-5.123037
4.647764
-3.508798
-5.220146
-6.851505
-3.465699
0.9396416
-3.312691
-5.077655
-1.751225
1.007372
-0.5873686
5.324071
0.1864527
-2.441112
0.8241705
-1.900611
-7.2066
-3.023488
-6.586321
0.4701062
3.137152
-2.286336
1.774975
2.047691
0.4758055
0.7681771
-0.3905773
-1.563337
1.473986
-6.673415
-1.799417
-4.683573
2.269426
-0.7664948
-1.410577
-0.09626411
0.3526528
-5.873022
4.220168
-0.2253713
2.335429
-4.116174
-0.5005901
-3.254221
-1.778642
0.6428484
3.559351
1.192209
1.634632
1.942178
0.03442798
1.505289
7.638542
7.119567
-1.241038
-7.511917
-2.465162
2.029445
-2.941296
1.818542
-0.1674553
-1.097639
8.737365
-2.772921
0.1552272
7.248936
3.522693
-4.247078
-4.678827
-2.12723
1.108132
1.410365
-4.303485
-0.5573322
0.05379507
-3.117793
1.231994
-4.490971
5.291835
-3.055807
-0.9024791
-1.17615
6.042045
5.02698
-2.527482
-4.884052
-2.610898
-6.780622
0.4857484
-0.07738382
4.244149
3.875707
-3.768512
3.82585
1.374143
2.521377
3.251316
2.505899
-4.89991
-2.158082
-2.297797
0.8929371
-2.758472
-1.259838
2.672239
-0.7221003
3.598075
-3.028515
1.943812
-1.295594
4.968874
2.121748
-2.007421
-0.1601258
-2.652511
0.8736302
3.432452
1.187262
0.6139889
1.287659
0.6506431
-4.120134
1.719443
1.987233
4.703922
2.08385
2.157964
-0.5225453
-4.706086
8.816436
-3.52723
2.418621
0.8687498
-0.8851002
-4.857534
1.814816
-0.8059636
2.584895
-1.422053
1.227095
-0.629899
3.111004
-2.466462
-2.966035
-1.710014
-1.010088
-6.064068
-0.4468274
2.870222
3.606577
5.314018
-5.50365
-1.827977
4.001568
2.58798
-0.9650423
-3.050723
1.373348
-1.925927
-1.553814
1.174857
-2.76121
-3.958512
4.044924
-0.4625509
0.2141162
3.016428
1.299548
-1.041199
-2.286167
2.591164
-2.614057
-3.561815
3.685661
3.286157
-3.890038
0.04892826
4.679974
3.17136
0.03416136
-1.262414
0.6918393
5.957
-2.670823
0.7872636
1.020754
-1.109497
-1.676541
3.326905
4.334181
-0.3070626
4.23481
-1.894797
4.150131
0.4825373
8.453359
-0.3712292
3.883301
-3.063257
3.374693
2.430106
0.71784
2.560615
0.3814102
2.708617
4.724206
2.670232
6.060665
1.6483
-2.846376
-0.8911785
1.886646
0.07893998
6.986703
9.178263
4.81385
3.408977
1.331505
-2.047814
-0.1542833
0.1983155
7.046238
-2.753883
-4.22927
-1.188355
1.473106
3.490317
4.624973
-4.968262
0.3400868
5.859216
8.596768
-1.549529
4.250707
-0.6756376
3.957116
4.506389
3.452737
-0.3073226
0.7564875
9.072549
8.742537
5.029015
-0.09426616
7.502027
1.413012
4.596128
2.347734
1.028413
4.962635
1.475816
4.697058
5.313864
2.053711
2.340098
6.039997
1.921225
5.002397
-3.184446
6.394289
-5.061014
3.107904
0.3776103
-1.162544
7.596413
0.361683
1.637501
9.882462
3.582228
9.80664
-0.4133535
4.210617
6.741984
0.9099194
1.728043
1.038643
2.485977
3.660868
-1.407394
-0.2247072
-1.552654
5.746797
1.688528
4.198314
5.325015
2.605363
1.208972
1.54069
-4.781585
1.892494
4.29596
5.115801
0.6852088
3.631464
2.014704
3.23472
1.905905
0.8692202
4.980912
4.028993
-1.613356
2.368887
4.627696
-0.5439548
-2.331936
4.657025
3.3851
-0.4073837
1.345313
7.215526
0.3426233
-0.9127774
-2.753919
-2.671687
4.753779
-0.1565664
4.865372
-1.774713
8.318059
-3.599817
5.476037
3.210422
6.535421
1.101486
7.023131
2.716232
0.8292393
-1.785269
6.868256
3.73097
5.715878
-1.816186
4.658834
-2.119662
-1.321373
4.6787
6.159323
1.986387
2.639989
5.95704
5.705141
6.25172
5.629068
1.073513
11.8131
14.77823
8.632711
6.89712
5.932259
7.56809
5.917339
6.118681
7.215313
2.386473
4.41434
5.519061
9.126996
-0.4356743
1.966204
2.730778
4.371845
4.963602
4.628227
0.2459709
0.02013872
3.310826
2.245874
4.406999
4.43213
-4.237768
-0.4181262
10.70185
2.86445
1.093135
7.282761
4.631754
10.76173
4.150133
6.311014
7.218783
6.496096
1.062934
5.228724
2.319194
3.826271
6.58874
9.403981
4.695158
-0.516271
13.63406
1.793886
10.5282
5.505546
8.342609
0.731443
5.747175
4.84249
0.461385
8.150385
1.660781
9.387629
1.498837
6.589745
8.181974
7.03544
6.754393
2.399703
1.58298
1.071563
5.301927
4.32251
2.943091
9.902847
4.558927
1.95096
6.071962
4.83778
8.652619
7.845894
-1.703134
11.48391
8.992972
2.615483
-0.1019305
5.801669
3.19929
2.955751
2.49594
3.360645
5.014754
3.639987
9.316325
-2.572846
10.3631
5.001083
3.33903
2.979394
8.135445
11.53946
4.521119
-0.7395889
9.181976
4.031212
6.650747
4.847092
-0.3896426
3.826315
6.228176
7.449893
4.319208
7.837634
8.524033
8.693187
3.669237
-0.9141028
7.92915
6.088516
-2.651366
-0.5640321
9.482765
4.448175
-0.3233904
0.05309732
2.392237
1.53562
2.676607
3.83591
10.76966
0.3771148
9.466576
8.741182
4.912997
6.147031
2.886298
2.855003
6.675542
1.432278
7.1369
4.209234
-0.3769709
12.81588
10.3349
5.443281
2.717404
4.884197
3.367536
4.674111
6.929282
4.363296
6.768565
4.739706
4.723199
8.385502
8.880885
8.498487
6.903401
8.063529
4.115669
1.939165
8.534097
4.38865
7.893542
5.828471
4.361334
4.702964
9.425985
2.542332
14.49393
-0.2924084
3.437718
1.300868
7.774717
8.822181
11.98028
10.95646
2.424688
7.056993
10.87919
3.223819
9.77209
9.393246
6.98742
5.248448
2.172685
3.334404
2.225125
8.830182
5.864989
0.1226443
8.425405
14.71749
3.753189
8.784629
8.360694
7.350827
12.90098
5.966689
2.347483
3.514106
7.840778
4.111998
5.807327
1.686644
11.40851
5.441876
0.1780578
11.96984
9.927058
10.52038
7.923858
5.187789
6.196682
12.41667
10.04005
14.22177
2.532239
14.57266
10.64649
8.503944
10.53218
5.777829
10.20835
9.059569
5.077478
14.62711
6.053784
3.489796
7.284259
3.327303
5.407257
8.889
6.277781
10.2296
13.3785
9.091889
10.66452
6.186854
11.35763
3.665543
7.789928
12.21871
9.263604
3.699206
8.92022
9.568924
5.497696
11.31572
2.62341
8.32887
6.982918
8.817104
10.43116
5.399432
10.13891
9.111229
8.058116
3.122865
12.39436
10.98806
3.313607
5.2609
6.534971
8.328554
2.136531
13.75211
1.697802
9.421548
2.615743
10.24836
4.338387
10.04152
6.134228
12.11868
10.07851
11.35738
5.054625
7.704492
6.287083
8.785595
6.930497
4.25724
6.30911
3.485792
11.02211
3.017703
14.81239
11.65577
6.932166
12.43809
13.8485
3.963058
6.715848
6.103838
2.684322
