14.64167
13.05001
25.09561
17.90739
19.46157
22.06331
19.34599
18.54545
15.10578
18.09462
16.45401
15.23992
17.16831
1.661916
18.36281
16.18665
18.10488
24.53484
21.62536
17.53121
16.68838
18.04899
11.85842
15.88525
0.1342381
24.39868
22.4075
1.688439
24.29519
13.56428
24.7745
16.97897
28.46448
13.55583
21.77174
17.72758
7.234704
13.70344
18.13163
13.19275
16.64399
14.4715
16.7201
15.20107
14.54894
12.02396
4.229385
5.941043
24.33766
30.44677
5.1687
15.83488
6.686944
23.61231
13.25094
9.106752
-1.524715
2.367562
6.463278
-4.561871
11.19205
-2.136451
9.517392
5.069375
14.34595
8.643427
3.225564
9.051665
4.966622
1.873597
5.75396
24.78689
10.53222
8.066933
3.71927
8.587754
11.65868
6.88849
-10.59365
0.8631982
11.89763
15.45113
-7.969919
10.70797
11.76075
0.7065454
10.21029
15.29453
-8.300509
4.340846
4.152706
13.06587
15.781
5.234249
-2.925585
14.1399
0.7107156
0.8400499
23.85588
15.29415
9.608042
4.748702
12.95625
8.612834
10.58135
-8.321436
12.83938
8.36849
-7.191492
13.81698
14.2155
7.329717
11.60565
-1.943335
9.123821
3.673288
19.08378
6.385546
18.04778
0.7164736
-9.513239
9.193523
21.33871
9.694783
6.675163
12.39374
9.760433
12.22924
2.359453
8.903061
16.63544
7.594622
25.12131
16.84903
3.831112
-10.45209
25.41607
5.728209
9.38467
1.995008
8.965325
2.832444
10.86884
13.94508
-12.23659
1.584328
-4.763302
11.73411
1.041261
-9.374307
1.759649
4.632291
2.174902
7.290476
4.559629
1.519106
2.524446
3.142891
15.71485
15.33564
13.22301
16.39673
12.11246
9.274613
19.27648
-3.205548
-0.04961263
11.72882
6.252432
7.935387
31.73219
21.17563
-4.02159
8.765252
12.43357
17.9821
6.783084
7.346071
11.09793
0.3231512
1.683736
8.573633
8.467053
4.96219
14.68294
7.214407
18.82079
15.64902
7.495204
15.02147
19.34622
9.205302
9.454596
-2.503623
14.52593
12.61283
18.19345
-2.553856
2.108522
6.562026
13.71767
-3.842944
0.7547328
14.39079
1.727721
-0.9060444
26.33376
2.697535
9.994453
2.046892
0.7220116
8.69103
0.3634415
2.324985
10.47583
11.68464
15.63783
5.372559
4.860381
15.0645
-5.58474
5.088483
3.37907
15.6118
9.128206
6.726615
16.01591
12.03627
15.14043
9.103283
3.727731
13.0935
6.933484
22.72607
5.670124
8.494645
-0.5615092
1.262593
9.079338
-0.8141364
5.168388
0.5032398
15.1914
8.343499
37.37321
16.89229
-6.805885
9.486703
16.53039
7.00622
19.59262
-0.02510113
8.659057
20.49874
5.044579
26.16659
9.622741
16.387
11.28945
13.72407
21.85029
15.4707
5.07512
13.48663
16.8533
17.82929
4.190471
10.14482
22.06663
12.91122
23.59621
20.64184
32.20718
20.15336
16.53497
12.64032
17.8288
0.7553156
11.15878
24.84842
26.63618
11.81846
20.65575
13.33624
9.782988
17.75477
16.38258
7.402279
12.72523
18.42397
26.15105
10.81259
17.47647
8.461315
15.9146
7.481313
8.597031
3.6313
15.24694
17.31896
20.24999
14.90969
17.28867
5.499196
0.6460628
17.79223
12.90674
12.89282
8.178939
10.97071
11.49566
6.025066
10.86785
11.32615
11.10905
7.058169
6.315194
9.659013
16.31144
8.624671
24.53203
17.42453
12.76623
4.561985
8.966119
19.49598
-1.881738
18.73942
11.25748
21.8697
10.17458
2.281568
14.37197
24.04309
13.14762
9.769394
9.058699
13.61005
12.34706
32.08059
8.405449
7.770859
15.58197
5.182502
13.06888
17.55635
17.38085
10.67644
18.41566
8.961392
7.558477
13.17124
15.13849
10.59706
11.51868
15.31459
14.69492
17.64294
18.49252
18.87022
18.7858
34.638
7.508499
17.15149
25.68098
5.012608
13.59505
27.38037
13.10345
26.36824
34.25569
23.24802
23.90848
11.46126
8.923767
13.30253
25.34412
18.09557
21.19993
11.11072
3.220538
24.43403
-1.67941
5.474808
14.18974
5.467746
8.468212
2.303707
16.84034
23.79426
22.86674
19.10423
27.65688
10.68352
20.89595
9.602189
6.240615
4.566526
17.52544
20.52786
28.20558
15.82996
11.65136
18.14162
17.36073
8.671356
-3.072238
27.31103
21.49369
15.25569
23.69409
18.78947
7.477503
23.22785
21.45399
10.45378
18.19831
25.89183
12.12293
10.65806
15.86722
18.00451
22.4027
10.35434
6.801511
10.21118
16.68132
18.93152
11.53201
15.57413
10.86766
25.18858
26.33818
11.23428
13.62451
5.272254
19.77086
11.66138
25.23449
2.208345
21.0949
24.28355
10.47652
18.78882
15.93966
22.96222
16.61078
1.209902
18.46437
16.6605
18.38447
21.67575
16.35995
28.00964
14.99553
16.21514
15.15464
23.36678
30.38807
19.78639
21.56184
20.65875
12.83038
10.94315
16.40042
16.0942
12.97012
16.09069
11.50796
25.4119
23.67781
31.93063
20.94019
25.06185
25.96597
15.07734
21.28067
16.25419
7.038987
19.70647
28.34425
7.957022
19.40291
26.67189
21.65424
32.54118
29.39173
16.76739
11.22985
16.30304
23.26964
20.80548
14.11088
11.31037
18.08254
20.91088
17.85449
34.06107
24.29111
30.61514
12.83338
7.889688
9.872831
35.36001
21.65568
14.79698
9.442691
9.577339
24.18679
14.75011
20.70155
26.82963
25.18441
18.01521
26.4975
21.61627
19.25418
22.10542
21.30421
12.05461
9.775345
20.0707
15.05925
18.32343
10.87528
16.11135
14.25856
17.9135
12.77884
8.837955
18.78568
27.43535
23.11836
20.8801
20.25
9.854343
20.68581
31.52231
10.22696
16.41338
26.50381
23.60368
14.64994
21.03566
27.84497
22.56858
22.37461
16.37225
15.36864
20.58006
25.75315
23.72108
11.37763
24.18369
14.71383
18.22818
18.2744
21.8496
17.70267
17.98807
22.8102
21.15296
21.69655
18.46049
28.02557
16.22543
16.13444
17.53384
28.68986
19.62259
26.017
22.30651
11.8801
23.94804
24.80914
17.66976
15.02149
12.97498
12.74568
16.38889
17.38265
22.84857
20.10555
19.03554
18.06102
22.57723
20.36478
32.3292
9.202201
11.20829
15.21978
23.901
10.35284
7.539325
26.02739
22.78511
17.76976
17.21748
27.87475
27.69737
22.0265
11.78899
21.85332
31.59966
11.0127
26.0963
12.42101
20.83272
19.49344
23.46572
16.07978
20.84174
28.85207
15.38799
23.35997
20.21342
24.17229
17.19121
14.85225
16.49896
18.39788
15.89798
17.98022
26.15793
19.63835
16.50338
27.97057
18.68547
24.68962
25.05051
15.22956
21.6336
22.25534
26.68463
20.53117
22.59869
20.71732
23.65426
27.52935
19.27561
21.75205
18.62649
28.96012
10.24941
14.14399
21.64365
21.00402
17.55539
23.32079
13.50731
22.31459
24.12631
31.44315
17.30445
29.24676
20.34988
30.88402
28.60836
11.14434
25.37555
23.68969
31.45363
32.41233
27.33054
30.91435
28.39543
33.22046
22.53926
21.57827
13.53096
23.37657
31.20462
33.15821
21.25672
21.27274
22.451
18.0576
23.7905
29.85685
23.02604
35.98038
10.99087
29.85912
20.15151
13.74651
33.19007
18.83526
13.80624
42.46818
17.63499
27.94627
20.00922
33.04075
27.70276
23.69201
19.74213
17.52842
20.39031
25.15866
24.14873
15.21687
21.37889
28.28377
20.52924
29.91266
25.45885
24.00332
14.85267
24.98251
20.90496
26.36104
21.79564
33.14616
18.08523
25.93798
25.04475
22.20265
36.88286
15.77355
19.20477
24.30345
23.57679
27.64885
28.99615
13.28119
29.91899
12.97037
35.78468
26.70445
25.24566
35.72686
29.68721
14.87831
19.92647
7.759215
26.61507
20.81298
27.07624
9.266045
30.00763
22.822
31.80118
18.05385
25.81364
27.13787
23.82233
23.52676
17.86173
22.26235
28.35183
30.89014
39.35166
14.58124
16.50156
19.76092
11.53954
28.964
32.66294
23.94006
27.70944
25.88516
12.87382
26.87885
18.0623
20.14305
29.97838
38.43682
30.02295
26.20826
31.09177
33.99023
25.46345
34.86277
42.79575
26.96152
31.10428
17.30434
33.68227
8.853482
29.34806
21.66619
37.54843
33.2857
32.40462
16.35046
17.93957
18.82864
21.47167
26.65113
27.23487
26.82953
25.66882
31.95872
23.3921
14.42639
36.39286
33.18361
41.77425
28.66007
14.37635
27.60308
35.06609
28.22947
28.17271
23.59065
17.33776
32.79053
38.89552
25.25312
27.03899
34.35315
14.35467
33.4571
13.73223
23.89358
26.29849
24.23397
23.14089
18.69806
17.65451
27.20792
33.41451
18.61667
33.57805
20.15343
17.80569
25.50327
22.31265
22.13693
17.77609
29.10785
22.14918
25.97092
31.32316
27.60441
21.40835
31.70688
26.74932
28.55048
25.70351
18.62254
31.58783
24.62222
19.67442
23.1758
45.05465
21.40931
18.52824
22.63457
25.22903
29.98654
19.408
23.24235
13.39717
30.65056
36.03563
23.70389
29.50982
36.0586
29.4645
20.7877
25.68723
28.43251
36.16385
37.89858
24.26437
27.62977
32.54739
36.74292
21.29256
21.33798
26.46132
27.99272
31.27241
20.74219
23.0078
22.57788
23.50133
19.94348
22.13504
40.40229
32.06405
10.77558
9.061409
19.02351
21.49188
21.29507
19.5451
22.07279
23.21063
40.07309
27.36274
32.81219
23.77145
18.80829
28.83121
25.07078
24.98267
36.94169
29.5205
26.23584
41.86738
32.38191
29.67303
25.21336
26.56228
20.8859
22.59346
35.06213
16.17657
26.55297
21.28204
23.22713
25.89284
31.44567
22.61541
27.19139
31.71116
26.50833
27.40092
41.75265
25.21826
23.0814
43.31476
18.03894
38.849
24.52709
17.293
37.20137
28.47114
35.20837
30.5502
32.27043
29.62965
37.66156
27.88897
6.192319
25.55061
43.51417
22.95615
28.99915
34.71023
25.26407
28.32494
14.90075
35.18813
18.03198
33.24705
31.33483
20.57973
28.80432
48.64069
21.68983
18.94549
34.00577
23.25232
42.23654
27.11248
33.77527
28.31314
23.25191
30.20468
22.22794
33.48567
42.12517
31.64809
17.54056
33.29534
36.69578
34.48723
44.221
30.06262
33.6799
40.67204
22.235
35.6491
24.68667
38.74564
32.56752
23.70816
30.92998
47.70074
29.05864
32.95384
21.86804
41.53029
39.48367
29.33924
21.81076
31.29405
29.55815
41.05068
26.6682
28.46526
36.71186
28.35306
31.21838
36.20986
42.42102
40.21533
17.11276
30.55536
21.99283
33.02101
34.69755
27.4548
34.85866
28.94493
24.8155
24.51834
43.82513
36.53297
27.855
29.21556
38.85158
33.91594
31.90625
40.85449
39.52157
41.60925
32.90237
35.73234
31.61162
28.84118
30.65791
38.16941
26.46698
26.49658
29.26291
40.10301
32.35123
35.85499
34.89316
35.20278
31.38449
43.28628
31.70626
35.49689
22.32271
39.47843
46.40568
15.78931
32.20725
34.59175
32.22495
23.79594
32.82073
43.05843
34.81679
35.4021
40.4142
30.61615
26.98466
31.04911
26.38914
