7.332063
1.3966399999999997
9.60623
-1.1708600000000011
3.849849999999998
8.53011
2.931709999999999
6.647819999999999
2.9392999999999994
-2.8044600000000024
-2.7517500000000013
-2.0087300000000017
3.208660000000002
-12.777384
3.2514399999999988
2.5928500000000003
0.23543000000000092
5.982979999999998
3.2269299999999994
7.808967000000001
1.4235499999999988
3.9231099999999994
-0.006439999999999557
0.6896299999999993
-11.623631900000001
12.953429999999999
9.975159999999999
-5.013842
8.432310000000001
2.66254
9.49709
2.4515700000000002
16.13358
1.2345699999999997
9.319320000000001
6.00216
1.7440889999999998
6.028321000000001
6.161990000000001
4.504536
1.8688499999999983
5.189325
4.6703199999999985
3.178419999999999
1.4973100000000006
1.6488000000000014
-8.968685
-1.5502320000000003
8.34222
14.228920000000002
-4.611493
1.08765
-5.249445999999999
5.798570000000002
3.9222479999999997
-3.385928
-16.488475
-10.795888
-3.6427620000000003
-12.892471
-6.2375799999999995
-15.023430999999999
-5.960898
-9.931905
3.2934199999999993
-4.5094829999999995
-10.343236
-8.349285000000002
-12.727898
-9.961253
-8.99991
8.771809999999999
-5.30603
-2.5296369999999992
-11.975670000000001
-5.942565999999999
-1.6534199999999988
-6.370729999999999
-24.19996
-11.0212918
-7.479479999999999
-3.5495300000000007
-15.495224
-0.7619500000000006
-4.582600000000001
-13.1966546
-7.4380099999999985
-0.2302199999999992
-15.053421
-5.175456
-7.432504
-5.303660000000001
0.16050000000000075
-8.734021
-21.432575
0.6110400000000009
-10.440294399999999
-9.1657201
4.06034
1.5090000000000003
-7.136177999999999
-11.223968000000001
0.990120000000001
-6.457946
-3.4931599999999996
-20.567666000000003
-0.02582999999999913
-8.357830000000002
-17.939972
-3.4050300000000018
2.5807599999999997
-9.147283000000002
-7.90812
-15.034505
-6.233199000000001
-10.586602000000001
8.28353
-4.897264
3.8440700000000003
-13.7507064
-13.018180000000001
-8.822317
3.87538
-7.158067000000001
-8.371656999999999
0.06666999999999845
-5.4149069999999995
-1.1154899999999994
-16.491017000000003
-7.267079000000001
4.249219999999999
-2.444667999999999
1.09469
2.258849999999999
-11.046728000000002
-16.106105
9.91492
-7.920581
-6.60084
-11.304642
-7.876874999999998
-8.503485999999999
-2.460329999999999
-5.501950000000001
-19.911002
-13.333942
-18.795972
-7.006359999999999
-11.550099
-21.613187
-12.992911000000001
-9.659309
-7.071648
-4.148084000000001
-15.826860999999997
-10.897143999999999
-7.2350579999999995
-11.443519
5.877056
1.6055499999999991
-5.55448
2.0835800000000013
-8.61398
-2.5563070000000003
1.636140000000001
-13.504198
-9.00686863
-2.2827599999999997
-9.805778
-4.409212999999999
10.36288
1.936790000000002
-10.171551000000001
-0.6980589999999989
2.610213999999999
-2.19876
-2.828679
-2.6708990000000004
-7.110809999999999
-9.0790668
-10.685814
-5.765317000000001
-6.966467
-10.681000000000001
-4.648259999999999
-4.699683
9.116703
-3.1944899999999983
-8.675646
-2.0818699999999986
7.654219999999999
-0.7155880000000003
-11.877694
-8.730533000000001
-1.7029200000000007
1.0030900000000003
5.103309999999999
-10.845032999999999
-14.529067999999999
-9.239304
-1.9600100000000005
-17.401504
-9.7520372
2.001190000000001
-7.428634
-12.781124400000001
10.656970000000001
-8.909635
-6.700697000000002
-8.924448
-7.8500724
-5.3551400000000005
-12.757918499999999
-7.818075
-3.3765
-0.4401200000000003
-3.1479300000000006
-8.780940999999999
-14.206389000000001
-0.41608999999999874
-21.50598
-12.530147
-14.083809999999998
3.76563
-3.4728839999999987
-10.534095
0.4893400000000021
-5.92226
-1.7162400000000009
-5.476737
-9.837249
-5.035569999999998
2.048515
5.897539999999999
-7.888595999999999
-4.360894999999999
-14.9577492
-13.435046999999999
-5.2014320000000005
-13.968876400000001
-10.036672
-10.5349202
-1.0476299999999998
-6.698351000000001
20.08727
3.068109999999999
-19.430475
-6.770456999999999
5.27125
-8.141850000000002
3.4839599999999997
-10.49747113
-8.699362999999998
3.667270000000002
-9.245951000000002
8.2257
-7.135699000000001
-3.4197500000000005
0.3756199999999996
-4.5540199999999995
4.47364
1.1312800000000003
-6.275980000000001
-3.0782100000000003
-3.524519999999999
-2.455770000000001
-12.205899000000002
-6.060310000000001
1.9976699999999994
-3.2653999999999996
5.7180800000000005
2.038999999999998
12.12329
2.005399999999998
-5.521619999999999
-8.39969
-2.9502099999999984
-10.694094400000001
-3.47166
5.564250000000001
6.465250000000001
-1.960890000000001
0.2903500000000001
-8.59489
-3.8444520000000004
-2.150500000000001
-3.8369
-9.638361
-5.99447
5.574020000000001
5.197660000000003
-3.5749999999999993
0.8728699999999989
-2.6850749999999994
-1.157309999999999
-8.779406999999999
-2.506889000000001
-12.373750000000001
-3.61275
-2.9993899999999982
-5.23771
-0.8304100000000005
-1.852129999999999
-7.653844
-16.0720972
-1.5403899999999986
-3.11928
-4.574480000000001
-10.540790999999999
-7.12041
-6.7079699999999995
-7.412453999999999
-0.7380999999999993
-8.64749
-9.16489
-5.778811
-13.352706
-4.409267
2.2223100000000002
-4.625599000000001
2.777449999999998
2.620370000000001
-2.6432400000000005
-9.097735
-9.331801
0.8018000000000001
-18.095868
2.9783599999999986
-4.742800000000001
0.18437000000000126
-5.680729999999999
-10.038952
2.2062299999999997
6.705030000000001
-1.07404
-3.593446
-8.152110999999998
-3.304779999999999
-4.498119999999998
8.98404
-9.974021
-4.215371000000001
-3.1107700000000005
-12.565418000000001
-9.39544
-0.9392900000000033
3.621109999999998
-1.7257499999999997
-6.230730000000001
-6.7222480000000004
-5.934753000000001
1.5974999999999984
-3.01881
-2.932409999999999
-6.916550000000001
-0.5979899999999994
-3.67877
2.178379999999999
-1.9618000000000002
-3.035630000000001
3.518489999999998
13.789759999999998
-7.234651
-2.3845100000000023
8.150570000000002
-13.746742000000001
-2.2762899999999995
4.118289999999998
-7.094959999999999
3.2323699999999995
15.60558
5.639700000000001
8.51383
-4.04138
-1.2520430000000005
-2.770129999999998
3.3032199999999996
-1.753420000000002
-1.4492100000000008
-3.0816299999999988
-10.280162
7.352869999999999
-19.364720000000002
-8.818801999999998
-3.3507099999999994
-12.112404
-5.477218000000001
-11.174633
-5.653089999999999
9.99201
6.26182
0.6212800000000023
10.92567
-8.24826
0.6722199999999994
-13.393921000000002
-7.917574999999999
-12.843644000000001
2.368639999999999
6.96368
8.508600000000001
-1.6733800000000016
-3.5606899999999992
-1.7039700000000018
-2.1210099999999983
-6.861464
-21.273678
4.83324
2.7186200000000014
-3.7098899999999997
3.2354999999999983
-5.3439099999999975
-8.890147000000002
3.9845700000000015
7.098080000000001
-5.16222
2.2943
8.286299999999997
-0.2551799999999993
-2.8020699999999987
-1.489810000000002
-0.3256300000000003
2.515180000000001
-3.245519999999999
-15.806999
-5.90019
1.145809999999999
-5.907910000000001
-3.945070000000001
-1.6895600000000002
-2.727359999999999
-0.9101299999999988
3.7990899999999996
1.8968729999999994
-4.7266999999999975
-9.844016
1.92699
-6.484679999999999
7.534480000000002
-12.137785000000001
5.25672
4.522130000000001
-11.72851
3.927950000000001
2.5679499999999997
6.415509999999998
-1.4645100000000006
-9.964918
-1.4417500000000025
-0.658100000000001
-1.83549
1.4175600000000017
-2.993269999999999
8.678
0.18542000000000058
1.5110400000000013
-9.33174
2.8345199999999977
3.3623899999999978
2.541640000000001
4.098690000000001
0.4008400000000023
-5.669960000000001
-6.866880000000002
-4.534109999999998
-4.315369999999998
-3.2262900000000005
-1.2465800000000016
-3.62453
7.0969799999999985
7.1419999999999995
10.721140000000002
7.880140000000001
10.1983
3.4285499999999978
-3.0364299999999993
0.3797700000000006
-3.431919999999998
-4.068213000000001
2.1822599999999994
8.809279999999998
-3.6409979999999997
0.6843299999999992
8.61334
0.28049000000000035
13.594289999999997
11.12745
-0.06481000000000137
-5.7155000000000005
-3.391870000000001
3.746959999999998
3.424240000000001
-3.7497500000000006
-5.10956
-0.247049999999998
1.8072799999999987
-1.427430000000001
7.354240000000001
2.7786599999999986
12.85922
-4.990070000000001
-9.815702000000002
-3.171989
12.040220000000001
6.1327300000000005
-4.7153800000000015
-8.224159
-6.842571000000001
4.746139999999997
-2.75647
0.8434300000000015
3.5408100000000005
12.06678
3.2198700000000002
5.669179999999997
4.425740000000001
-2.4136399999999973
1.5451499999999996
4.491200000000003
-5.023160000000001
-6.922085000000001
4.621779999999999
1.0279300000000013
-1.8410500000000027
-5.322869999999998
1.5050100000000022
-4.114930000000001
4.94971
-7.797980000000001
-7.195874999999999
1.7321999999999989
9.72121
6.200340000000001
-2.65644
-1.4686899999999987
-4.007757
2.96424
9.61009
-3.49639
0.25823000000000107
5.139660000000003
-0.17586000000000013
-2.093029999999999
2.32282
9.832650000000001
6.1069700000000005
9.83125
-3.02121
-0.0541500000000017
-0.6685000000000016
2.632450000000002
0.6805100000000017
-6.98208
3.0656099999999995
-1.2406000000000006
2.1091799999999985
3.5116899999999998
2.0552399999999977
1.1075300000000006
-1.1826599999999985
6.886849999999999
2.794419999999999
6.957259999999998
-0.9454199999999986
1.870669999999997
-1.7936300000000003
0.7025500000000022
-4.7489799999999995
5.416439999999998
-1.497880000000002
5.851790000000001
3.9366699999999994
-7.301599999999999
-3.26717
2.54176
0.3652699999999989
-7.30838
-3.2727699999999995
-8.51547
-1.42267
-3.552299999999999
8.439619999999998
-2.1682699999999997
-2.8167100000000005
5.8481999999999985
1.7627799999999993
2.53369
6.225239999999999
-12.309358999999999
-6.759320000000001
-7.665600000000001
5.390499999999999
-2.147549999999999
-14.670345
7.504809999999999
8.39207
-8.26239
-6.045620000000003
8.74664
4.769410000000001
4.535439999999998
-6.88059
4.3931000000000004
8.798079999999999
-4.656789999999999
6.79881
-0.5857799999999997
-3.6642200000000003
-1.7088199999999993
5.671749999999999
4.72381
-1.7547800000000002
8.556000000000001
-3.29472
2.778079999999999
-4.527470000000001
6.1121300000000005
0.9357100000000003
0.17515999999999998
-11.605599999999999
-0.08985999999999805
-2.4870899999999985
-3.0857600000000005
7.78209
0.7031199999999984
-0.6265999999999998
10.672449999999998
-0.9651899999999998
7.022880000000001
9.19018
-8.46444
-0.4210199999999986
3.1681799999999996
5.263649999999998
3.472719999999999
6.298480000000001
4.4357299999999995
2.5921400000000006
6.33896
-1.125630000000001
0.5401100000000021
2.314420000000002
6.2560199999999995
-6.423209999999999
-5.922579999999998
-0.3893899999999988
-0.9218499999999992
1.8718899999999987
3.2847599999999986
-5.802520000000001
3.1960099999999976
4.2041900000000005
12.019019999999998
4.639809999999999
6.848129999999998
-2.7717799999999997
11.056329999999999
9.629280000000001
-7.753299999999999
1.0296500000000002
1.0608599999999981
10.84208
12.691749999999995
5.589389999999998
4.44866
3.9976599999999998
12.524490000000004
7.969589999999998
-2.2699500000000015
-6.695869999999999
5.784580000000002
11.715889999999998
13.802689999999998
7.655750000000001
-0.13996000000000208
-1.5011399999999995
7.742420000000001
-0.4234999999999971
9.448680000000003
2.84741
11.649909999999998
-9.20555
11.215610000000002
0.4600699999999982
-5.135099999999998
9.39304
-2.7523599999999995
-1.8882199999999987
19.848809999999997
-3.022590000000001
5.815679999999997
-4.065730000000002
12.601670000000002
8.14048
4.301919999999999
1.53444
-3.508969999999998
1.5839600000000011
6.38579
0.7383200000000016
-4.160609999999998
2.2547599999999974
10.18461
-2.3873599999999975
11.36169
4.354030000000002
1.7389200000000002
-5.327310000000001
1.9469400000000014
0.5232799999999997
4.65259
-4.480350000000001
13.75908
-3.3585400000000014
3.5258900000000004
2.119600000000002
3.661119999999997
10.41414
-1.4194500000000012
-4.328189999999999
0.25522000000000133
0.8380599999999987
5.902739999999998
7.995329999999999
-9.274689999999998
1.0760900000000007
-3.5988099999999985
15.33717
3.3133300000000006
1.5169500000000014
23.727610000000002
6.9956
-6.2667899999999985
-4.8298900000000025
-9.411974999999998
3.152339999999999
2.469940000000001
9.39555
-10.588265000000002
7.292009999999998
-0.04917000000000016
6.255649999999999
2.2046100000000006
4.430869999999999
8.099540000000001
-0.37024999999999864
1.61008
-5.039659999999998
4.729120000000002
10.45703
8.7107
17.387130000000003
-4.126960000000002
-4.378719999999998
-9.235490000000002
-12.874229999999999
5.27732
6.28539
2.275639999999999
7.562250000000002
7.865929999999999
-5.583689999999999
3.4834700000000005
4.57685
-7.5947
3.970860000000002
15.243229999999997
8.66074
8.1222
7.76351
13.711639999999996
3.7310700000000026
12.763069999999999
11.854669999999999
5.88261
4.80697
-4.972799999999999
12.781860000000002
-11.962518
2.2175200000000004
0.6705000000000005
13.401530000000005
7.924429999999997
12.17604
-7.491039999999998
-7.8690999999999995
-3.1224500000000006
-2.7830499999999994
4.55997
9.049800000000001
2.308299999999999
4.49512
16.66217
4.146149999999999
-5.359610000000002
11.192789999999999
8.68599
18.946970000000004
2.7908800000000014
-5.004430000000001
2.0232899999999994
9.432450000000003
3.3237999999999985
-0.4690700000000021
2.832329999999999
1.1901899999999976
11.734009999999998
16.04029
1.1739399999999982
3.070909999999998
14.301120000000001
-1.2990700000000004
11.863089999999996
-4.269779999999999
1.9958400000000012
3.3478400000000015
-1.9853799999999993
0.10464999999999947
-4.911459999999998
-1.2206500000000027
3.39959
14.91245
-4.005800000000001
5.546259999999997
5.44749
6.040329999999999
7.053900000000002
-1.103939999999998
-0.030180000000001428
-1.9926999999999992
5.287309999999998
-1.3786099999999983
3.623809999999999
12.63363
3.7516
0.2734999999999985
8.119690000000002
2.51483
3.8784600000000005
7.791830000000001
-7.37219
6.414819999999999
7.47804
-2.937929999999998
-1.2257200000000026
11.155570000000004
0.2855900000000027
-0.7069399999999995
0.2767799999999987
-0.21152999999999977
6.22193
-2.7071799999999975
6.087129999999998
-1.9719500000000014
6.58325
8.908179999999998
1.8292099999999998
4.81794
9.103489999999997
12.970220000000001
0.6871200000000002
0.11007999999999996
3.784230000000001
6.515089999999997
12.936720000000001
5.12182
4.1507000000000005
8.14931
12.970199999999998
-1.5056999999999974
-2.81213
0.46043000000000234
7.207369999999997
10.852980000000002
-0.10610999999999748
-0.8551900000000003
1.326039999999999
3.25282
-1.2885600000000004
-5.733550000000001
17.85418
10.746780000000001
-14.4335
-4.752081
-7.059799999999999
-1.9618000000000002
1.9131199999999993
-3.023539999999997
-4.344089999999998
-0.48894000000000304
12.559149999999999
4.84413
12.39294
-1.540849999999999
0.06868000000000052
7.427049999999998
7.173189999999998
0.42739999999999867
9.194310000000002
7.104329999999997
-0.6026300000000013
21.556859999999997
10.165609999999997
6.112670000000001
3.953520000000001
7.97541
1.7427399999999977
-5.48582
12.003300000000003
-4.081299999999999
2.117639999999998
-0.7341200000000008
2.8220899999999993
4.722909999999999
8.523789999999998
3.255510000000001
-1.1192300000000017
12.59574
4.520240000000001
6.622809999999998
17.74395
3.2602399999999996
0.7628899999999987
12.116769999999999
1.01145
13.862659999999998
4.519390000000001
-3.1729400000000005
13.136129999999998
3.5287799999999976
10.00223
3.1821699999999993
11.340409999999999
9.803740000000001
13.404320000000002
8.916789999999999
-8.107471
2.9751999999999974
14.673940000000002
2.9497800000000005
9.91303
14.033760000000004
5.464480000000002
0.12821000000000282
-6.362709999999998
14.124470000000002
-4.174720000000001
10.48563
11.528569999999998
-0.9501899999999992
5.89113
27.32068
-1.0443099999999994
1.4776999999999987
11.006449999999997
-0.20289000000000001
14.212419999999998
0.9591900000000031
6.603059999999999
3.3505199999999995
1.7491599999999998
6.29195
-1.35398
8.19268
16.505739999999996
3.688579999999998
-6.44867
14.061450000000004
9.750159999999997
12.891279999999998
14.288799999999995
5.2017099999999985
6.982370000000003
17.476640000000003
2.425629999999998
15.680049999999998
-2.62219
17.37918
9.878150000000002
-1.2193299999999994
4.502890000000001
15.873210000000004
6.228570000000001
8.08116
-4.689969999999999
20.33203
14.392379999999996
4.5958000000000006
0.2650699999999979
9.048109999999998
3.9098700000000015
14.00731
3.4907199999999996
-0.18475000000000108
15.105510000000002
4.848769999999998
7.836369999999999
8.04319
12.65803
13.41057
-1.824819999999999
8.37574
-5.235129999999998
4.720159999999996
10.939419999999998
4.930049999999998
6.784230000000001
6.465260000000001
0.7738399999999999
3.6583999999999968
16.228820000000002
6.5930800000000005
5.077480000000001
3.649139999999999
18.341849999999997
12.229769999999998
7.469840000000001
12.44428
14.005399999999998
13.116880000000002
8.533139999999996
10.820969999999999
4.972899999999999
7.056450000000002
3.5576100000000004
12.566759999999999
1.7606900000000003
1.9373000000000005
-0.26020999999999717
18.207309999999996
2.2106700000000004
18.16798
8.05527
12.315899999999996
10.681000000000001
17.485339999999997
5.33812
6.414069999999999
-2.47588
12.753100000000003
18.005069999999996
-8.55836
2.0241200000000035
9.392189999999996
8.167860000000001
-0.2140299999999975
9.067089999999997
17.83577
3.4009899999999966
13.023559999999996
14.984570000000001
2.1285500000000006
8.75524
7.91554
1.263300000000001
