49
85
106
136
152
174
218
347
361
367
378
392
405
422
444
462
499
511
517
537
555
568
582
614
637
654
665
685
745
748
750
790
791
797
813
822
834
836
840
842
848
856
876
944
946
950
957
984
1014
1019
1036
1059
1082
1083
1099
1132
1145
1150
1157
1162
1182
1213
1249
1256
1272
1290
1295
1302
1346
1371
1394
1419
1431
1458
1471
1488
1496
1519
1529
1540
1544
1566
1589
1615
1626
1628
1665
1672
1680
1703
1704
1714
1762
1776
1777
1818
1829
1843
1850
1853
1877
1897
1970
1981
1997
2000
2082
2098
2100
2107
2137
2143
2145
2164
2222
2228
2293
2297
2328
2329
2335
2336
2380
2403
2452
2460
2461
2480
2564
2587
2599
2660
2669
2673
2679
2685
2689
2693
2698
2705
2714
2731
2845
2902
2910
2921
2975
2991
2992
3005
3014
3047
3052
3092
3096
3107
3170
3198
3202
3205
3229
3236
3261
3265
3268
3273
3275
3293
3312
3334
3354
3391
3406
3432
3505
3522
3528
3565
3589
3613
3636
3659
3678
3698
3706
3721
3731
3746
3751
3775
3776
3809
3815
3819
3879
3880
3889
3907
3931
3940
3994
4000
4035
4047
4052
4072
4091
4101
4166
4171
4175
4179
4196
4218
4226
4232
4248
4264
4274
4284
4289
4297
4313
4332
4369
4371
4374
4381
4435
4437
4444
4450
4472
4484
4499
4522
4528
4530
4538
4544
4546
4610
4660
4688
4784
4806
4811
4885
4904
4967
4975
5038
5045
5063
5095
5105
5113
5140
5168
5169
5188
5227
5239
5251
5284
5311
5313
5317
5324
5360
5364
5418
5434
5441
5490
5498
5515
5570
5589
5622
5626
5643
5662
5683
5697
5706
5736
5752
5760
5764
5774
5779
5795
5835
5955
5979
5984
5992
5994
6022
6068
6105
6156
6176
6177
6210
6225
6231
6237
6286
6301
6319
6328
6393
6400
6407
6475
6499
6501
6503
6519
6575
6578
6596
6600
6601
6638
6646
6656
6688
6723
6737
6759
6767
6777
6799
6812
6832
6833
6840
6857
6871
6893
6901
6907
6926
6936
6947
6966
6979
7031
7042
7052
7080
7098
7104
7125
7172
7208
7228
7249
7251
7272
7291
7307
7310
7321
7322
7346
7360
7365
7389
7411
7522
7540
7552
7668
7670
7672
7675
7679
7689
7692
7713
7749
7758
7764
7768
7781
7792
7842
7864
7879
7891
7901
7906
7917
7953
7988
8041
8045
8070
8086
8100
8111
8135
8137
8175
8193
8196
8215
8227
8232
8242
8250
8269
8279
8289
8314
8373
8443
8446
8450
8465
8471
8484
8495
8507
8523
8525
8532
8550
8591
8638
8684
8747
8754
8759
8766
8772
8790
8819
8828
8841
8872
8873
8900
8920
8927
8952
8989
9000
9002
9050
9058
9138
9168
9174
9182
9202
9227
9228
9234
9248
9264
9276
9292
9328
9342
9353
9365
9373
9381
9394
9430
9452
9500
9502
9509
9619
9625
9628
9652
9661
9691
9709
9751
9763
9790
9800
9821
9860
9871
9876
9894
9921
9957
9975
10018
10074
10094
10121
10132
10158
10165
10173
10191
10195
10221
10244
10264
10273
10325
10340
10378
10387
10412
10429
10443
10453
10455
10465
10473
10498
10502
10518
10537
10547
10551
10562
10564
10580
10583
10591
10595
10633
10634
10640
10650
10710
10752
10760
10776
10805
10822
10828
10934
10943
10946
10958
10976
11055
11067
11069
11081
11110
11111
11138
11146
11174
11187
11209
11218
11224
11227
11266
11310
11315
11329
11334
11356
11421
11424
11450
11452
11455
11458
11489
11516
11534
11539
11548
11551
11597
11658
11672
11698
11721
11776
11795
11797
11807
11813
11815
11846
11859
11881
11903
11910
11919
11940
11947
11961
11975
12017
12022
12030
12040
12050
12079
12087
12088
12119
12140
12142
12146
12211
12230
12238
12240
12296
12310
12376
12398
12422
12428
12438
12453
12478
12481
12486
12520
12533
12534
12537
12655
12678
12698
12701
12707
12713
12728
12731
12749
12753
12764
12766
12784
12905
12930
12943
13047
13050
13065
13073
13111
13131
13134
13166
13183
13214
13223
13260
13279
13291
13336
13349
13353
13423
13429
13448
13460
13467
13485
13493
13501
13513
13520
13528
13552
13553
13569
13581
13589
13604
13605
13607
13659
13679
13682
13686
13702
13724
13740
13760
13774
13791
13805
13844
13938
13954
13982
14000
14004
14008
14017
14023
14056
14066
14077
14096
14123
14176
14209
14214
14225
14272
14286
14305
14315
14343
14345
14346
14361
14380
14403
14475
14484
14519
14561
14583
14594
14625
14632
14638
14651
14652
14661
14662
14686
14698
14722
14780
14816
14881
14905
14912
14920
14959
14967
14983
15033
15044
15075
15093
15127
15161
15180
15197
15220
15276
15296
15300
15336
15340
15433
15448
15454
15478
15492
15498
15528
15611
15654
15662
15672
15676
15679
15687
15691
15724
15733
15745
15779
15783
15791
15804
15819
15837
15870
15876
15912
15918
15931
15954
15955
15962
15963
15969
15981
16009
16023
16026
16028
16032
16078
16083
16089
16095
16143
16144
16152
16171
16181
16203
16230
16283
16284
16338
16347
16348
16405
16454
16455
16469
16505
16512
16524
16533
16576
16601
16608
16630
16637
16640
16687
16782
16783
16788
16801
16810
16822
16829
16830
16846
16852
16865
16881
16892
16999
17001
17008
17011
17015
17056
17104
17107
17134
17141
17145
17161
17166
17191
17202
17206
17238
17248
17269
17307
17332
17357
17381
17389
17392
17397
17429
17450
17477
17492
17520
17522
17643
17665
17672
17679
17696
17729
17769
17770
17815
17816
17817
17837
17840
17846
17853
17888
17890
17923
17986
18007
18063
18083
18101
18129
18133
18148
18172
18179
18192
18202
18222
18254
18315
18321
18339
18349
18368
18374
18387
18391
18410
18420
18423
18426
18455
18459
18470
18476
18480
18539
18575
18586
18587
18610
18655
18659
18672
18738
18742
18790
18801
18829
18865
18880
18917
18924
18948
18965
18990
19002
19038
19064
19068
19079
19108
19125
19156
19199
19200
19209
19218
19225
19291
19309
19318
19321
19325
19343
19346
19368
19390
19393
19410
19422
19431
19440
19513
19534
19561
19565
19566
19572
19582
19588
19600
19631
19637
19656
19694
19740
19748
19770
19803
19844
19852
19874
19876
19886
19920
19931
19946
19954
19989
20020
20038
20042
20078
20093
20100
20148
20193
20211
20212
20233
20238
20241
20262
20283
20338
20415
20420
20444
20450
20455
20471
20496
20517
20535
20538
20567
20595
20617
20695
20730
20737
20765
20768
20782
20798
20835
20852
20862
20865
20900
20907
20920
20937
21008
21011
21040
21052
21066
21082
21095
