11.67874
24.37903
14.89387
22.11772
15.23525
21.82139
25.57845
20.13644
10.82903
13.61072
16.08502
24.5777
18.0176
23.50193
19.31062
19.84713
17.89414
21.81329
14.87643
21.91754
15.06772
16.18113
27.89351
20.88393
14.60228
21.8714
24.21081
15.1754
6.397633
18.05895
9.326147
19.37191
27.65505
22.03079
25.12845
11.88123
16.26835
16.24686
15.32035
17.35593
19.3443
17.65562
16.54491
15.44921
11.91708
20.1878
35.84885
12.49346
12.75314
16.30565
17.2632
19.037
16.65674
19.33673
19.37255
13.08892
7.387462
4.192215
9.211716
7.545888
0.3641264
8.735962
5.04946
-0.4462819
0.2033655
3.840842
9.449193
12.51714
10.21138
4.649451
13.3391
15.15179
-4.065575
11.91443
0.18182
11.32217
7.257399
7.777647
11.64672
11.80202
0.8658732
11.2479
7.757548
13.55749
4.868783
-3.856112
5.240966
-0.7379271
5.666467
0.4471444
10.72022
1.350896
2.738962
13.03809
7.607179
9.801232
7.898238
11.72653
6.524055
13.23611
-1.568262
17.62335
7.470413
-0.3213738
4.693719
0.1958579
10.63311
11.67466
2.359347
9.529366
4.987346
12.42104
10.18247
11.87513
11.7406
1.987238
13.32283
-2.634198
4.480438
3.451019
-4.11298
2.04181
16.95489
10.50125
2.815893
8.040394
3.126581
-1.34678
0.4077088
18.82477
7.068432
16.20094
9.047038
3.871304
18.77636
4.864098
8.059155
6.632146
9.842386
4.394148
3.024682
6.806166
9.429244
7.729328
7.684801
1.497882
-1.143275
3.430863
2.140792
9.412054
4.602188
4.133305
-4.745328
4.936944
10.46663
15.0964
13.1524
8.571983
2.191566
8.921681
8.334743
10.85452
8.962071
10.15553
13.7459
10.12588
12.94016
3.80096
7.659936
9.085085
9.214592
13.03852
5.880045
7.012345
10.67267
6.519622
5.161323
10.56273
11.2395
20.67414
7.965384
9.07628
5.593177
15.0862
10.17737
10.06602
7.798692
6.136476
8.063404
4.78779
3.243595
8.522248
6.402732
8.501338
12.79763
4.854343
13.81839
-1.994583
11.76044
5.996062
4.534122
3.690145
11.92652
8.310271
4.019903
8.031393
14.66975
1.592967
5.457433
5.82295
14.82819
-0.8155737
15.15296
8.825815
8.940913
6.868424
7.282798
14.05973
10.71855
15.11875
13.04121
11.58862
9.882606
9.19965
6.178586
8.72611
7.031355
10.31742
12.19814
12.49988
-1.618949
5.474378
9.225807
15.08144
5.582939
14.43712
5.376411
8.426846
9.737185
8.098042
13.17218
9.357604
10.29896
6.084564
12.51397
10.90903
5.783214
13.12759
8.480493
4.108989
9.847289
5.753652
10.96062
9.534273
8.774462
11.82284
8.82211
9.947769
10.97668
17.16641
6.259188
0.4341048
9.755236
12.6358
13.5245
10.96071
12.9822
18.18497
8.044746
19.4145
13.6301
11.92939
12.01716
13.88406
22.83509
14.67374
13.55352
9.794225
11.71511
13.4824
14.60722
22.80769
11.91028
18.81175
18.07681
16.05938
16.54252
16.6936
21.38285
20.27077
9.319087
19.43908
20.12293
10.80164
12.54926
23.49705
9.97878
10.81512
5.934172
10.7742
14.69299
13.21258
9.227678
10.7104
15.28263
18.61363
9.85874
10.58955
5.678718
5.782062
18.16086
12.46506
6.144012
12.94899
21.23068
18.4638
6.533142
7.819636
12.84179
9.573829
12.10121
8.577978
10.51733
7.949338
8.845855
7.222334
11.33476
4.40099
14.84511
8.459735
13.04419
11.91987
12.557
16.81862
13.68022
22.3341
12.80498
7.898512
13.10898
10.92441
14.65984
12.4818
14.72388
9.047998
11.73005
12.92856
18.07761
17.84756
16.51298
17.60715
10.65356
12.02859
16.30476
9.875022
17.53444
16.57899
20.85172
11.31989
16.47218
20.97101
17.84149
14.14681
13.17417
3.672995
13.52643
22.55715
26.97171
19.59179
18.95737
11.59046
13.5197
10.35039
18.11944
9.753074
17.84112
23.02581
19.37212
25.23292
14.97376
8.549514
15.68315
22.18351
15.01575
17.18766
9.840796
9.618924
7.797917
13.3361
14.28674
3.580834
15.90993
12.85355
18.46041
14.23697
8.872956
5.292385
16.72216
15.03472
14.95725
22.72599
6.37023
7.564073
23.34139
18.58227
21.79812
14.73329
7.400547
9.951316
10.84252
13.72621
15.44373
11.59738
16.13739
22.50745
13.52819
14.55827
15.85917
20.47144
15.86064
7.886921
20.16672
9.936822
19.89046
8.379713
27.47076
11.79023
13.79836
18.15578
13.39046
21.45158
20.68922
22.56659
14.60239
4.860935
16.47951
16.66468
10.74076
21.70764
15.56747
12.79333
13.30027
14.82069
20.36793
15.44637
7.174404
13.08931
12.97757
17.72859
16.14934
16.4162
11.43084
20.15217
9.944228
17.29336
17.38836
19.37366
23.19226
21.46492
18.77337
20.66999
15.56505
7.993009
17.28486
17.30944
18.47769
18.63093
20.89662
21.0558
12.18298
19.0241
22.23097
13.55197
14.89386
26.46936
24.98256
24.99783
17.6408
22.30338
15.97654
23.16201
19.17863
21.33167
9.506182
16.93865
16.00461
17.1675
15.2613
26.50327
13.05959
20.11002
18.81055
17.30253
13.72926
21.80385
16.57877
12.916
12.60208
26.20257
19.80921
15.00966
12.96829
19.15162
15.91682
25.23504
27.85076
9.038676
9.910622
23.5349
16.73155
13.29957
22.92362
14.27303
14.77434
19.34584
17.99233
16.53007
16.46172
10.87202
16.59086
10.25536
5.898538
15.67121
15.40522
17.56423
21.25079
11.53836
19.20362
20.29549
22.82572
18.11018
16.56186
21.94604
17.94646
21.49398
15.31477
13.01168
17.17903
14.38216
12.47585
16.14739
24.27911
19.36507
15.07999
18.81676
15.24628
12.02512
24.76482
21.25738
17.86456
21.1998
16.84372
21.98683
4.71432
16.02587
19.23212
22.14896
16.57753
17.53427
19.58221
22.55601
17.72864
17.80951
25.18667
16.10939
17.55262
20.49526
19.02123
15.88584
17.75497
27.64509
26.21358
22.44103
23.68386
23.96708
17.66929
19.48044
16.34753
28.1005
24.85178
19.29949
25.58667
19.80008
25.20015
25.37308
19.31442
16.97721
20.77064
28.61836
12.9611
15.78244
28.96968
20.14295
20.59921
28.07645
13.06091
20.73294
21.79663
13.04845
18.57618
9.191811
15.11937
16.12645
22.80827
23.18326
19.09575
19.66374
18.25212
22.57169
15.44644
21.81908
21.7548
25.23266
18.53587
20.65804
19.04931
18.29732
25.33434
26.42865
19.15502
10.83984
26.86774
22.75485
21.3083
22.76776
17.78339
26.0017
17.25178
17.74067
18.57777
24.64294
16.44484
18.42639
20.65563
20.93645
19.31664
13.64356
23.13465
20.41989
18.22855
20.61553
19.56214
14.55103
17.24514
16.13244
24.72161
13.40562
17.4942
19.83225
17.99102
24.25524
21.61542
27.28106
21.59787
16.01097
10.4562
19.54014
27.92169
25.53628
17.76715
22.2035
21.85828
25.12525
20.00344
24.26164
24.81647
21.0023
28.14456
26.62898
22.18852
21.12656
31.08736
25.43419
16.81
24.03178
31.24658
15.50269
14.30271
24.73156
21.45271
29.44584
24.26677
26.57776
25.14148
20.22977
17.38734
16.47301
20.43082
18.01753
20.96693
31.83317
28.22144
18.5193
21.94931
26.41623
24.39161
18.90359
27.51655
27.39955
23.78972
26.57979
25.04731
22.07603
22.43374
22.00301
25.24687
33.20042
32.77452
21.77928
17.0503
20.0385
23.83078
24.97924
29.00055
21.38896
28.28796
29.19961
22.12898
23.7896
24.93986
23.99896
20.13189
24.43832
15.44846
20.90763
31.61925
20.62674
22.53462
30.42558
26.06522
23.35299
23.99486
20.73067
19.76443
32.22678
19.55693
15.91164
24.74799
27.66358
28.57554
22.35148
21.63374
30.18769
19.56793
23.43498
22.84894
25.90503
25.9942
22.42424
30.65029
18.83527
25.91041
12.38987
26.94642
26.58957
20.79764
27.14329
28.19948
29.40616
24.16265
18.62898
20.93912
34.13739
22.94448
25.6884
30.38033
27.0036
26.9978
23.56329
25.53374
23.46538
31.04183
32.4289
29.86297
29.7295
29.16362
21.15371
22.12696
33.90999
23.44685
28.02662
16.09658
25.39823
21.48415
25.95894
29.80804
36.43633
26.71799
25.14943
28.73119
25.85318
28.86662
19.35656
29.22581
30.0092
22.6797
34.94347
28.25846
36.95718
34.78129
27.34696
27.48062
31.91058
27.97737
28.76987
33.45614
26.72173
32.31908
28.54209
25.9686
22.23164
33.2066
23.05988
30.38704
26.81737
30.95085
22.94589
39.41777
34.44842
33.48543
25.11105
24.36332
24.47473
22.79981
31.12497
22.88721
26.50409
26.68712
18.8008
30.89427
24.07054
31.15556
27.20063
26.08145
27.0308
24.36638
24.60534
19.41424
25.50716
26.76092
26.47326
26.48789
29.07325
25.84063
31.82192
29.79585
23.77138
18.11459
26.61315
32.18108
16.52081
17.50967
32.25169
29.61916
21.29678
24.57921
36.21427
28.04463
25.21371
34.43718
27.90619
34.44706
26.12281
22.20878
29.5418
31.6711
24.98103
31.9092
24.46723
28.57166
25.633
31.55481
25.22123
33.83852
19.7004
23.05198
30.24292
27.11612
39.50719
23.17515
27.85135
24.56391
34.32473
29.52322
32.73503
33.87795
30.02011
30.0535
22.36057
27.15225
30.78324
22.84897
27.19087
25.16781
30.81888
31.59313
24.13626
26.97514
35.05554
27.03933
35.63569
33.94721
28.07631
24.76564
31.0183
33.45245
24.88555
23.1722
34.4388
26.70674
34.2509
25.38627
26.87354
30.17093
33.14213
35.9404
29.80102
28.41805
29.57723
25.98019
33.72389
31.99265
26.84507
31.27557
27.52924
27.03782
28.77834
28.30357
28.35013
39.26206
30.02565
33.4296
21.50852
26.91223
29.58542
25.99908
27.35798
29.6893
22.75547
35.79872
34.08461
33.81779
33.26448
27.02835
30.86222
28.95262
25.6428
24.80796
24.91249
26.77418
33.20528
28.14728
22.66452
27.9946
29.99398
34.87274
37.01189
34.22239
23.42042
33.25331
36.03268
42.37754
28.26844
28.02473
33.72706
32.78922
18.90829
28.01644
35.37486
39.45041
34.09335
32.76996
43.24939
34.79227
29.94602
30.81285
34.7741
32.43311
30.39211
36.84479
38.7581
34.52299
26.97655
23.0987
30.18677
31.04895
29.78052
31.27482
33.73072
27.50833
39.29408
31.9742
35.54165
27.2769
26.7275
36.76065
27.09012
30.34709
34.51983
24.06086
26.15508
28.49666
38.25571
35.7987
32.1363
34.47252
33.56546
35.63222
31.91975
32.31455
32.80819
27.87792
32.25962
29.42873
25.81758
40.34077
30.39858
29.11462
22.01338
42.94077
37.50637
39.68853
30.52039
34.78746
34.52207
34.55056
30.67236
39.60936
28.20005
34.74286
30.51808
31.3519
31.19185
40.23179
30.60589
25.88749
30.65869
32.4962
33.96522
25.32836
27.03181
30.88558
37.5936
27.54193
25.80335
35.88923
36.79573
33.42222
29.63401
35.37742
24.90925
34.98068
39.62196
30.71151
39.82776
26.59582
