-0.590453
5.378661
2.868288
3.083627
-1.787366
5.314088
5.287143
6.914246
-1.090034
6.222247
8.601487
10.19622
3.426207
5.651872
6.386736
2.968371
3.586146
7.291622
-2.474591
4.937053
3.359972
7.269484
9.682158
3.609013
3.452561
7.668753
9.157268
4.409775
-5.282047
6.588298
0.3559345
6.369799
10.23034
5.411383
5.330669
0.04550761
-1.627332
2.203835
-0.5414971
1.839594
9.212129
6.653102
1.365142
-0.1348538
-1.134304
6.869058
15.42394
-2.676612
2.057361
6.525456
2.697895
4.018112
7.415074
2.009408
3.034186
-3.781854
-6.135138
-12.59461
-2.302614
-6.543652
-10.23552
-2.707876
-13.23734
-11.02724
-8.93292
-11.99525
-10.79851
-2.484139
-9.091916
-11.37087
-4.025498
-8.653577
-16.13867
1.714446
-9.457826
-4.66305
-7.572043
-3.303862
-1.245154
-3.890449
-9.798977
-4.243481
-5.393295
-0.3013949
-5.903755
-15.39426
-4.080888
-14.53202
-11.98062
-6.97086
-0.7143981
-10.21731
-13.87007
-3.121532
-3.800353
-5.66922
-1.618064
-6.642997
-10.99158
-2.384386
-12.65143
-1.227254
-5.30947
-12.62551
-6.697954
-9.067653
-3.391327
-6.909427
-9.886675
-8.631372
-11.06761
-2.450779
-4.231275
-0.8697081
-1.229755
-11.08174
-7.410616
-8.830883
-7.66552
-7.136731
-12.10644
-4.589731
-6.135264
-5.363385
-9.98802
-9.081824
-6.830072
-9.396471
-11.68951
-4.229574
-9.389316
-0.2401538
-3.117566
-10.77193
-0.7129272
-10.89788
-5.190987
-7.2433
-7.723244
-8.345604
-12.141
-6.842627
-7.282668
-6.946843
-7.356987
-13.04679
-14.7788
-12.07091
-11.58727
-7.082925
-6.312379
-8.067842
-14.97769
-11.15006
-4.972607
-7.35777
-0.5776929
-9.768283
-10.10487
-4.371367
-8.574038
-1.878238
-6.363653
-6.341612
-0.5780592
-3.40935
-7.786286
-9.232154
-8.243075
-0.7478937
-4.335983
-3.660821
-5.697304
-4.120573
-3.202094
-6.180243
-4.090917
-8.192555
-6.969234
-1.811599
-7.797045
-3.002412
-6.886431
-1.631736
-2.553529
-1.843688
-6.792768
-7.429465
-4.139408
-9.701734
-9.955299
-3.190541
-9.826116
-3.108403
2.310424
-8.439352
-3.357651
-7.44753
-4.429114
-5.909136
-11.74884
-6.738142
-6.869967
-6.93338
-4.337348
-8.868386
-1.00704
-6.620441
-5.932744
-7.210475
0.4900556
-11.18715
0.8340076
0.5935769
-5.421965
-5.189389
-7.762932
-2.259638
-8.354102
-5.038267
-4.584584
-3.607626
-4.27089
-4.816808
-6.641587
-3.897986
-6.896861
-1.650753
-5.043182
-4.061773
-9.228574
-7.599671
-4.51611
-5.150587
-5.659438
-4.266007
-3.412204
-5.226647
-6.499462
-6.8738
-1.707262
-4.786666
-2.272547
-11.0225
-2.162179
-1.080229
-4.507788
-1.363856
-7.941941
-8.95568
-4.346816
-8.265835
-3.375572
-6.516444
-4.443299
-0.7944128
-8.613713
-5.331684
-3.703848
-1.638088
-7.821377
-7.324771
-4.584186
-3.555546
-3.988521
-2.923257
-8.556989
0.6010572
-3.547827
3.013838
-5.452174
-3.068115
-3.033146
-2.750661
4.08708
0.9746972
-3.831551
-5.390196
-5.70473
-1.733408
-4.519978
0.8066604
-1.620706
1.560631
-3.062582
-2.376664
1.023758
-1.083658
2.859406
0.2743137
-11.07695
-1.870025
-0.8304559
-3.221223
-4.202541
1.373364
-6.26079
-0.7440618
-9.847152
-2.046142
-4.251204
-6.178883
-8.925595
-7.521936
-3.11645
-3.374738
-2.64043
-4.378447
-10.07207
-9.233028
0.394354
-3.233457
-7.026546
-1.140468
4.05797
-0.8465043
-6.522592
-11.41436
-4.328545
-3.616573
-6.592969
-10.70441
-12.23175
-8.940716
-3.474669
-4.943403
-2.028077
-8.435376
-0.6872068
-4.972857
-2.987165
-4.412252
-5.822474
0.1479067
-6.822321
1.616796
-3.977422
-9.84941
-7.306397
-3.80207
-5.953691
0.1362433
-2.44438
0.9592636
-4.869488
-6.76979
-1.904332
-0.7663568
-1.589892
-5.299816
-5.69041
-1.500883
-6.274884
-5.788335
-1.8434
0.3909044
-0.5329333
-4.908175
0.7031603
-0.256892
-0.9768467
-1.232303
-1.319816
-4.512515
-1.989357
0.7101004
5.907178
2.751497
1.469397
-2.842232
0.762835
-5.705647
-2.569735
-2.146776
-2.638243
2.850013
3.077075
4.655276
-0.2012627
-4.044232
1.208398
0.2035401
-5.000911
-3.131209
-2.441415
-6.630846
-7.738484
-1.279411
-0.894783
-6.886519
4.229319
-5.366348
4.585824
-3.221104
-2.520862
-7.8837
-2.471551
0.7652645
-2.471396
2.302544
-7.193393
-7.478695
4.201629
4.558929
4.164778
-2.654643
-8.604422
-10.00937
-7.244934
0.7956012
-7.090056
-5.318901
-0.4044933
2.173615
-0.6990157
-0.8626871
-2.2259
0.7295321
-4.151926
-6.482606
2.555182
-4.049494
-1.340977
-5.220146
2.152631
-3.790681
1.475085
-6.545879
-5.86729
1.846702
1.238049
6.112637
1.007372
-10.37493
2.388778
-4.511287
-5.64881
0.9264536
1.10666
-1.566559
-1.855442
-2.070244
0.9508242
0.3977791
-5.454214
-4.319211
-4.756808
-5.616486
2.093759
-4.389517
-1.957871
0.9208551
-9.35598
0.06609383
-2.283411
1.242596
0.2319039
4.220168
-0.2939516
1.174296
-1.927795
-6.653461
-2.61396
-0.5005901
3.469324
-1.778642
3.559351
-1.746935
-4.132677
-2.721594
5.542932
-3.574585
-1.399318
5.011504
2.939496
1.433942
-1.813818
5.543148
-0.6109647
-0.1396263
2.059479
-2.660001
-4.306501
-1.569763
-0.5461159
-0.5669351
-2.609518
3.405996
-4.290726
-1.793898
-0.6409516
-3.3561
-3.825621
2.232519
0.3101793
-5.763395
-5.258964
1.315786
1.38847
-3.221269
-0.9898518
-3.281459
-2.242148
7.965172
5.56633
-2.883381
-6.947001
0.2302647
-2.587691
-2.861679
0.6324519
-3.043632
-1.043057
-1.616234
0.4857484
-1.117482
0.6362088
-5.695047
-4.491367
-9.424499
-8.811133
-1.082213
0.6506609
-2.673516
0.3526437
-3.609311
0.3476678
-2.377924
-2.135426
0.8195657
3.598075
2.222342
-2.354223
4.83813
-0.9523461
-2.430861
-0.04131872
-5.199912
-6.97182
-4.089298
3.054599
2.028262
-2.822701
2.189739
2.199219
-6.015129
7.490779
1.120274
-2.218346
-0.1897718
0.8890259
0.8687498
-6.696059
-5.336271
-0.2838251
0.7667712
1.814816
0.8346098
0.2056887
1.52453
-0.629899
-0.605171
1.555834
-6.765588
2.317277
-1.877711
-4.9506
-1.564737
0.9915624
6.983114
1.736969
2.074884
5.314018
1.02649
1.245762
-0.481756
-0.2350572
7.113229
2.748575
0.6193734
0.9970967
1.408235
5.768685
7.805248
-2.992936
-1.682274
1.432736
6.776266
-2.451918
-6.310732
6.92999
2.424553
-2.286167
0.1416825
-8.859748
4.312723
3.42626
-0.6670583
-0.001696937
0.3201577
-5.717516
1.631913
5.296152
-4.015276
-2.030851
0.3760186
1.163926
4.075009
1.86718
0.04405308
5.179504
6.539636
1.244542
-1.698151
0.65998
-1.996178
7.414743
5.312033
1.713727
-2.159735
7.35766
3.654741
-1.080836
0.5512769
-2.842949
7.976788
-1.640099
-3.994308
-0.1629569
3.746187
-1.163343
-0.1206709
1.789207
2.560615
0.3814102
-0.266811
1.686275
0.03754752
0.1698646
3.378024
2.459959
0.07612364
0.3485049
-2.401597
6.740366
-1.433351
2.401293
-2.600394
1.756427
7.96496
2.14862
5.326302
1.957952
1.277485
-1.418719
0.4637325
5.440613
6.38734
-0.7026579
-0.07922793
2.536042
8.029445
0.08128093
-0.9447603
2.966184
-2.508114
9.616045
4.493407
4.092923
3.599788
10.58058
2.915255
-4.480325
3.805111
6.202161
-1.90529
-3.104072
0.714742
-0.8854144
8.76177
6.564113
2.824085
6.618406
-0.1750701
3.037707
-0.7861382
2.400061
-1.563751
4.462654
5.211509
5.684654
-2.043746
0.361683
4.145022
8.559753
-0.4990354
2.917767
3.092127
3.812434
4.749893
3.948296
1.038643
3.660868
-1.407394
1.850754
7.665107
7.592418
-0.5198716
-2.384124
-1.418322
4.128895
1.978769
7.349254
1.208972
1.870517
7.761047
0.6852088
2.205785
2.014704
2.423938
-2.941846
2.309286
-2.260775
0.975984
8.094666
-3.342132
4.6161
4.122852
9.426919
-0.5862729
-0.7081922
3.157362
-0.06108935
4.261346
-0.3571959
1.897085
7.117266
-0.5165315
-1.147149
2.863855
2.488076
7.150704
-2.342716
-7.780957
1.752145
4.633321
1.098421
-1.060206
11.14326
-1.025764
3.73097
-3.929679
4.748888
5.458755
1.982165
1.248369
8.342032
5.16948
5.705141
-0.4315501
2.246583
7.433672
0.2699385
0.8855934
6.983567
4.828426
2.400292
3.937267
-0.3035714
2.386473
5.916486
7.783722
3.064532
6.221836
6.99163
1.229776
4.634863
9.524817
2.900178
2.66969
-3.195046
2.048043
1.795379
1.466542
5.037083
9.127014
6.714403
2.685641
6.399878
1.297277
7.049732
-1.824432
4.90143
5.49092
4.4637
10.69213
5.472859
12.89013
7.108693
0.9381148
6.965016
6.605813
8.022016
2.526171
5.128325
5.818512
6.179936
3.745376
1.062934
5.455633
11.01072
1.999191
10.6059
8.310627
4.518254
4.834022
13.36132
10.05446
14.33633
2.803483
6.005281
4.106316
1.888374
5.709876
-1.574902
3.557449
6.133795
7.03544
6.80744
5.374977
3.661905
5.064618
2.725394
2.93056
-0.8308061
3.518786
0.716214
4.89152
0.7840757
7.076761
3.745836
6.576818
-4.486139
2.962179
4.153516
3.858648
-0.3456789
8.623767
5.922846
0.6707041
-2.419698
9.522985
8.564912
3.942317
5.228209
9.90399
8.053476
3.33903
10.28283
4.894767
9.029335
3.761824
3.985546
2.267882
7.675723
3.6809
6.513476
1.762542
4.156335
2.373473
8.070533
5.135446
7.837634
1.005604
1.240947
5.875729
6.435781
6.891688
0.7218475
8.756755
4.164649
7.159343
6.678804
7.460758
7.718435
7.712045
3.749331
3.409046
8.656431
4.811568
1.178383
8.174784
4.658737
8.360699
8.437213
3.981195
2.495626
10.40024
10.73408
11.32428
6.542198
7.25122
4.647325
7.587466
11.99595
3.269253
-2.164657
11.97405
3.981475
7.326759
4.57283
7.802119
3.392773
9.106208
9.659223
9.237335
4.325138
10.62872
2.839768
9.461316
6.361396
4.99701
12.02411
4.374501
3.940403
10.08038
4.860164
5.315559
15.21863
3.21003
14.48626
-2.148331
8.256445
6.341002
2.262962
8.089842
4.702964
4.092454
12.1573
8.389093
9.184689
6.858843
5.983832
7.470447
6.231249
4.644324
2.259095
7.676013
5.072521
5.613454
4.375075
0.5474
10.42888
5.714268
10.24953
10.10205
3.658327
3.239127
9.227891
7.766014
16.2035
4.995533
4.111998
8.395667
4.9395
-3.836206
3.804501
5.761985
15.35987
10.28238
5.003571
14.7207
9.606822
3.799895
7.451088
12.01408
4.260615
6.559664
8.284906
6.942018
7.749862
4.680234
0.2935903
8.951513
8.58577
4.008039
9.123334
10.12196
7.308899
11.79586
6.920087
5.609375
1.701601
7.789928
9.849313
6.059602
9.263122
11.74079
5.404714
5.597677
5.782231
9.927423
11.60878
11.46069
10.31311
11.53117
6.388532
7.817059
10.46585
6.05764
7.541731
10.18196
9.082591
6.267719
10.38913
3.578275
8.878086
2.377215
18.01879
9.802298
14.25092
3.002777
2.934151
10.99272
10.96178
10.24946
11.22641
3.958224
6.643693
8.817983
4.207457
11.18043
7.388559
6.860576
3.830408
5.526113
8.822671
8.917045
7.537064
3.71633
9.294263
4.847834
7.999485
3.202168
4.95503
13.58133
5.072888
4.796933
9.875201
-0.7570204
7.268464
13.07234
7.04177
10.86362
4.31148
