0.9334775
30.83127
12.50972
20.54374
18.24622
19.55056
17.33715
19.10162
22.92935
16.8015
30.49582
26.66878
13.15155
26.2927
22.02252
28.01162
16.65708
11.70496
10.91667
22.04243
15.34042
19.5649
34.4942
19.39852
16.63076
23.0688
27.27149
11.20041
2.076468
17.08393
1.519899
21.30443
28.05229
29.9821
25.13761
16.7416
12.28618
18.02633
13.78
9.073296
17.7381
24.3184
15.42864
9.545376
9.208855
16.50812
33.73893
6.799063
8.670912
5.1687
17.62932
13.04753
12.58957
21.1017
26.9378
12.35477
4.029933
0.2033173
10.98226
15.96914
4.544675
14.55253
8.578112
1.933655
7.783595
-3.489932
7.443713
5.069375
8.649499
-0.5956487
22.43944
13.86973
-5.560543
6.337521
-5.894552
12.31612
7.179279
2.361631
11.15151
9.409574
5.118091
7.657208
11.29853
13.49489
9.163653
-9.030876
5.403819
3.704378
1.171724
-7.595647
19.11403
3.294936
-1.83161
9.19662
10.48813
9.597627
4.340846
13.06587
3.242342
15.781
0.7813043
12.56423
1.528688
-3.23937
10.70439
3.695406
1.783412
8.049904
-4.860034
5.669807
-0.2003336
13.2333
9.288398
3.874517
20.45018
2.022872
21.63364
-7.296047
1.052886
13.44209
-3.859244
8.521029
18.7148
10.77056
2.417805
12.78282
7.605945
5.356637
0.3807211
11.20033
4.039953
24.26107
8.575244
-1.881948
17.85357
10.36133
8.687815
7.379469
4.495049
8.786807
-0.788182
5.728209
4.907162
8.049641
-1.465866
-6.711865
6.344116
4.752566
-5.294801
3.316204
19.81447
-1.890334
-4.362948
-2.896282
0.9350445
14.6937
15.33564
10.35709
2.060039
11.37096
8.88586
3.38934
9.359835
9.688789
15.76662
7.686297
12.11246
-2.028484
9.037968
14.03704
9.274791
15.69701
6.356667
9.883291
21.55223
12.88573
8.219725
15.84642
11.09793
17.82291
1.090212
4.495554
5.826017
12.48746
6.03246
10.35366
8.475579
9.33705
5.908154
16.78251
4.442735
11.3723
14.52593
12.61283
14.97227
17.03243
9.05689
4.194273
18.22461
15.1475
6.234145
3.79374
6.515631
0.6077627
13.77534
-0.8398125
26.33376
6.652916
6.263597
-0.3897979
21.32004
-2.804525
18.17367
13.66028
7.15967
6.242178
9.197195
15.22808
17.45417
10.75507
3.131457
6.855868
5.372559
14.84386
8.305511
5.075844
12.03167
7.547857
13.00085
12.38336
-12.07647
4.658997
9.411964
22.25405
-0.19688
8.712896
5.800212
7.458296
1.744711
3.348984
16.66855
15.35514
6.389004
5.387408
11.76356
-0.4152001
15.19073
14.76293
4.722095
-2.585748
3.818763
3.914841
16.67555
9.260953
12.24968
18.13288
6.511803
6.635296
14.85085
16.62113
4.744808
-5.851024
15.4707
17.81485
14.07817
1.346769
16.48303
13.73725
2.351076
25.14571
14.70178
10.90585
15.01053
20.97052
21.7133
16.9839
8.434251
22.8351
12.01333
10.62005
9.875023
26.71764
10.69039
18.47398
20.55604
17.80911
19.40002
22.74128
14.26069
22.29339
15.61692
11.90928
26.15105
9.410153
14.86249
27.99795
11.08833
12.04332
8.400921
15.65093
17.74305
8.95325
13.8262
15.92517
13.17135
14.77662
14.21828
18.56246
-9.23339
3.402706
22.75973
16.43171
6.491343
19.68266
16.89027
22.46034
2.146124
18.66408
14.05134
8.826265
19.49598
9.996197
6.09306
11.05056
2.281568
14.37197
9.769394
7.7579
12.78395
10.11037
13.00489
5.813989
8.405449
18.43018
13.09762
16.95033
16.85704
5.182502
17.38485
5.523377
12.66195
15.83331
18.19465
14.58352
7.239765
13.88647
17.64848
9.514218
12.80106
16.09838
3.031091
10.59706
8.905591
13.19646
21.85212
20.959
19.43355
6.930655
10.15124
26.91968
12.3087
24.65351
9.361586
-2.620648
16.60594
36.5773
25.66247
11.39326
11.38761
19.82187
27.25513
10.66446
20.04092
6.398127
16.09614
18.69947
17.6843
28.76803
9.097866
12.45788
20.9095
20.12522
9.809073
15.70428
8.66539
9.514281
12.6566
3.02266
22.16586
5.142077
20.25216
10.93642
15.83317
19.82008
11.26923
8.171801
24.20112
20.28193
13.60819
10.29998
6.031492
7.395034
26.95665
25.13093
17.89688
12.35206
-2.770364
10.55824
17.55059
6.346977
17.73361
18.1537
22.63497
17.61035
4.05869
18.11656
10.8106
10.03449
16.36255
0.1876741
32.29112
8.420402
15.33686
10.35434
30.31698
7.231487
12.69816
17.56916
10.91336
17.72802
16.81302
21.31744
10.86766
-1.70905
10.31856
7.488174
3.321146
13.36698
17.29161
15.79318
3.586848
22.29629
18.1674
24.31211
3.561792
21.58755
13.16591
23.9618
22.92388
11.50774
12.42019
21.61381
15.83451
14.2955
17.29054
18.375
26.02214
19.78639
16.40402
14.23222
13.04373
5.599947
18.56922
10.94315
11.34142
16.0942
16.09069
21.01787
9.840591
30.65151
23.99744
13.88053
9.018717
23.87795
25.93097
16.17433
20.49935
28.95328
9.644045
28.60034
20.07592
19.74767
5.862613
24.97385
14.79798
23.03218
9.060331
33.72548
26.80083
10.58562
11.0563
26.59371
22.4571
18.9991
23.00733
7.387234
10.02764
20.41197
19.21638
12.83437
6.061386
20.98648
10.91507
25.36524
31.97912
12.16084
2.132835
30.13371
15.3515
2.392163
23.44177
18.10253
6.843717
23.31063
14.75011
17.63486
24.40638
16.85454
14.39552
2.987364
11.59065
16.4236
15.28448
23.99861
25.37135
2.642794
16.66265
17.47606
22.46943
15.95584
17.9135
20.24935
20.2576
11.06138
8.597184
15.12516
20.96418
13.34156
13.94679
15.07056
27.99237
21.23744
12.56831
29.87764
15.32492
3.567634
21.6957
21.25581
13.38956
17.56041
15.16381
24.18369
6.208275
17.61801
22.91507
23.53799
18.2744
17.16086
19.40092
27.97933
21.15296
14.71279
24.46458
7.768957
14.17426
14.60816
15.90871
13.94024
5.278784
42.06826
21.08957
21.70524
22.30651
22.62639
13.88843
16.1259
17.099
17.34198
29.39228
14.62062
27.24991
26.92629
29.07907
32.93408
19.7687
20.78809
18.32371
36.4623
12.69722
17.27692
23.21031
12.68837
15.21978
23.0097
19.7153
27.0873
13.39389
11.61576
24.92871
13.53753
12.29496
19.78227
22.31686
26.49911
13.9472
9.807339
24.34693
21.11326
9.884933
23.79339
24.60987
23.66264
13.50366
18.28755
21.55201
25.33545
19.98868
25.94308
22.92476
5.749956
26.53414
26.41066
21.9511
29.28778
24.55668
19.48894
9.731692
18.58337
18.86767
30.59934
14.80339
14.29861
22.52361
26.15793
19.63835
6.555247
20.56143
26.20692
21.79975
21.0202
23.85447
11.63392
19.46566
10.52902
28.09266
15.45513
15.46219
25.46897
15.83724
24.54354
25.02067
24.13516
24.7532
10.0694
9.875698
20.91994
25.09179
29.25485
18.4579
26.66951
26.39589
31.52448
28.12967
25.43104
24.05236
15.31896
32.67314
21.30844
21.344
30.77427
43.51901
34.37029
23.63317
20.52093
34.38008
22.10769
23.59491
25.11332
19.48418
23.58163
26.43323
32.16866
29.3782
19.09
30.41981
7.28063
21.33616
17.97601
28.75497
34.79773
33.81924
17.87079
18.83526
23.32802
23.31115
19.23612
29.70866
33.68796
23.2998
31.62056
16.58346
17.52842
25.15866
24.14873
30.48937
33.61057
34.69559
26.32804
18.29404
18.63046
25.0403
20.99946
25.72241
14.85267
23.47368
24.02803
18.08523
15.83628
25.04475
24.44783
19.0173
27.62662
15.17219
14.99456
30.95626
23.64901
21.63851
25.57025
32.57711
15.6252
29.87078
14.46117
11.51192
38.07824
28.39509
25.52618
29.72137
32.59041
29.15374
19.88685
12.84412
29.82539
20.70959
20.33602
24.86724
36.53056
27.71669
20.52666
33.08753
19.17131
30.89014
11.07862
19.58033
26.61839
22.10408
24.01118
37.58841
40.32942
12.87382
10.58582
16.41618
30.33365
22.9586
18.90306
25.74132
16.60879
24.14878
17.22217
32.45434
26.96152
25.27205
29.32563
33.4336
25.21918
31.95781
32.12639
23.15712
37.57791
27.35471
30.70264
16.48103
18.34145
18.61289
16.16339
37.59136
34.76528
33.49196
23.65195
33.8333
16.96669
21.74063
23.98081
28.51975
28.6833
18.81292
40.05686
23.52979
26.547
26.53199
29.12866
19.75635
30.19403
16.38427
26.88148
27.03563
35.84626
17.1301
31.2627
28.22947
25.10922
30.93589
20.42151
29.40099
22.60808
34.80514
28.01196
41.85129
36.52924
25.16729
15.33147
28.26471
34.34284
27.61818
30.58569
16.01071
22.67051
22.3792
17.80569
24.31535
23.74159
31.73521
30.51404
32.65785
21.10724
38.04482
24.97173
12.21891
32.1766
17.94073
26.88317
29.68003
43.53446
34.07281
33.47811
28.17364
19.16749
9.914021
20.17483
20.3356
18.76364
13.23751
37.26276
19.44573
9.605289
22.49069
38.45534
27.00576
23.70389
44.87792
24.3228
37.86835
19.46262
24.5536
33.4492
25.81661
30.51847
34.57792
41.78557
37.15067
25.56768
22.94173
25.88065
26.46132
14.93569
25.61621
19.34643
35.99999
43.98612
29.31974
26.18424
30.53951
33.72373
35.94593
40.32096
33.62002
38.87913
34.44252
20.53374
20.81054
31.78237
25.77989
32.27643
36.58852
23.39602
38.36716
29.88504
28.2263
32.6693
24.62623
36.30131
40.42247
23.19933
28.72748
31.26825
28.90091
21.51705
17.44634
38.56893
31.16647
34.77683
29.34279
27.42624
32.8374
27.75606
36.47092
34.97141
27.78107
28.89536
28.18803
34.41712
25.17057
26.93346
38.37951
30.66435
27.77095
30.55325
26.64097
21.55459
39.0965
31.93859
40.95573
24.75374
25.35273
32.12815
21.39887
22.81325
38.849
21.40559
38.99663
26.6433
42.50191
27.88852
30.79543
28.30507
35.02311
29.65356
17.30344
25.55083
27.93901
32.49132
24.27246
20.19515
33.28412
35.79064
35.6642
36.31924
31.47947
25.78461
41.85449
46.16123
48.34561
35.06288
30.20468
34.07111
29.15596
14.11011
25.10703
37.53856
32.62516
27.58933
32.63107
51.29771
32.17675
31.74977
37.52105
37.56735
28.11053
34.04909
36.19023
32.55632
38.3291
28.87148
23.82514
28.83851
33.45337
32.58391
24.57745
34.22739
28.52169
43.61903
28.11476
27.75931
25.47155
17.11276
37.4728
25.56738
29.37979
41.29391
24.50628
33.76497
33.10263
40.22548
35.26344
30.85795
36.35392
37.33889
34.48377
32.24484
36.75831
28.57933
34.36866
37.87076
28.17089
26.24602
38.43043
30.36777
33.49652
17.25093
48.75479
31.96285
30.72548
27.28557
38.04831
45.23015
34.25438
36.32927
23.62049
36.54332
31.098
28.88468
32.71206
37.38287
41.08862
35.45485
33.37068
32.20929
36.64859
33.35064
28.9914
25.08262
37.1006
46.08224
22.68655
19.06432
36.90199
29.90811
31.18127
43.33532
40.49643
29.96109
38.7816
42.61967
27.51641
38.68444
22.45883
