-11.3357125
11.8309
0.4841300000000004
1.5096500000000006
1.2236100000000008
3.04326
-2.9541499999999985
5.879430000000001
11.01029
9.413023
23.012282999999996
12.287300000000002
-1.4398400000000002
8.44264
9.09864
11.13286
2.3490800000000007
-2.816700000000001
-6.4343499999999985
5.06194
3.632669999999999
10.653251000000001
16.28284
2.123610000000003
5.481039999999998
8.866159999999999
12.21795
0.43477999999999994
-9.603212
5.61328
-7.450313
8.30232
10.627579999999998
13.36269
5.339829999999999
4.905879999999998
-5.609499999999999
3.9833000000000016
-2.081850000000001
-6.443044
7.605929999999999
13.315890000000001
0.24887000000000015
-6.038694000000001
-3.842525
3.1893800000000017
13.314020000000003
-8.371007
-2.0248679999999997
-4.611493
3.0640099999999997
-1.9713600000000007
3.3479069999999993
3.7743800000000007
10.599439999999998
-4.516
-9.492667
-16.5835027
-0.5320699999999992
1.8796
-6.054975000000001
3.108690000000001
-9.708687999999999
-8.647305
-1.352691
-19.326022000000002
-12.803997000000003
-9.931905
-10.653801
-16.615968700000003
5.074840000000002
-9.93564
-17.633643
-3.862469
-15.534198
-3.6691000000000003
-7.650161
-8.719878999999999
-1.7403700000000004
-6.282896000000001
-5.546759
-7.834172
-1.852310000000001
-0.36398999999999937
-1.6088869999999993
-20.569026
-3.9180349999999997
-10.089712
-16.475355999999998
-15.013652
7.67942
-8.273264
-18.440640000000002
-6.963010000000001
-0.9193999999999996
-5.872823
-5.175456
-5.303660000000001
-14.273298
0.16050000000000075
-10.3018657
-6.28637
-11.251192
-15.543510000000001
-0.6872799999999994
-5.568104999999999
-12.241018
-10.534186
-17.106054
-12.490933000000002
-16.2552936
-1.6385199999999998
-5.125342
-8.870322999999999
7.47983
-11.046098
0.9001999999999981
-13.492731
-11.093074000000001
2.8543400000000005
-11.852707
1.889488
-4.375350000000001
-5.09407
-10.386105
-4.3393999999999995
-2.350707999999999
-2.693053999999999
-11.7164989
-11.85401
-12.417797
7.819980000000001
-3.5893560000000004
-16.525178
-1.6357099999999996
-5.400649999999999
-4.5623249999999995
-6.4959810000000004
-13.070580999999999
-3.952943000000001
-15.953872
-7.920581
-11.804748
-6.6265290000000014
-16.507656
-21.256535
-7.291404
-10.749214
-19.022861
-13.178776000000003
8.8999
-14.091484
-14.595308
-18.983282
-14.5041955
-7.7604700000000015
1.6055499999999991
-7.983180000000001
-10.236401
-1.922089999999999
-8.022920000000001
-9.343420000000002
-5.965885
-6.808351000000002
1.44266
-5.848933000000001
-8.61398
-15.061594000000001
-6.865042000000001
4.204061999999999
-4.275779
-1.0023299999999988
-5.220682999999999
-1.2496290000000005
7.677470000000001
0.1858700000000013
-1.0325159999999993
-2.908859999999999
-7.110809999999999
-4.66283
-14.672218
-7.583136
-6.653592999999999
-4.230469999999999
-6.69843
-1.5560400000000012
-6.115881
-4.22889
-6.294656
2.292989999999998
-8.756155
-0.34049000000000085
-1.7029200000000007
1.0030900000000003
4.48507
3.738730000000002
-8.119150000000001
-1.258674
2.035059999999998
3.2423
-10.048815
-6.634550000000001
-12.280859
-14.6358873
5.418089
-17.7395925
10.656970000000001
-1.560491999999999
-5.126583000000001
-13.423227899999999
6.981909999999999
-13.176095
3.8547100000000007
5.428042
-7.20321
-5.815632
-5.848535
-1.091289999999999
-1.6184899999999978
-9.40194
-14.494343
-8.340371999999999
-8.780940999999999
0.827399999999999
-4.514659
-7.548256
-1.8965499999999995
-4.420313000000001
-4.240470000000002
-4.1782900000000005
-19.686095
-8.415053
-4.329956000000001
2.0220199999999977
-11.43926
-9.990234000000001
-2.988403
-6.195194
-14.491939
-11.622856
1.789109999999999
1.21087
-6.182506
-11.719662
-2.91259
-12.4044601
4.89973
0.27149
-11.700334999999999
-15.650418
-10.375347
-10.104648999999998
2.339360000000001
-6.789766999999998
-0.9680800000000005
5.51563
-10.924017
-8.644154
0.17032000000000025
-2.18337
-9.335761999999999
-13.6099
1.1312800000000003
1.6235
-3.4348600000000005
-12.537201
-5.056160000000002
-3.8466699999999996
-9.241494
8.745050000000003
-4.380490000000002
-4.091650000000001
-0.03977000000000075
4.335799999999999
2.9652899999999995
3.2848599999999983
-8.950828999999999
7.650680000000001
-5.406510000000001
-4.5957599999999985
-9.252176999999998
4.716609999999999
-2.8405999999999985
1.2228600000000007
-0.5833499999999994
-0.626929999999998
3.8812500000000014
4.964020000000001
-4.2627500000000005
2.2969299999999997
-4.779119999999999
-9.39982
5.197660000000003
-4.612707
-1.88931
5.87426
-5.151240000000001
0.4841300000000004
-7.380398999999999
2.830580000000001
-1.2011399999999988
-10.438209999999998
-4.327069999999999
-2.307170000000001
-5.227730000000001
-7.21175
1.7191100000000006
3.5944600000000015
-24.984180000000002
-11.612384
4.9932300000000005
0.7331999999999983
-6.679217
5.593199999999998
-0.2824399999999976
3.1500299999999974
-10.909606
-0.5699100000000001
-3.1189999999999998
-4.364135000000001
0.8018000000000001
-9.286192999999999
-16.656019999999998
-5.839489999999998
-10.038952
2.2062299999999997
-3.593446
-5.07847
-2.7483699999999995
-3.3222199999999997
-3.0264699999999998
-10.518131
-9.974021
1.7594600000000007
-7.40493
-3.7669700000000006
0.07464000000000226
-12.565418000000001
-3.030519999999999
-9.203103
-7.951580000000002
3.4877600000000015
1.0263899999999992
6.4947859999999995
-9.359775
-5.811880000000002
-2.3334600000000023
-9.099702
-5.30181
-6.808580000000003
-13.312878999999999
-2.932409999999999
-13.674049000000002
-2.4669000000000008
2.4742800000000003
4.770910000000001
-1.9511000000000003
-9.297414999999999
-5.61778
5.691779999999998
-6.50963
9.2744
-5.132394
-10.806158
1.0901499999999995
14.730250000000002
4.597929999999998
-5.44703
-6.10036
5.389180000000001
14.498260000000002
-5.39157
-0.6482500000000009
-5.501723000000001
-4.383230000000001
-1.4763299999999973
1.3892500000000005
8.190380000000001
-6.077154
-0.1358700000000006
6.434750000000001
-1.8547500000000028
-10.207587000000002
-4.61459
-3.616819999999999
-6.735489000000001
-2.8798000000000012
-11.59285
6.984339999999998
-5.325273
8.57155
-7.283479999999999
1.958590000000001
2.362000000000002
-0.12458999999999953
-5.004279
5.00741
6.012469999999999
-3.820450000000001
-10.12346
-7.532128
-7.647736000000001
7.816890000000001
11.10759
0.263539999999999
-5.035870000000001
-18.775334
-9.40244
-0.5368600000000008
-6.583633
-4.800180000000001
1.2374200000000002
6.09309
-2.7234799999999986
-10.16851
2.6956100000000003
-7.274470000000001
-9.70742
-3.6500100000000018
-14.181855899999999
14.679579999999998
-5.565918
-5.8945799999999995
-3.245519999999999
4.998850000000001
-8.349422999999998
0.37488999999999884
-7.1325
-8.34439
-1.8768600000000006
-2.6381499999999996
4.863490000000002
-2.727359999999999
-16.94491
-3.772170000000001
-13.687795999999999
-13.068423999999998
-7.414209999999999
2.830799999999998
1.4332999999999991
-11.568862
5.405359999999998
-1.2497100000000003
9.26352
-9.066828
4.179030000000001
-4.568470000000001
0.6167200000000008
8.8683
-9.29798
-0.9685299999999994
2.3825000000000003
-3.4657
-2.93177
-2.3812299999999986
0.24392999999999887
3.061790000000002
2.541640000000001
-2.663309999999999
-5.2634799999999995
-4.449110000000001
-9.046523
-1.3295999999999992
-6.866880000000002
-3.6669400000000003
-4.315369999999998
-1.2465800000000016
-1.784860000000002
-6.475059000000002
8.905819999999999
7.3094
-3.246030000000001
-7.274462999999999
2.4200899999999983
3.8878999999999984
-7.3895599999999995
1.0447300000000013
12.19304
-6.943454999999998
5.2987
2.956769999999999
-4.244
-7.950067000000001
6.465439999999997
-1.7527500000000007
5.297750000000001
-8.810488999999999
10.628209999999996
9.450520000000001
-11.318299999999999
-8.395199999999999
5.935080000000003
4.90222
-0.5722300000000011
6.73874
-11.292156000000002
-7.833409999999999
-4.4748100000000015
0.7956400000000023
-5.396550000000001
-7.8967540000000005
-1.4466
-7.24389
8.095379999999999
9.694690000000001
0.23878000000000021
-14.724785
6.8290700000000015
-3.967740000000001
-13.769086999999999
1.1506000000000007
0.7858700000000027
-8.973683
2.348559999999999
-2.75647
-0.012699999999998823
8.58086
0.287469999999999
-6.68671
-16.692496000000002
-3.119019999999999
-0.329819999999998
0.5299200000000006
3.7608700000000006
4.4731999999999985
-12.504876
-2.1933100000000003
-5.19736
-2.491710000000001
-1.3347700000000007
4.94971
0.5256499999999988
-0.043079999999999785
-5.594470000000001
-7.669935999999998
-0.3173900000000014
3.743829999999999
-6.240510000000002
-5.500879999999999
-5.166119999999999
6.767860000000002
3.9006299999999996
-5.3343799999999995
13.250619999999998
2.2778600000000004
-14.472616
4.421659999999999
1.1187000000000005
-6.693349999999999
-3.829159999999998
-0.790890000000001
3.0656099999999995
-5.2021049999999995
-3.7441299999999984
3.39912
2.1557999999999993
3.5116899999999998
0.46119999999999806
0.024399999999999977
6.9478500000000025
2.794419999999999
-3.7018900000000006
0.8337400000000024
-15.106023
-1.0610800000000005
-7.7648199999999985
-8.063130000000001
-3.5103399999999993
-11.484626
21.406280000000002
-3.3870400000000025
1.3390899999999988
3.9366699999999994
-0.3141999999999996
-2.5350900000000003
-3.836299999999998
0.5164100000000005
-3.6452899999999993
7.2890799999999984
-4.059499999999998
2.6603400000000015
8.53444
9.64761
15.36625
-2.53866
2.128610000000002
-1.0141900000000028
14.62021
-2.71579
-4.81625
1.1706199999999995
-5.030019999999999
-7.665600000000001
-4.925070000000002
-2.2053600000000024
10.667079999999999
-4.9764800000000005
-2.0997500000000002
6.350829999999998
4.665877
-8.541920000000001
5.28773
4.804739999999999
-0.6994299999999996
-7.179399999999999
-9.480391
7.2587399999999995
2.616579999999999
-3.6943269999999995
2.0183599999999977
8.034570000000002
4.969609999999999
-3.787659999999999
-4.068640000000002
3.162679999999998
5.04195
2.0690799999999996
4.826469999999997
5.4834700000000005
-7.249624
7.024060000000002
7.310549999999999
-0.43803000000000125
7.071300000000001
3.930340000000001
1.464030000000001
-9.160188
-3.1516100000000016
0.12695000000000078
9.702580000000001
-2.8047900000000006
-4.248449999999998
3.6571800000000003
7.78209
0.7031199999999984
-7.355123000000001
-0.8869499999999988
5.824570000000001
3.7410700000000006
3.7826899999999988
6.752289999999999
-2.8409899999999997
2.5690199999999983
-8.005010000000002
10.11141
0.6161600000000007
0.36927999999999983
3.03632
-0.3973600000000008
8.253260000000001
5.55387
2.180399999999999
5.11328
-4.66409
-1.9992219999999996
1.8435300000000012
2.610710000000001
10.105910000000002
-0.01191000000000031
4.386779999999998
7.073650000000001
14.42867
8.20751
0.22464000000000084
2.202069999999999
-8.19146
14.144629999999996
-0.8271300000000004
3.24841
13.247500000000002
23.012230000000002
11.851359999999996
2.342839999999999
0.2942600000000013
9.33566
4.699710000000003
6.1881299999999975
1.0965000000000025
-2.853950000000001
2.897560000000002
8.730569999999997
8.414980000000003
10.855129999999999
-1.3148400000000002
16.07018
-9.978520000000001
3.305399999999999
-1.6052700000000009
12.250689999999999
8.176070000000003
11.28245
-2.692260000000001
-2.7523599999999995
1.0568099999999987
7.479290000000001
-0.16650999999999883
5.109879999999997
9.380539999999996
3.322510000000001
9.790660000000003
-4.515550000000001
-3.508969999999998
6.38579
0.7383200000000016
7.093250000000001
8.075250000000004
9.513490000000004
4.0288900000000005
-1.1403800000000004
-2.826360000000001
5.33841
-2.0010200000000005
4.071110000000001
-5.327310000000001
-2.943769999999997
2.589470000000002
-3.3585400000000014
-5.747529999999999
2.119600000000002
2.872810000000001
-4.056440000000002
5.497579999999999
-2.537040000000001
-4.937090000000001
7.43168
-0.3198599999999985
3.7199899999999992
-0.7324799999999989
15.938809999999997
-8.314060000000001
5.167719999999999
-3.1121300000000005
-8.313600000000001
10.11281
8.48097
11.51162
12.09065
4.410299999999999
-0.568950000000001
0.3992199999999997
-6.301549999999999
6.788399999999999
-1.2010600000000018
-10.879919999999998
3.770439999999997
15.258850000000002
2.8209100000000014
-2.9577799999999996
13.5805
-0.6897200000000012
8.7107
-5.240919999999999
-2.61721
5.487570000000002
3.2886099999999985
-1.8837399999999995
17.730960000000003
16.09274
-5.583689999999999
-8.47471
-2.2763600000000004
3.629929999999998
0.2840500000000006
-5.899740000000001
2.3445500000000017
-5.566390000000002
-0.44872000000000156
-2.403850000000002
6.617030000000003
5.88261
0.14670999999999879
4.68045
6.635159999999999
1.7115100000000005
9.785819999999998
12.202460000000002
5.665019999999998
13.192730000000005
6.808040000000002
5.34571
-2.810600000000001
-5.0087300000000035
-1.0758800000000015
-8.329
12.820400000000003
7.4559599999999975
13.48837
1.1881599999999999
11.501990000000003
-7.589210000000001
-0.07626000000000133
2.7998200000000004
4.195369999999997
4.165019999999998
0.5969199999999972
15.805520000000001
0.7441899999999997
2.4799500000000023
-1.1406099999999988
2.7198199999999986
-0.7592599999999976
4.88926
-3.5710799999999985
0.637789999999999
-1.292189999999998
14.94304
-9.009050000000002
6.465989999999998
3.3237999999999985
8.33322
8.740010000000002
-0.6391799999999996
9.61984
4.101330000000001
8.37254
9.900089999999999
15.794839999999997
12.135280000000002
6.018190000000001
-6.976099999999999
9.906670000000002
13.974420000000002
6.70674
5.170590000000001
-8.4514
-0.27612999999999843
1.8258800000000015
6.040329999999999
0.2285199999999996
5.046019999999999
4.24156
8.378030000000003
9.301790000000004
-2.9929999999999986
12.847630000000002
3.885180000000002
-6.47911
11.560960000000001
-8.03612
7.48667
6.93797
21.038030000000003
3.746039999999997
4.618370000000002
2.5313099999999977
-0.745239999999999
-8.546249000000001
2.1854499999999994
-5.922640000000001
2.913529999999998
-6.691859999999998
14.53406
-1.6085199999999986
-7.749170999999999
3.1396900000000016
12.14506
7.014609999999998
1.8292099999999998
20.723570000000002
1.3113799999999998
12.45062
-2.8983600000000003
6.3303699999999985
6.175279999999997
1.82123
9.218340000000001
9.182199999999998
19.08088
12.735349999999997
2.3081499999999977
-0.5425499999999985
5.7948699999999995
0.46043000000000234
-3.759100000000002
3.80518
-5.020759999999999
15.319649999999996
11.37061
6.866440000000001
7.089649999999999
10.140249999999998
6.558340000000005
13.101519999999997
15.046689999999998
7.460509999999996
16.571070000000002
8.138350000000003
1.582220000000003
2.314720000000001
5.810700000000001
4.109310000000001
13.26034
16.07944
0.9378400000000013
15.21125
9.729980000000001
3.7467799999999976
8.014
8.320979999999999
11.989900000000002
13.017459999999996
2.3742400000000004
8.609169999999999
7.837419999999998
7.444410000000001
-0.09923999999999822
-7.890509999999999
16.104180000000003
8.441210000000002
7.8526899999999955
8.52935
8.35482
6.059240000000003
3.7201400000000007
10.18975
14.407719999999998
3.68816
9.946850000000001
5.047600000000003
10.154549999999997
-0.46068
5.0854
19.12805
7.509619999999998
4.6735299999999995
11.85529
3.1975599999999993
-1.4799799999999976
15.053079999999998
5.122970000000002
22.012390000000003
1.0968799999999987
6.696950000000001
8.883729999999996
-2.3372400000000013
3.5451200000000007
13.862659999999998
2.7425700000000006
15.355210000000003
0.9477800000000016
17.868810000000003
1.4828800000000015
9.750910000000001
4.91329
12.301730000000003
8.655089999999998
-5.245420000000003
8.314350000000001
6.237359999999999
4.899500000000003
0.5002599999999973
-1.9219699999999982
15.718400000000003
11.510930000000002
11.041
9.409400000000002
0.9154099999999978
5.6033100000000005
17.829069999999998
17.89457
22.171580000000002
11.78998
6.29195
8.739719999999998
1.306239999999999
-8.634389999999998
0.8950900000000033
7.925679999999996
8.53462
3.7783599999999993
4.86468
22.76902
6.991309999999999
5.603640000000002
14.159290000000002
14.807329999999997
-0.06196999999999875
10.216650000000001
7.63035
0.74024
11.555969999999999
6.575159999999997
1.020030000000002
7.603249999999999
10.990189999999998
6.811430000000001
2.42596
10.61863
8.32226
16.120810000000002
3.060649999999999
-2.1729699999999994
-0.10374999999999801
-1.824819999999999
10.56146
4.536860000000001
8.295819999999999
18.51487
5.85014
13.207569999999997
10.388199999999998
11.897189999999998
11.073520000000002
10.18234
12.194510000000001
15.3046
5.240079999999999
8.142150000000004
14.90961
1.8287799999999983
14.03247
15.793109999999999
7.824750000000002
6.6961600000000026
8.47879
3.5474700000000006
13.259989999999998
-2.38523
23.83281
4.258779999999998
5.287870000000002
-0.23204000000000136
6.195
21.7008
10.665599999999998
15.906370000000003
-4.762460000000001
12.3015
2.998829999999998
7.18458
5.567610000000002
17.371449999999996
8.24539
11.70953
11.313600000000001
7.076710000000002
12.97506
8.30247
11.200099999999999
1.7671399999999977
15.50928
13.336480000000002
3.1441100000000013
-3.536860000000001
5.967789999999997
6.693709999999999
2.831940000000003
18.498250000000002
14.994209999999995
4.294819999999998
11.069379999999999
16.070059999999998
3.8466699999999996
9.720300000000002
0.1744899999999987
