8
32
38
51
67
72
86
103
124
187
276
282
339
341
358
360
402
426
441
456
464
493
502
548
589
665
668
713
719
721
736
744
747
765
785
790
816
830
880
884
895
904
973
975
999
1022
1031
1043
1061
1070
1082
1095
1096
1097
1099
1114
1122
1130
1133
1143
1147
1163
1181
1212
1229
1235
1241
1250
1309
1312
1340
1345
1357
1371
1377
1393
1415
1420
1446
1459
1461
1510
1522
1534
1539
1544
1580
1601
1627
1640
1658
1665
1682
1695
1698
1716
1740
1774
1792
1821
1850
1871
1875
1887
1902
1905
1911
1936
2029
2041
2057
2068
2069
2079
2089
2103
2129
2133
2143
2174
2182
2212
2215
2272
2277
2295
2308
2325
2337
2342
2353
2377
2416
2430
2472
2504
2507
2517
2578
2582
2625
2651
2669
2689
2714
2770
2797
2806
2824
2855
2886
2938
2962
3024
3051
3103
3133
3137
3153
3163
3189
3229
3239
3296
3302
3327
3335
3340
3375
3397
3403
3410
3431
3445
3447
3475
3525
3529
3538
3564
3605
3606
3608
3618
3648
3650
3671
3728
3777
3797
3807
3845
3878
3879
3880
3884
3894
3920
3967
3968
3969
3978
3981
3995
4021
4030
4061
4062
4083
4100
4103
4145
4149
4153
4155
4177
4182
4221
4223
4246
4285
4298
4307
4366
4412
4430
4444
4462
4477
4497
4503
4514
4533
4536
4568
4576
4582
4588
4619
4657
4686
4690
4756
4788
4820
4834
4865
4878
4883
4906
4927
4942
5001
5074
5082
5108
5121
5122
5131
5221
5274
5286
5302
5335
5361
5375
5381
5417
5429
5432
5457
5472
5510
5515
5517
5540
5624
5643
5659
5674
5685
5689
5736
5745
5749
5750
5827
5896
5942
5945
5947
5952
5957
5982
6000
6017
6022
6091
6164
6168
6183
6207
6220
6240
6241
6250
6256
6287
6306
6316
6330
6359
6360
6366
6397
6403
6429
6445
6451
6465
6528
6541
6542
6581
6583
6635
6639
6685
6710
6757
6759
6766
6807
6845
6895
6898
6904
6919
6928
6929
6951
6957
6959
6960
6963
6972
6979
6987
6990
7000
7048
7069
7081
7093
7094
7110
7114
7153
7167
7197
7221
7302
7314
7322
7338
7366
7383
7388
7402
7408
7413
7462
7507
7529
7541
7568
7590
7604
7642
7646
7652
7669
7674
7697
7702
7777
7858
7876
7881
7890
7891
7903
7932
7976
8013
8028
8029
8037
8048
8052
8053
8056
8059
8077
8097
8098
8099
8102
8168
8176
8215
8267
8273
8303
8334
8347
8379
8396
8412
8436
8466
8468
8472
8474
8486
8498
8509
8531
8538
8574
8590
8612
8613
8624
8627
8634
8674
8704
8718
8725
8726
8741
8742
8770
8815
8829
8845
8871
8891
8901
8910
9002
9078
9085
9098
9156
9222
9234
9238
9259
9295
9320
9323
9330
9369
9403
9414
9429
9479
9524
9527
9528
9529
9538
9570
9640
9641
9659
9688
9692
9712
9735
9741
9750
9780
9826
9828
9843
9857
9869
9898
9949
9970
10012
10020
10026
10037
10063
10065
10074
10083
10102
10112
10166
10193
10214
10217
10230
10276
10299
10319
10386
10421
10423
10440
10456
10467
10488
10511
10537
10556
10559
10575
10576
10583
10597
10622
10628
10659
10674
10685
10693
10695
10721
10725
10749
10759
10801
10811
10820
10857
10885
10916
10923
10924
10937
10956
10970
11029
11044
11055
11075
11093
11095
11100
11129
11136
11150
11157
11168
11207
11221
11230
11238
11255
11294
11296
11334
11366
11375
11396
11420
11537
11599
11664
11674
11677
11686
11691
11714
11731
11736
11757
11808
11809
11827
11878
11880
11896
11918
11920
11942
11995
12031
12046
12052
12071
12115
12117
12123
12137
12141
12156
12181
12186
12192
12194
12213
12221
12228
12231
12248
12297
12299
12306
12334
12352
12366
12414
12424
12431
12463
12514
12519
12525
12585
12618
12651
12687
12716
12737
12738
12747
12760
12777
12783
12784
12799
12807
12825
12841
12846
12852
12871
12899
12917
12939
12954
12974
12999
13002
13016
13028
13044
13053
13121
13195
13207
13221
13236
13292
13295
13304
13343
13360
13372
13387
13391
13413
13420
13424
13438
13441
13451
13460
13474
13482
13501
13515
13525
13527
13591
13614
13618
13619
13657
13704
13715
13762
13771
13789
13818
13819
13824
13825
13853
13861
13876
13925
13970
13996
14012
14048
14070
14078
14102
14134
14152
14160
14169
14202
14216
14224
14226
14231
14277
14299
14300
14309
14317
14365
14379
14391
14436
14446
14455
14471
14489
14498
14500
14563
14566
14577
14625
14677
14688
14700
14713
14781
14823
14827
14855
14859
14875
14892
14897
14901
14921
14947
14999
15016
15028
15032
15076
15078
15107
15124
15178
15186
15211
15230
15238
15241
15260
15272
15276
15319
15335
15363
15382
15436
15450
15459
15460
15469
15523
15529
15532
15533
15554
15597
15607
15626
15679
15682
15688
15690
15694
15698
15699
15703
15707
15723
15734
15772
15889
15966
15986
16097
16102
16111
16114
16135
16136
16138
16178
16197
16209
16211
16261
16310
16396
16415
16467
16473
16493
16509
16511
16517
16553
16560
16581
16582
16598
16606
16611
16646
16649
16664
16688
16732
16740
16746
16751
16785
16787
16790
16800
16821
16828
16831
16835
16846
16853
16896
16906
16922
16942
16988
17008
17036
17074
17077
17088
17092
17114
17137
17139
17196
17262
17298
17319
17329
17348
17370
17377
17403
17436
17457
17463
17470
17484
17523
17558
17618
17619
17620
17658
17670
17687
17696
17703
17741
17742
17779
17783
17795
17825
17844
17860
17877
17917
17932
17989
17995
17997
18001
18018
18035
18048
18054
18074
18112
18144
18186
18191
18217
18218
18228
18262
18273
18308
18323
18342
18347
18355
18362
18369
18372
18405
18411
18447
18448
18461
18471
18517
18520
18577
18631
18678
18696
18717
18723
18764
18768
18769
18781
18870
18888
18897
18908
18924
18933
18967
18985
18988
18999
19004
19035
19039
19047
19052
19069
19077
19089
19185
19192
19198
19206
19215
19228
19249
19260
19277
19337
19357
19390
19396
19414
19467
19483
19530
19534
19536
19547
19566
19608
19649
19656
19666
19695
19706
19725
19731
19740
19765
19802
19820
19863
19910
19921
19937
19985
20000
20021
20028
20031
20036
20045
20052
20062
20151
20160
20173
20185
20205
20206
20210
20274
20282
20288
20292
20295
20311
20334
20343
20350
20357
20377
20386
20402
20405
20450
20462
20463
20471
20487
20488
20491
20522
20552
20565
20566
20609
20619
20638
20649
20675
20676
20707
20714
20823
20878
20908
20929
20956
20974
20985
20991
21021
21062
21077
21078
21085
21095
