20.44677
16.78869
9.278247
17.27598
20.73972
22.68244
13.27318
18.79601
9.226729
11.85241
18.22681
11.76664
20.40782
14.93583
16.2105
10.61108
21.99468
13.06361
13.83659
24.26821
9.635854
13.10665
19.29714
20.20845
12.00234
24.21081
21.9593
19.1193
17.09024
24.2391
15.19503
25.97228
21.20329
14.62983
13.2822
19.37191
11.79768
6.321813
8.958351
11.8151
16.02737
21.33331
21.52102
22.4867
12.58981
18.46063
19.96632
18.57679
14.49524
12.61753
16.65674
19.66492
20.34639
13.4132
19.37255
8.566889
6.219505
8.400457
17.00031
10.42976
3.728486
12.65349
2.819834
11.35287
12.07021
8.719516
5.227544
8.240539
11.24108
6.805205
3.721042
12.48872
5.365517
4.649451
-0.08182662
11.17761
8.244266
9.744246
10.08266
4.347112
8.276916
5.150652
6.106543
5.493198
2.961738
0.8658732
1.306988
6.711391
-5.145471
12.80656
8.482845
5.240966
5.146104
8.739985
12.08617
4.705366
10.01385
12.85066
15.84866
7.311563
6.524055
2.90427
0.6716833
7.786435
6.895051
7.677533
0.4041458
4.520539
8.896913
10.94411
5.060451
2.68619
1.611963
-2.914105
9.614681
1.633325
7.679392
4.214692
12.42104
4.097161
1.017704
5.497353
7.45676
8.745254
0.7778543
1.842919
11.97423
1.046591
-0.8703718
4.229891
6.136879
7.085073
5.007088
15.38627
14.92495
4.74994
4.68066
9.670514
8.558544
9.440488
3.881603
8.860075
9.047038
8.059155
3.024682
13.8676
7.216536
6.492238
15.02565
11.98758
-0.2270498
3.421188
1.73652
5.352521
-2.667511
13.86572
5.351623
7.412895
10.28748
12.67993
8.068843
8.334743
15.56673
7.192137
11.8511
14.63449
7.2296
10.42965
-2.343628
14.31018
12.4446
4.051095
10.14914
9.334437
11.05466
5.701179
3.497981
7.814402
1.742945
10.031
3.069884
3.234573
13.24502
8.479129
9.542809
14.55183
3.822739
6.681018
13.25156
8.840713
5.628491
10.62603
13.57346
12.79763
4.854343
18.5496
6.477905
14.03976
17.87122
18.37064
7.145043
8.04762
1.13203
4.4002
7.601158
19.34947
2.604824
7.291846
6.031753
12.59155
14.77248
10.09872
11.76334
6.407684
8.676682
15.65639
13.66709
9.094792
8.778224
8.461391
22.14667
8.320749
2.811591
6.539397
8.493067
10.50431
-1.618949
2.89719
6.027456
-0.6476982
6.771476
12.47614
13.45332
9.994804
10.15571
2.160177
11.88068
13.9945
10.09644
11.7607
2.095848
4.109454
6.56561
12.68914
11.89981
1.622958
13.61078
5.558783
6.073955
12.92433
8.965035
19.05549
9.74131
8.555252
14.2935
11.43867
7.054009
3.748699
12.7716
11.44071
10.6056
9.526664
2.802891
18.6335
17.04077
5.812434
9.333209
12.28155
13.23795
18.36334
13.26088
12.08413
20.76387
13.55352
6.024585
27.75583
14.70699
22.80769
-2.056215
9.63002
14.94686
10.33258
16.54252
25.60426
14.31406
14.05221
19.29376
21.79213
14.44887
12.54352
15.68704
15.61148
5.958019
7.330632
11.02251
15.13256
10.7742
16.94582
18.28008
5.520573
11.57483
12.95836
8.130083
19.39204
17.58076
10.821
11.06565
12.79822
15.30629
10.86164
17.67474
24.09986
20.16146
17.93907
8.336079
1.04384
7.104998
2.770845
28.21799
16.96534
24.27748
14.96454
10.33135
9.000626
13.15034
5.339516
12.14387
20.36831
12.20006
16.15841
12.557
18.90982
8.100696
7.011055
14.47928
12.21309
9.101816
8.978557
16.07869
6.625137
8.481422
10.41275
17.45905
17.95996
17.19698
21.7137
17.60715
10.62577
4.679543
15.82897
13.91016
11.0123
12.24674
10.97356
16.17185
13.83941
24.26863
18.61847
21.46151
21.38314
11.99719
12.7726
17.78973
19.59179
14.86153
17.64884
22.20504
13.09995
15.51778
10.82559
12.29036
11.06685
10.01412
18.3732
13.12597
8.188904
21.51267
15.66432
8.079471
16.76834
11.69007
17.17879
3.824709
10.69073
20.75104
19.83492
17.64103
13.53668
18.41434
18.01129
14.23697
21.68206
17.57056
7.212013
14.92677
9.964558
15.10951
6.466642
13.42937
17.01257
18.07652
22.53287
18.35169
17.47337
17.41317
19.83401
16.58574
20.46867
12.30903
22.80773
15.44373
19.48251
15.37329
14.74379
13.93029
13.51376
11.42894
18.70895
8.862205
14.2165
18.20003
15.75701
25.23822
16.76774
17.61553
17.89822
10.94539
22.28089
12.60103
11.19126
14.59392
15.06194
11.10387
20.17269
11.15585
16.79036
20.28479
9.409504
9.52386
13.19028
17.03563
26.02728
11.79069
10.93946
21.346
23.32986
15.96928
10.13663
21.24831
10.78533
14.3988
9.944228
5.687161
19.324
19.23618
20.05395
18.30762
17.28486
21.70051
15.10397
16.20849
13.99102
21.3299
21.05086
17.35758
19.87218
22.95389
20.37452
9.489526
21.4164
13.38899
18.74098
20.26032
22.65458
20.32605
18.60358
22.34121
16.70608
21.8193
15.97606
14.5669
26.9913
11.42476
18.98225
26.46341
21.52467
13.55851
22.5389
17.39545
20.16259
15.79434
21.64612
14.95634
18.55826
22.26571
10.31569
16.57395
16.16413
18.32844
15.00966
24.78841
15.16839
14.10987
18.4445
16.62232
18.36778
23.57981
15.02767
11.26705
21.6744
20.94608
13.92301
17.62942
20.00723
18.53326
15.909
23.96806
13.65235
14.05037
19.20362
14.66375
20.02479
21.55817
17.78381
17.94646
22.68301
6.254694
15.97819
15.71253
18.69238
15.14038
15.45305
14.73652
12.66862
17.81598
17.13625
18.70003
18.57249
12.62283
25.99589
19.49843
19.6624
26.09781
17.26357
14.83665
19.26979
20.65441
25.18789
16.2259
16.75111
21.98683
20.23478
17.06049
15.37805
22.41517
14.51292
22.86685
20.59187
24.94756
23.32279
17.94869
16.36728
25.05811
19.15049
14.39186
20.93918
17.41271
27.64509
22.95312
28.59359
36.49814
28.03809
19.83374
30.28515
23.68679
19.91971
19.06551
24.8176
19.18549
22.31712
25.29625
24.6933
14.19757
22.24536
30.68753
20.22434
16.94856
25.83779
23.85053
15.72211
21.7011
16.23049
21.17952
17.60412
24.80243
18.15206
17.91412
12.86448
13.9442
15.68057
18.67698
19.40075
18.55427
23.38745
18.66977
23.95237
24.98987
17.61882
24.2897
19.95554
32.18972
19.81043
22.14957
17.55704
15.0721
24.29601
17.36721
19.87083
11.24765
26.0835
18.56039
19.94058
26.87499
15.85475
20.44067
19.89973
13.04953
18.72461
25.93266
15.81993
30.26502
24.8229
20.77359
22.97804
28.31858
24.47109
19.83225
21.34161
19.05429
29.12674
26.28765
21.52909
19.49972
13.91873
21.63778
19.06414
15.34172
22.50503
22.80223
15.379
22.69266
22.00875
16.49326
23.1265
22.32079
27.29096
25.54512
20.61963
27.47261
20.61167
20.59021
28.46312
20.24359
11.19179
27.9225
24.17589
22.72519
23.19249
22.67817
18.18561
24.63809
28.14585
24.89095
18.70264
25.43419
17.99276
26.36153
15.50269
26.73476
31.84634
15.55118
29.21622
17.65967
30.72901
16.37515
22.2664
28.00241
28.8928
25.80881
34.52972
18.02719
27.47737
27.06441
24.96849
14.94277
25.17055
23.61567
25.55533
30.47344
24.30359
26.37824
25.16683
25.7551
23.84595
25.21995
33.14737
26.31019
18.50698
12.13515
23.17345
18.90308
26.6591
24.60421
31.15884
26.86289
22.20359
26.03001
26.04356
23.01027
23.89893
20.54407
29.75727
23.72848
26.22974
26.49924
21.49106
31.57851
22.01192
23.11386
24.4056
24.46888
29.01933
25.69028
19.76443
18.18648
29.27171
19.0075
24.65198
28.78772
22.5951
19.05967
19.19531
21.07295
31.21571
24.52212
27.54747
25.30539
24.51919
26.11367
17.45105
30.10206
21.36175
24.3628
33.26916
24.57871
23.42775
33.45487
30.59185
27.52809
21.56038
21.9005
32.05072
26.55297
29.48642
30.06443
20.93912
28.29559
23.0776
27.3326
34.00189
30.14398
35.14362
25.93063
27.84668
32.07512
25.74202
29.34515
24.73896
30.61286
25.27173
28.60955
29.0889
36.92843
33.90999
34.43222
30.12865
26.59008
28.217
20.61799
23.41365
24.08747
24.61175
20.30161
28.22688
31.59141
27.39115
26.09194
27.55189
21.20042
21.66216
29.5246
26.52752
26.60004
25.24437
24.42365
27.7066
22.62671
32.33159
22.53525
36.00147
26.91079
14.56204
30.02895
17.42021
23.60337
22.47054
25.1995
21.23126
26.15881
29.62903
23.70866
30.63848
37.78177
33.48015
25.89493
30.80946
26.25355
25.72257
28.62354
18.26877
20.47742
27.46
29.34226
20.14089
28.93292
23.08581
21.14417
33.67804
25.81054
22.1506
23.91824
23.72559
29.79585
21.67982
28.20625
28.34842
32.52387
32.44501
32.09322
32.25169
25.54881
25.75516
32.04673
25.85176
25.2258
32.23572
34.49985
28.50204
18.57174
19.37811
24.46997
23.32783
29.65198
27.96203
26.68827
25.95808
20.08789
32.04368
30.10201
30.71692
33.54193
26.55286
32.44545
27.00293
31.57473
29.96288
33.67753
24.34601
18.25956
33.28131
30.02011
29.28854
26.92556
24.42203
30.0588
28.05324
23.27625
20.13444
33.83349
28.37511
36.98051
29.69193
30.65948
21.5458
31.98728
33.85991
32.73787
24.25916
30.01486
38.12199
21.90885
33.02876
21.93489
30.34496
20.28776
33.56976
29.00364
27.34946
29.24397
27.29592
23.40721
25.92492
27.6562
30.50767
18.1016
35.7303
26.43164
32.4894
24.23069
32.84952
24.9804
22.71727
23.79983
24.22043
30.89846
33.65584
26.67465
17.08798
31.46864
23.71394
23.41125
34.81856
29.06829
20.3891
28.6689
26.8693
33.85237
32.97151
27.40284
35.31701
23.56872
24.80796
23.43614
26.93966
38.12812
21.58008
24.16391
24.98455
30.8753
35.62734
23.76891
27.60352
29.15892
20.7495
22.30123
38.64869
28.47672
23.62262
34.34995
32.60092
31.35884
38.05159
23.76061
34.11731
36.87268
39.16018
43.24939
34.11895
28.68583
30.89924
24.42448
39.75291
36.84479
38.52006
35.13073
26.97655
32.5626
27.07696
27.50833
33.06089
33.67677
25.96118
40.41109
29.45011
31.9742
27.03845
30.4703
27.01888
30.1675
37.88883
33.73442
28.97038
33.21874
30.73252
33.82164
35.77454
29.62743
27.49304
32.94112
44.42599
30.64863
35.43308
30.69298
33.92558
27.43038
44.57705
37.63179
40.98794
20.27161
34.71164
27.80583
36.27208
33.1737
27.75425
31.74919
28.30849
33.73589
27.82094
28.98108
33.88094
32.68211
28.13801
34.52207
31.25186
30.56103
30.67236
33.58075
31.2333
29.68281
32.74228
26.67953
33.28158
35.56595
37.1358
35.51092
38.18591
31.4562
37.94045
33.19652
45.82019
37.41038
37.23328
27.4508
33.85368
30.02831
20.59198
27.60883
33.2489
35.61486
33.30269
35.79956
38.38449
36.04047
31.31473
26.59582
