7.444113
-1.356082
-0.3414892
1.319682
9.141968
7.807717
1.225074
4.389812
-1.758179
-0.04521947
3.416603
-0.6310752
8.799117
2.747645
2.165527
2.471383
3.451951
5.020018
-1.586082
8.804497
-2.12202
1.742685
5.517315
6.217864
1.100599
9.157268
6.213159
5.28213
2.028365
4.540713
4.365855
8.151406
8.707486
0.5645905
1.030416
6.369799
-1.925248
-0.3528087
-3.442892
-1.814477
-2.367648
8.917062
5.879032
4.458078
4.877611
2.041405
5.055047
3.193754
-0.2519838
0.6811478
7.415074
0.003861526
5.757585
2.050441
3.034186
-5.867591
-6.680156
-5.597903
-0.9359354
-8.007436
-5.809909
-1.833275
-6.576156
-6.765647
1.112684
-5.372799
-6.416963
-9.203533
-0.2761159
-7.174686
-5.544521
-3.863064
-6.979214
-11.37087
-10.64164
-8.170081
-7.104914
-9.018968
-4.628398
-7.751957
-11.63427
-5.667394
-12.42538
-5.588631
-8.20587
-9.798977
-11.07383
-8.870225
-10.63013
-5.731853
-5.673826
-4.080888
-10.17981
-7.675526
-2.075786
-4.788072
-3.461093
-11.71696
-5.267942
-3.172898
-10.99158
-11.81501
-12.99799
-7.51373
-4.178283
-4.772155
-9.690134
-9.814112
-6.792723
-4.795651
-10.53657
-8.285247
-9.173681
-9.956413
-5.287917
-11.94121
-8.717451
-8.780115
-2.450779
-7.442741
-9.487244
-5.302901
-5.448078
-4.787041
-7.708283
-12.14898
-3.452864
-2.45835
-7.673008
-11.36794
-10.07129
-3.58184
-6.87917
-2.298302
-1.752175
-5.855362
-10.20743
-2.703653
-3.457061
-6.803815
-2.341745
-6.677767
-3.117566
-5.190987
-12.141
-3.311374
-3.551548
-7.407253
-1.152948
-2.429376
-7.901461
-6.766623
-12.88637
-7.006198
-16.24235
-0.5399563
-11.02417
-6.900908
-4.687003
-0.3414098
-11.13428
-8.574038
-0.5330815
-4.911777
-3.665779
-0.8400489
-5.946614
-6.558973
-12.14437
-4.641767
-3.527682
-4.906161
-3.53646
-2.491563
-6.950507
-9.387153
-7.131842
-7.584996
-12.25164
-5.075647
-9.886201
-6.167645
-11.25872
-5.382393
-4.149514
-0.3777531
-9.337567
-3.929151
-2.608786
-5.621033
-7.032764
-5.928365
-1.651046
2.310424
-8.439352
2.081287
-6.725432
-0.8544041
0.5299756
0.8507496
-9.318619
-3.550336
-15.0466
-11.06037
-4.260074
1.43084
-6.730294
-4.73822
-0.1445863
-3.437873
-1.127983
-3.162637
-2.261609
-7.580166
-4.847482
-3.334052
1.033253
-7.38031
-5.684983
-7.012958
8.750301
-2.389891
-6.965037
-5.418008
-0.2805158
-8.300481
-9.228574
-7.802866
-6.667212
-11.54883
-5.827196
-3.532228
-0.004132247
0.6735338
-5.599314
-7.937864
-0.6741217
2.287887
-4.219407
-4.880477
-12.18492
-9.045287
-5.430019
-3.077862
-3.552998
-6.197093
-5.151882
-5.056725
-2.781928
-2.690253
-5.714929
2.221012
-6.892626
-8.803169
-0.2388502
-7.31894
-4.55453
-11.67343
-1.712616
-3.628483
-2.18997
-7.189117
-4.709876
-0.9567122
-3.257608
-10.2805
-3.057217
-4.956945
0.3152541
1.969413
-0.6214475
0.8607149
-3.74854
-3.831551
-8.723726
4.358779
-1.654964
0.8066604
-11.2571
-9.487219
-0.5843887
-4.77457
1.023758
1.406631
-2.422871
-3.552966
-2.468205
1.209255
-6.620137
-4.561786
-2.660857
-1.802426
-5.861916
-11.35264
-0.6807886
-0.9413589
-2.046142
-0.5214789
-2.481159
-6.032472
-1.454427
-6.554597
-6.347461
-0.1199
1.342141
-7.382519
-9.902283
-5.899175
-0.855688
-2.898184
-1.664124
1.360704
0.4475544
-2.00696
-5.732203
-12.72527
-12.22235
-9.742794
2.421809
-0.3197556
3.209955
-2.31243
-5.930534
-5.001087
-7.036095
-8.065521
-0.3546105
-1.312818
-3.132367
-1.429088
-5.822474
2.87074
-8.911793
-4.558258
-5.519686
-3.193985
-7.478839
-2.845249
-8.5677
-2.880236
-3.730689
-3.574159
0.6426441
1.749894
2.49595
3.799375
-5.299816
-5.327784
-6.170812
-2.11398
1.88209
-6.159979
-3.993127
-2.160507
1.904267
-0.5155383
4.569222
1.370183
1.114348
1.203602
-0.5643139
-3.350425
-1.911201
2.751497
-2.3563
0.4750151
5.521048
-4.421998
-6.635289
-5.259773
-12.19818
-8.734955
-3.231243
0.06630671
-6.595681
-5.934484
-0.5282331
-3.104948
-3.7453
-3.460798
-0.5112598
-1.246128
-9.185279
-2.42826
-2.616029
6.010106
-0.9459985
-1.328664
-0.072333
2.007057
-3.221104
-1.503659
2.413765
-6.35217
-0.4517342
1.136077
-6.120669
-8.90839
-6.701043
-2.659719
-1.494934
2.368546
0.7666997
-0.6590535
-0.8450562
-1.399306
2.86265
3.277041
-5.228996
-2.439514
-7.090056
-0.8114226
-0.9943597
0.3878751
-9.905394
-3.120842
-4.384401
-1.538858
-6.807406
-5.814179
2.579584
-6.851505
0.4205195
-0.775328
-0.4641883
1.068514
-3.01819
-0.05494262
-2.840556
-6.644457
-4.880784
0.4977647
-2.719944
1.031253
-4.618627
-0.6241796
1.035378
-3.456793
0.1864527
-6.64056
-0.2374766
3.559288
-3.522201
-7.2066
3.146942
2.698401
0.5978922
-3.780989
4.129216
-5.535547
-3.208263
-9.35598
-9.626623
0.4926502
-4.626738
3.206326
-1.857032
-2.61396
2.960246
0.3718574
-0.6259323
-1.119576
6.982805
-0.9368738
-4.607731
-1.90039
6.859287
1.343232
-7.873641
0.8490053
-7.511917
-1.834107
-0.1868952
0.6663639
4.006845
3.039258
1.8747
-2.476494
3.395289
-2.323445
0.5706398
7.119805
-1.099678
1.21502
1.160728
3.881887
-1.835174
3.164683
-2.12723
-4.698678
-2.572486
1.44276
-3.887201
-0.4477416
4.275428
-7.266288
-2.481317
-3.117793
-0.3849879
-3.221269
4.052128
0.8186327
1.447913
-3.731826
-2.528095
-0.8206853
2.668194
-2.314949
-2.73849
0.2098212
6.298131
-4.430238
-3.145486
2.496772
-0.4699571
-2.294662
-1.248558
-1.222654
-5.454308
0.3476678
0.5447227
0.8381592
1.777546
-0.2796009
-2.354223
4.968874
-9.86559
-2.372993
-4.516167
-3.561629
-5.853936
1.707543
-2.543501
-2.601864
0.2963769
-1.961138
5.653475
-1.433758
-4.120134
-0.8483233
3.67201
-2.864278
7.647719
-4.905666
-3.051328
0.9719614
-1.756062
8.513706
-5.903745
-6.657091
0.8687498
0.02156365
-3.798739
-2.006885
3.718326
-2.015054
4.433708
1.927238
-0.1175523
0.6391655
2.646766
-1.520088
2.364542
0.4891364
-3.91003
1.23445
3.37046
6.983114
-0.3730508
1.901201
8.500211
5.199953
-1.806294
11.81399
0.01123612
-4.095217
-2.847656
0.06087497
-2.811226
0.04454382
3.085379
7.249639
-1.580039
5.831907
12.30981
0.2414483
2.838692
4.769069
3.984948
-1.613788
3.385526
-3.420808
1.517397
2.247227
5.459258
0.6918393
-1.696287
-5.412251
-0.8489736
4.795359
0.4365692
-2.540465
0.9671592
-1.109497
2.119176
2.371773
-0.53225
1.738166
-0.2744641
4.706576
7.264408
-0.3503257
4.573808
2.456284
-5.713694
2.824712
1.259033
-3.459282
-3.503379
3.714102
3.883301
-2.099896
5.652437
-2.846503
2.017492
2.379321
-3.808455
-0.143738
0.7402553
-0.9468915
9.247895
5.261688
1.632737
-0.6835903
6.924545
3.408977
-2.600394
5.171304
-0.1664904
4.426215
4.227322
-1.975907
0.04166552
-2.753883
-4.043242
4.540648
-2.227754
1.645212
2.97533
-2.551587
3.284874
3.392842
-4.272369
4.59012
5.109953
1.107415
4.803344
2.382821
9.136847
-0.3887866
0.06994116
8.742537
-0.2050658
-3.154446
6.79671
3.354363
-0.7636634
-0.7036173
5.978613
-1.292228
7.88871
3.070403
9.211025
2.003627
2.915255
0.3547058
5.808469
-1.90529
2.95061
10.83032
-3.311485
3.737064
3.683171
7.117648
-4.067639
3.963683
5.410167
5.920666
4.727022
11.96128
4.301389
6.872442
7.975312
6.076293
-1.769805
6.929102
8.272177
3.807659
8.229248
2.737156
4.349126
5.498325
3.072764
5.746797
0.08681417
10.52
3.631798
-2.567261
-1.944584
1.399069
-0.701173
3.914685
4.545699
7.479699
-1.00762
2.237861
8.054875
3.631464
6.287429
7.36293
0.6675591
2.822796
1.661663
1.765412
6.708644
0.6354873
13.43282
-0.5439548
4.759772
2.441885
6.783432
7.746565
4.707634
-0.06108935
-0.1565664
7.977853
3.043537
1.726121
4.229303
5.585743
3.210422
-1.28026
2.524481
7.023131
0.5034167
8.288195
7.173968
3.959059
3.744859
-1.843217
6.435399
1.110277
-0.3791865
6.984253
3.206185
3.379353
4.517439
3.343335
3.774669
1.301959
1.903571
6.199345
0.4443466
5.626937
3.252067
2.246583
9.254435
0.1456125
5.935837
6.237191
8.035545
8.821796
3.231611
7.56809
3.002884
3.679739
12.1167
1.548172
7.201547
3.517248
5.420885
5.194154
9.552802
9.524817
7.451294
6.799269
0.7838967
6.065271
0.9645494
2.170676
0.2459709
6.259749
0.5275877
5.545661
8.718093
-0.05249627
-0.6024911
8.427221
-2.132302
2.440763
6.662912
3.331824
3.438083
3.421454
0.7988113
2.736633
3.168753
5.926725
-1.572404
10.10366
-3.108804
-0.5410131
9.303172
-1.098986
6.856208
-3.247462
1.55177
6.039213
5.945225
1.807751
4.254039
8.074452
10.76831
9.125843
0.7902206
5.806587
4.147088
-1.143019
6.164853
1.75094
1.985979
2.889151
4.810253
1.451496
3.593314
1.95096
1.202093
1.777354
5.859183
8.377163
2.481977
4.428548
4.153516
-0.9672979
4.043066
5.735223
3.418444
7.056725
4.706891
9.522985
5.264455
3.639987
11.92975
3.714384
2.795494
5.69731
8.820293
4.868904
-0.9436384
-1.459868
6.572828
2.226224
7.728995
4.125896
7.844662
3.61336
-1.155535
3.806586
8.946499
4.909763
10.3978
3.625139
6.713601
6.11529
11.32899
7.388563
7.433847
5.077707
1.950122
9.746193
7.712045
8.869271
5.526115
5.453569
7.829665
6.382924
3.099138
-0.7924284
2.126107
8.277859
9.466576
6.5253
8.327457
4.388114
9.81847
7.314004
5.866907
2.855003
6.970117
11.58195
-0.8125596
10.81219
3.07271
5.377405
-1.954542
7.884417
5.443281
6.090603
7.252037
1.210764
3.83657
5.352967
3.835728
4.555164
-3.241307
10.40587
1.978508
5.959038
0.8390878
7.671236
1.444557
1.939165
2.467073
7.98237
7.737859
11.69592
0.7290033
1.134062
10.28202
2.991708
2.22292
10.82867
6.453389
1.206486
1.300868
5.502816
9.773017
3.34922
1.618437
9.098861
-0.6041465
2.259095
2.172685
2.527742
11.059
0.3687445
4.238828
4.031147
10.51645
11.09967
4.75636
7.316222
7.044216
4.74965
-1.26507
8.854389
3.514106
0.2461575
10.0776
9.982797
7.972755
7.857357
0.5924589
10.76164
9.927058
12.32987
14.7207
6.58152
5.365147
8.795997
2.821755
13.00849
8.284906
9.516921
5.91036
4.680234
6.658264
4.559103
7.308899
8.985849
12.5729
3.585263
12.4076
3.923683
6.920087
6.641889
3.665543
5.896474
4.886688
9.065649
9.932579
7.927145
9.767663
7.857833
5.104829
7.214395
1.860856
3.369043
3.931701
18.13592
10.13891
5.027488
7.767212
6.163764
5.199675
17.62929
8.443768
7.806563
0.1003387
10.34851
8.01258
7.113829
6.534971
4.409871
9.149752
5.612288
3.534381
-0.9779653
7.28038
5.760859
7.620819
5.150401
10.99272
5.445131
8.08307
10.24946
8.419116
7.262111
4.242233
8.074457
3.595525
4.072097
5.353581
14.02644
8.785595
11.34645
8.917641
11.52634
5.873321
16.90316
12.13528
8.258053
3.734136
11.36031
5.818613
1.764111
7.384168
10.40189
10.41373
8.74487
11.39077
11.81843
9.382722
6.781082
4.31148
