13.14607
23.43605
20.16121
22.72886
20.52839
29.30201
1.311117
9.448865
12.23482
18.54545
12.59981
13.94561
24.34084
18.76047
15.1587
7.670136
27.02512
16.42667
19.86698
29.47042
0.1342381
14.30801
19.41386
23.26704
13.56428
27.27149
23.45664
15.23277
20.97516
23.59333
13.77539
18.38169
23.59219
11.08695
4.514462
21.30443
13.72092
-3.378078
-0.1272424
12.64023
17.18125
20.29658
13.08752
26.3827
20.13989
14.13518
18.27452
19.37477
15.83488
6.686944
12.58957
24.6207
15.42974
7.019804
26.9378
3.695689
2.361041
18.81979
22.7711
14.45192
-2.281239
14.14016
1.840462
16.03296
14.19433
11.52249
4.425443
2.489496
10.6012
-1.666171
6.713482
23.63488
1.598752
-0.5956487
-3.129527
10.60736
3.524364
19.57165
11.64149
13.26557
8.700651
5.524572
3.145021
12.70204
8.827502
5.118091
4.933491
-1.480888
-0.4260788
1.893852
13.32242
5.403819
1.237665
12.84096
19.80407
6.16753
5.539188
-0.4450562
9.288384
6.812535
3.242342
1.068599
-9.750841
8.648529
6.645898
3.49934
9.298156
0.6409633
6.26782
10.23399
5.510701
6.57522
-3.780968
-12.38607
9.958825
6.792789
1.341775
1.532841
13.2333
10.97978
9.072087
19.08378
7.996218
7.857646
0.5436296
6.486969
21.08105
-9.513239
3.206259
9.515828
7.268959
1.300897
-1.791791
14.12288
15.03701
3.857538
5.727193
12.24454
12.66806
-1.239124
18.95767
17.32055
8.575244
8.687815
-0.788182
18.74386
-3.31147
2.93654
22.26893
5.097405
-12.23659
0.4491204
3.958616
13.50936
-7.904472
13.28985
-0.007020903
8.779689
3.788252
14.2666
5.215849
8.88586
12.84451
6.019103
12.9528
16.39697
3.934639
12.04073
-1.779807
20.05746
5.307332
-0.04961263
7.393268
11.41834
9.79588
-0.5913508
-1.622593
0.5120149
1.151218
15.14051
-2.45428
0.3231512
9.04352
11.61243
1.641269
13.00785
3.593164
10.9402
2.936108
10.55748
6.622968
13.29297
15.57339
14.97227
17.03243
19.5658
14.61754
10.59722
16.96686
21.90898
2.067583
6.112287
-0.9723336
17.29282
3.970624
15.27469
-2.298428
8.38557
7.06834
7.306372
13.86336
6.195166
20.64791
5.271183
5.963963
20.0512
18.77995
12.73656
3.936958
4.558985
20.06296
7.530252
-0.2004617
11.9296
12.11741
17.78521
-12.07647
-1.012154
-2.258303
-9.171925
4.552581
8.824315
14.52273
10.88447
6.191801
-2.65315
14.19
2.72702
3.185324
12.75521
9.079338
-0.8141364
0.5846997
-0.095653
10.16434
1.559502
6.967076
-1.27349
0.8095861
10.9317
6.39514
24.01203
8.33197
8.659057
31.1467
12.84202
1.58995
2.535752
9.750256
14.09378
4.868809
21.92839
-0.2584128
21.26601
17.31096
8.180775
10.14908
9.064883
11.272
16.67726
11.39013
10.85126
16.16064
8.434251
7.208993
27.4241
6.91214
26.71764
0.8192993
5.382264
23.64782
3.361308
19.40002
28.1032
7.257622
2.402418
6.765067
16.86775
16.58502
17.9099
16.78076
15.28515
8.602389
11.32275
22.00532
21.11433
15.65093
12.89282
11.69988
9.73751
12.37965
17.14134
10.63652
21.47914
16.1517
17.39614
10.43724
1.579605
23.76519
8.474903
13.35137
24.37724
22.75131
22.85359
9.659013
1.452342
-7.135216
-0.42202
26.91023
23.01731
14.05968
21.72267
14.86618
11.31904
16.27481
4.585362
15.35607
13.91918
13.37843
12.22862
8.405449
22.59782
11.16145
-2.117197
23.15663
6.660451
10.46302
13.79698
18.41566
22.59404
1.245093
14.96918
31.65614
20.39097
15.55081
21.87817
16.09838
13.74603
-5.561124
9.353667
12.70069
14.40219
13.88259
21.41082
12.43411
14.88916
28.01479
21.82983
14.94961
14.2689
17.25677
7.938999
26.8956
11.39326
6.281295
21.68709
12.1526
15.02795
13.5047
12.80937
15.62037
14.5612
8.092833
20.93459
10.58831
15.83413
25.34412
15.54616
6.351895
13.86059
10.38863
16.73498
3.247181
14.22818
14.26313
7.051999
25.05599
9.990398
13.16676
8.130091
19.82008
18.28628
17.52544
20.52786
15.66202
1.738408
15.03924
14.51288
14.87687
15.47916
13.59445
18.05889
14.8606
19.68247
23.25134
18.99975
15.45354
19.12571
23.08421
14.18728
17.73361
23.22887
7.477503
21.45399
9.148113
12.46787
9.659391
21.48577
10.47619
12.03074
13.8719
6.801511
19.80393
18.75283
15.05635
18.84047
6.653179
26.37768
13.06892
11.00149
16.03497
18.99716
16.11343
17.93918
8.740802
16.75388
19.91775
4.712552
11.23428
8.064706
14.93435
23.19913
5.608945
11.66138
18.05652
32.68603
13.00017
12.93979
14.11239
12.57267
10.43665
15.83451
-8.672882
19.80296
17.05855
24.31559
18.6141
18.56922
13.0449
31.41276
14.08753
15.54666
28.27827
28.04109
16.64658
21.51173
31.87151
11.188
15.31122
29.11967
21.28067
14.56914
24.28594
32.02196
18.67159
12.20157
22.09413
11.75698
16.15641
10.18837
10.46733
23.35186
9.882661
24.85511
24.21192
23.41073
13.31533
24.11739
23.26964
23.1836
27.88831
21.19028
12.9141
18.94093
24.00925
20.47434
15.49982
17.85449
23.52399
12.83437
24.09365
15.053
14.66245
20.77936
25.97217
16.38995
26.545
15.43012
9.851116
24.7189
15.4809
16.37024
10.99287
21.7789
13.22125
9.355911
20.61682
12.88338
8.18387
16.66265
11.61732
18.0498
14.3181
10.60984
20.2576
27.43535
13.8842
17.52965
7.478526
14.10482
11.04501
22.06304
22.74048
9.557462
5.61664
22.07256
17.6404
14.24145
14.64994
32.07432
21.49728
30.59454
20.5833
20.60946
12.04896
24.79788
20.96123
25.84941
22.29374
24.71152
24.18369
30.5811
21.93326
12.99605
23.56043
3.563718
30.53483
13.17905
27.4747
25.38335
21.17496
16.70313
18.03317
12.61736
15.80039
22.37136
19.27448
42.06826
18.14863
34.85736
33.57351
20.97242
18.36984
32.03358
27.02107
23.36797
18.30618
24.76521
27.39193
27.97691
29.35589
18.90063
15.188
20.10582
27.94719
19.31622
13.20157
28.0882
36.06971
14.24115
17.69288
14.68754
18.71092
17.63486
21.53705
21.85332
14.15877
6.867314
9.095692
24.69503
24.98295
28.40508
17.81114
20.83272
20.76455
20.79705
29.86878
24.91763
26.12618
22.07511
32.11048
30.30195
22.58178
12.47444
18.01097
35.35414
20.5253
19.95513
-0.4227992
27.68444
14.85225
11.73701
23.13935
23.49683
23.58799
16.26414
16.80146
20.22177
24.93704
20.94285
35.12725
21.49581
29.46653
15.57887
22.35021
23.65426
25.46897
16.80686
13.45629
17.13276
17.59271
27.21728
14.00819
10.24941
14.17226
12.71076
17.36308
13.8757
22.35094
8.079452
28.43801
23.84441
23.72303
18.59161
26.02798
41.49963
34.05848
20.47625
17.97028
18.22542
30.36398
32.41233
14.08066
3.698144
37.03827
23.48745
17.0982
26.40187
17.22816
17.11827
34.21356
32.89072
30.78865
12.73741
34.37029
19.35712
27.70799
22.10769
23.92039
40.87372
17.95311
25.21255
17.02095
36.55733
23.51173
18.11069
31.55078
33.14758
23.43506
35.54422
30.61694
27.23286
25.27369
27.473
14.41076
26.74722
17.83018
28.09076
37.16224
24.32819
13.74771
31.17544
33.14367
28.28377
21.3315
32.88825
19.78936
12.18074
10.424
27.92492
18.95362
26.80178
27.04082
31.49656
23.13729
14.15073
27.67948
25.93798
23.29591
19.13847
27.97598
39.32629
27.10337
27.01247
26.39927
22.31909
33.62125
13.28119
12.34049
15.25562
15.14167
29.79312
22.55997
11.51192
20.81298
36.33432
18.48791
27.24198
33.58022
19.6202
18.05385
13.6453
17.46939
23.82233
24.34213
21.69587
20.05449
30.27151
27.0764
28.76897
30.63235
24.57452
20.73611
33.94684
26.32796
22.00337
36.13201
35.24105
32.15046
15.2932
28.38629
25.1483
29.11982
34.17667
26.70148
16.41618
29.85126
19.20251
32.50331
33.92601
34.36912
34.14468
30.38717
33.99023
37.26517
24.25263
20.08713
30.2886
25.18259
26.57935
29.27181
31.55199
42.98671
37.57791
37.42966
31.74472
27.35165
33.11601
19.16375
17.90901
16.35046
33.75754
31.51306
31.60612
33.37633
28.87664
26.49678
37.90143
20.20615
27.92393
16.39722
26.13276
27.65877
29.82657
20.86687
27.93627
20.19214
23.65765
21.19544
28.34953
33.97168
21.19723
33.40149
20.17158
27.97355
8.494779
21.72962
27.4426
26.34383
24.61943
26.2934
41.18668
40.19982
50.94339
24.59401
38.5406
29.46026
32.10714
31.2908
20.0835
17.95705
21.0132
23.16637
26.0442
24.50553
21.40835
24.86498
34.59797
22.6442
17.58434
33.679
32.90507
28.17364
11.47462
36.1779
21.84576
26.6061
37.72392
31.17984
37.26276
28.56585
19.408
25.81362
33.52163
25.51928
39.53213
32.08027
19.51774
13.67777
23.88246
18.825
18.62154
27.9334
28.42314
22.68817
14.45013
21.88102
24.47548
25.23939
22.5972
36.01515
18.1308
31.2559
34.21578
30.74318
31.87267
39.95229
29.64768
17.07415
31.56338
38.87913
25.76015
27.9421
22.37973
37.23917
32.80427
22.74934
24.47105
39.18266
26.34672
40.07309
19.606
27.02833
14.05296
31.84563
44.68093
28.8204
28.83121
31.34119
30.81083
16.25778
27.42073
17.6495
19.5382
25.37024
42.10056
29.67303
25.41043
29.39637
23.1336
23.39945
25.52502
38.14357
26.84143
26.96475
42.37341
19.30823
27.23908
20.41557
32.99099
19.57501
27.40092
15.09891
26.50588
35.14202
32.12103
30.53929
24.93165
21.32597
27.82424
27.66652
30.65608
29.2266
16.27706
30.5502
38.50463
33.37682
33.75057
31.15885
39.26624
23.83107
17.30344
14.90075
23.08497
40.77403
15.52454
21.36488
29.88135
32.53836
32.30612
26.47744
22.67213
39.41195
26.29753
23.47044
35.80812
28.31314
26.38194
30.87148
37.21239
37.07221
34.8322
24.48615
41.63879
36.69578
35.19586
51.29771
32.40022
33.73793
34.98709
25.85155
44.36562
36.19023
32.82629
43.48215
28.87148
26.06723
24.64675
28.52169
35.03955
38.17376
32.3022
52.34063
28.42189
28.11476
28.27814
40.21533
26.89106
24.0494
37.8697
30.80913
20.66997
45.07005
29.57202
33.29692
37.40289
28.11566
19.155
38.92578
50.10542
38.85158
28.78941
39.21633
36.38523
25.64372
44.41585
42.75925
43.55239
20.55762
31.34387
23.3061
42.96334
31.61162
32.77845
36.92081
30.13583
35.20372
23.04061
26.21885
34.7237
41.9903
18.9323
45.23015
49.85618
25.72901
36.32927
32.19464
30.31976
24.81209
29.0483
31.80321
43.54036
36.19454
28.30295
39.47843
42.46854
32.12062
35.03145
38.59347
52.93159
41.44843
44.27014
24.93927
34.7611
29.74189
19.20653
29.27373
32.29012
35.40876
27.88256
31.52388
34.80579
44.76202
29.87846
22.45883
