0.14340999999999937
5.29128
10.541473
6.77256
8.930640000000002
14.42729
-10.736983
-4.9573350000000005
1.2499099999999999
6.647819999999999
-2.2104
1.5478900000000007
12.73214
6.572290000000002
1.113719999999999
-0.46955800000000014
8.482390000000002
8.383079000000002
4.4443100000000015
14.00671
-11.623631900000001
2.9440399999999993
5.634039999999999
9.276450000000002
2.66254
12.21795
7.7105
1.3956
5.9132799999999985
3.894940000000002
2.9462100000000007
0.5608199999999997
11.09639
-2.9782899999999994
-7.737318
8.30232
-0.0020100000000002893
-10.052699
-12.5284824
-0.9893399999999986
-1.2137700000000002
7.880329999999999
-2.5544700000000002
8.35408
12.427695
-2.284049999999999
3.363249999999999
3.991740000000002
1.08765
-5.249445999999999
3.3479069999999993
4.95965
0.8409399999999998
-4.342956
10.599439999999998
-10.738791
-10.538619
4.821430000000001
4.834849999999999
-3.9852700000000016
-11.819633999999999
-0.3466100000000001
-7.555529
-2.085560000000001
3.2368000000000006
-2.56982
-7.219067000000001
-14.954574000000001
-0.915989999999999
-15.646061
-2.5520810000000003
7.2830999999999975
-10.745978000000001
-16.615968700000003
-13.689347
-8.74033
-11.824816
0.8084400000000009
-3.0695700000000006
1.166500000000001
-11.210539
-5.2934779999999995
-15.386899
1.6202100000000002
-2.340107999999999
-5.546759
-7.447329
-17.062507999999998
-5.9107378
-16.644558
-0.8342500000000008
-3.9180349999999997
-14.088255
-3.5745500000000003
5.642109999999999
-3.325907999999999
-7.935752
-25.0126762
-11.828215999999998
-3.6719250000000008
-14.273298
-13.650680999999999
-23.420521
-6.651641
-4.4274320000000005
-8.95035
-0.7961239999999989
-13.6936867
-9.42182
-5.50578
-10.086319
-4.39622
-14.566608
-19.428378000000002
-4.9437750000000005
-6.781751000000001
-15.055065
-11.461969
-1.6385199999999998
-0.5601199999999995
-1.4328629999999993
8.28353
-4.908622
-5.674653999999999
-7.942507399999999
-7.504930999999999
5.653960000000001
-13.018180000000001
-3.5963769999999995
-6.082001999999999
-8.939211
-9.366012999999999
-13.678051
-3.5616900000000005
-1.6401199999999978
-6.747762
-9.160897
-0.1296299999999988
0.6524600000000014
-17.483424
12.734322
1.7827100000000016
-3.5893560000000004
-4.5623249999999995
-15.953872
1.5648800000000023
-14.07955
-10.96295
6.090330000000002
-9.319545
-19.911002
-9.7386896
-10.664273999999999
1.1506399999999992
-21.479312
-1.1158200000000011
-16.382820903000002
-5.534111000000001
-11.186228
1.24526
-13.987281000000001
-8.022920000000001
-3.255300000000002
-6.0848070000000005
-2.5640800000000006
0.9224300000000003
-9.241570999999999
-4.947890000000001
-11.580549
1.1055199999999985
-10.664947999999999
-9.00686863
-6.292332000000001
-0.4076599999999999
-8.20929
-15.6796808
-12.252413
-14.8873851
-12.843372
0.03386000000000067
-15.41036
-9.0790668
-15.460230000000001
-2.2490900000000007
-12.051051000000001
-1.9217399999999998
-9.567146000000001
0.3300300000000007
-12.924232
-3.9042700000000004
-6.038292
-3.2614300000000007
0.34888999999999903
4.48507
3.738730000000002
3.097480000000001
1.4141999999999992
-4.296939999999999
-0.3743799999999986
4.3890899999999995
-14.396077000000002
-5.485673
-17.150963599999997
1.8322499999999984
-7.890606000000001
-2.6439400000000006
-11.633547
-3.6445000000000007
0.8920000000000003
-8.723058000000002
-2.0371000000000006
-7.066193999999999
6.622959999999999
-8.716667000000001
-7.5601970000000005
1.0607500000000023
6.14612
-3.7385400000000004
-10.526252
-10.915365
6.666590000000001
-3.1803879999999998
-9.9770907
-0.02780999999999878
3.343826999999999
-1.0195800000000013
-19.686095
-11.712214000000001
-14.952973
-20.073055
-8.046089
-7.184054999999999
1.0652799999999996
1.5632000000000001
-9.563219
-12.75119
1.6351999999999993
-8.97959
-11.130526
-3.8859699999999986
-5.2014320000000005
-13.968876400000001
-11.4109303
-15.862663000000001
-5.288460000000001
-6.260549
-11.795594000000001
-11.889000000000001
-8.0462969
-4.682880000000001
-8.28482
7.17755
-8.301969999999999
-8.699362999999998
16.61435
-5.91559
-10.01859
-12.886377999999999
-4.733953999999999
-0.9754199999999997
-7.926761
5.2126100000000015
-7.7711798000000005
1.6758000000000024
-2.98742
-7.9121549999999985
-2.2413500000000006
-8.173616999999998
-1.6507000000000005
0.2833299999999994
-2.492190000000001
-0.37216000000000093
-8.351769999999998
-8.950828999999999
-7.539317
4.027049999999999
-9.44981
4.716609999999999
-8.3815827
-13.734976
8.11657
-11.745842
3.8812500000000014
3.905570000000001
-9.479308000000001
-15.202762
-14.996892999999998
-3.715119999999999
-4.483989999999999
0.804590000000001
-1.5671399999999984
-2.1287600000000015
-3.2175510000000003
-7.360520000000001
10.30202
5.040409999999998
2.830580000000001
-4.574480000000001
-9.06136
-1.815529999999999
-0.6495999999999995
-2.37162
-3.8410199999999985
1.9672000000000018
-0.08691999999999922
-0.807380000000002
-10.53069
-17.117784999999998
7.603210000000001
-5.284917
-5.987500000000001
1.6380800000000022
3.0374100000000013
2.90756
-4.409267
-12.316768
-26.462556
-12.93566
1.1140499999999989
5.7322099999999985
-7.007839999999998
4.445700000000002
-1.3957100000000011
-2.68267
-3.9116300000000024
-8.819678
2.85759
-7.761949999999999
-1.9540000000000006
-5.358879999999999
-9.974021
6.55874
-5.851039999999999
-13.686506999999999
3.15766
-8.746629
-6.117629999999998
1.9731699999999996
-6.230730000000001
13.088667
-10.967016999999998
0.9822699999999998
14.83973
4.180899999999998
0.8497800000000009
3.9638500000000008
-6.808580000000003
-2.2075200000000006
-16.411474000000002
-8.589283
0.6726200000000002
-2.7700900000000015
-2.3572699999999998
8.276750000000002
-1.8334700000000002
0.5342099999999999
8.31539
4.58155
-5.397549999999999
-5.910639999999999
4.695259999999999
-8.184031000000001
7.1946600000000025
-5.44703
-10.936535
4.5132600000000025
-4.531390000000002
-2.4939999999999998
-8.64837
-3.2760000000000016
-8.868170000000001
-5.24061
-5.152526999999999
2.627700000000001
-9.13334
1.7107399999999995
3.3032199999999996
-3.2230999999999987
-5.472874999999999
-6.368550000000001
-1.8127000000000013
-1.6899300000000004
-9.762809
1.10919
-9.103939999999998
-6.772810999999999
6.468960000000003
-4.874951999999999
-5.31991
-7.874148999999999
2.362000000000002
-4.8994399999999985
2.368639999999999
6.96368
0.28351999999999933
-7.090072000000001
-6.190940000000001
-0.8621500000000015
-5.253550000000001
-4.19313
-5.9769999999999985
-2.1054299999999984
-2.7243900000000014
1.5500499999999988
4.993119999999998
-2.2335700000000003
1.7304500000000012
1.9340900000000012
5.546189999999999
-11.059960000000002
-4.800180000000001
2.934940000000001
-8.890147000000002
7.098080000000001
-14.687567
-4.166729999999999
-6.153949000000001
1.2379699999999971
-5.19342
-7.999930000000001
-1.7485400000000002
-15.806999
-5.013769999999997
1.2097599999999993
-3.023369999999998
2.010770000000001
-7.310401000000001
4.04185
-2.3726699999999994
-6.834229999999998
-3.4397400000000005
4.432980000000001
2.289620000000001
-1.202259999999999
-7.033678
-0.66066
0.6683400000000006
-8.153748
1.8968729999999994
-11.766134
-2.338759999999999
0.7311399999999999
-9.703945
-6.484679999999999
-0.14254000000000033
12.054570000000002
-2.371219999999999
-0.9778299999999991
-3.0067000000000004
-3.7482099999999985
-7.17042
-3.4657
-23.986662
0.9716099999999983
-6.804359999999999
7.467970000000001
-1.5505500000000012
-1.3295999999999992
-5.695369999999999
16.68065
-2.7468900000000023
0.43605999999999945
13.93118
6.053360000000001
-5.318729999999999
-0.26084000000000174
15.77691
-7.843289999999998
-2.0519499999999997
8.55227
0.3797700000000006
-6.005949999999999
3.8387199999999986
10.033740000000002
2.3523899999999998
-3.36275
1.6276200000000003
-7.425589999999998
-2.267599999999998
-8.11114
-3.528929999999999
3.480369999999997
-2.6417789999999997
7.087879999999998
-1.0907699999999991
5.767950000000003
-2.07836
4.743179999999999
3.746959999999998
-1.6776700000000027
9.52148
0.9869200000000014
-5.929440000000001
-0.06506999999999863
6.018970000000003
2.89236
-3.555440000000001
-1.427430000000001
4.810560000000002
-5.396550000000001
3.3573699999999995
0.7032500000000006
2.000489999999999
-1.3969699999999996
6.821759999999998
-2.7985100000000003
5.633390000000002
-1.9124999999999996
-4.154424000000001
3.25432
0.8329500000000003
-1.9830100000000002
-9.782029999999999
4.268440000000002
-5.781969999999999
-8.847748999999999
-4.599789999999999
-1.9916199999999993
-11.32081
-2.1933100000000003
-2.501710000000001
-1.1368299999999998
-5.46252
-7.453570000000001
-0.043079999999999785
9.72121
-2.236080000000001
-0.8215299999999992
-12.750174000000001
-8.14919
-9.949309999999999
8.317540000000001
5.460460000000001
-5.713028000000001
-11.90296
2.9751699999999985
4.59385
-5.764800000000001
-2.093029999999999
5.23011
5.670859999999999
8.06786
2.133210000000002
-1.55978
-5.83902
6.500049999999998
-1.4492399999999996
9.175229999999999
0.16410000000000124
1.3033199999999994
3.0656099999999995
10.36789
1.0740300000000005
-4.38889
4.8635899999999985
-12.964252
12.101689999999998
-5.485589999999998
2.409589999999998
2.6997199999999992
5.873039999999998
-1.1842299999999994
-4.660390000000003
-6.043989999999999
-2.5015
2.666629999999998
5.232230000000001
21.406280000000002
-5.1775400000000005
8.16497
5.575579999999999
-1.8657199999999996
-3.270199999999999
13.56242
3.345510000000001
-0.6469500000000004
-3.6069899999999997
0.008489999999998332
5.395219999999998
5.704329999999999
7.145019999999999
1.4569699999999983
-0.5896099999999986
3.6923600000000008
9.569469999999999
-0.6666699999999999
-0.9083000000000006
7.0194800000000015
16.20413
-3.0947499999999994
-0.6226900000000022
-4.963749999999999
-0.9512
2.27797
2.1938700000000004
4.3931000000000004
-5.451640000000001
-11.409416
-5.697478
13.809819999999998
6.742539999999998
6.46387
0.22403000000000262
-3.6642200000000003
4.21396
-0.7835500000000017
4.34666
9.03698
1.5620200000000004
6.826149999999998
7.185170000000003
10.141200000000001
5.0060199999999995
-2.6263199999999998
-2.7748199999999983
13.882840000000002
4.417120000000001
-3.3749800000000008
-15.1738292
5.315049999999999
0.17515999999999998
-10.303469999999999
1.916800000000002
4.795569999999998
5.164810000000003
-1.2562699999999971
-0.05653000000000219
1.3534199999999998
-0.2553599999999996
4.176020000000001
14.110129999999998
1.9345999999999997
10.325669999999999
-8.082759999999999
0.9561700000000002
2.5921400000000006
3.03632
0.6365599999999993
-5.764490000000002
-7.56776
-4.46762
3.71228
-5.449869999999999
-6.423209999999999
-11.50877
-1.8127300000000002
-0.20638999999999896
-6.984119999999999
2.524040000000003
-9.851137999999999
9.03022
5.2285
2.9574
0.055229999999998114
8.817149999999998
15.316080000000003
13.316700000000004
2.239440000000002
-0.3654800000000016
-2.7750400000000006
9.843710000000002
12.691749999999995
-6.368
-10.648086
15.912479999999999
2.66592
-6.390650000000001
2.5057599999999987
0.5286100000000005
-2.359560000000002
17.464180000000002
7.815280000000001
15.108730000000001
-3.9616000000000007
11.851359999999996
1.719059999999999
7.15493
4.699710000000003
0.1362400000000008
19.857699999999998
-0.909550000000003
-0.2666000000000004
3.0444499999999994
12.945969999999999
3.068950000000001
-0.19202999999999903
8.95854
10.175439999999998
2.3532699999999984
12.975780000000004
16.89114
6.627939999999999
6.1846
8.58081
-2.3018199999999993
8.505779999999998
2.4866899999999994
6.34309
14.918049999999997
2.761759999999999
-8.2814
11.506939999999997
10.46133
10.18461
-3.8016400000000026
10.26088
-2.8890300000000018
-8.8935
-3.65573
6.1505399999999995
-0.6506299999999996
4.057370000000002
6.982310000000002
7.8174199999999985
-4.733219999999999
-5.814990000000002
9.704340000000002
3.5258900000000004
6.573069999999998
2.6024700000000003
8.09947
12.39181
5.036550000000002
2.54814
6.60867
1.4635099999999994
15.475560000000005
-9.274689999999998
-6.0135999999999985
-6.708099999999998
-2.54378
8.520349999999997
1.5773200000000003
-8.313600000000001
2.469940000000001
15.04046
2.5239499999999992
4.3161200000000015
9.021809999999999
2.6108399999999996
2.2046100000000006
-6.8302700000000005
-1.0790799999999976
-0.37024999999999864
0.3234300000000019
2.436589999999999
1.9230700000000027
9.711379999999998
4.70759
9.474699999999999
6.965689999999999
4.323039999999999
-4.005870000000002
7.661940000000001
4.955439999999999
1.9549699999999994
7.194580000000002
7.992540000000002
8.397040000000004
-4.96522
8.38936
-0.7030700000000003
3.011189999999999
10.31719
-0.11088000000000164
-2.2763600000000004
10.810110000000002
-3.729479999999999
11.106549999999999
6.161309999999997
12.260690000000004
7.822860000000002
7.68815
13.711639999999996
8.192929999999997
2.1903499999999987
2.8586799999999997
7.097809999999999
1.7712800000000009
4.824870000000001
6.08315
7.657240000000002
15.61109
13.192730000000005
10.448739999999997
8.41534
1.5454699999999981
10.964280000000002
-0.48969999999999914
-3.3339700000000008
-7.491039999999998
15.405539999999998
11.73904
8.924900000000001
10.503020000000003
1.4329899999999967
-0.19764999999999944
18.77676
-3.1265699999999974
8.702539999999999
-6.464469999999999
2.9370600000000024
4.49681
8.00365
-2.7579600000000006
2.9663000000000004
0.7341899999999981
-2.747209999999999
-2.912219999999998
2.4517200000000017
3.9520799999999987
6.0941800000000015
12.675710000000002
1.6523799999999973
11.226389999999999
-17.223221000000002
-1.9181099999999986
12.250559999999998
6.130240000000001
-3.2018500000000003
6.83878
18.622650000000004
13.186360000000004
26.589090000000002
-0.5106999999999999
13.537729999999996
7.353800000000003
5.24155
8.83211
3.565670000000001
-0.5343900000000019
-3.5576399999999992
-1.365639999999999
7.354800000000001
-0.8340700000000005
0.2734999999999985
4.922909999999998
2.6972799999999957
2.6928400000000003
3.8109
12.242740000000001
13.608030000000003
2.5313099999999977
-11.172500000000001
12.01472
-0.767430000000001
-2.499329999999997
12.335639999999998
3.7935099999999977
14.53406
8.281500000000001
-2.7071799999999975
5.696650000000002
11.384250000000002
3.0889699999999998
12.993720000000003
6.40071
-4.115400000000001
-5.83761
3.0444799999999965
0.9278499999999994
-2.4800700000000013
6.01042
4.587009999999999
3.8445599999999978
-7.894589999999999
0.6375999999999991
-3.7616099999999975
4.083880000000001
-3.209959999999999
12.871019999999998
-4.79692
5.524060000000002
13.32815
10.497439999999997
9.298359999999999
13.708599999999997
10.379380000000001
0.7647100000000009
8.02826
16.571070000000002
5.3408799999999985
6.542649999999998
3.4112699999999982
15.01004
11.133960000000002
2.572230000000001
3.5441800000000008
7.475269999999998
6.249470000000002
12.559149999999999
-3.5606299999999997
4.69631
-3.104729999999998
9.67682
18.135019999999997
1.9494299999999996
7.427049999999998
8.29645
4.270789999999998
-6.463629999999998
5.204159999999998
-1.2126799999999989
-5.4293499999999995
3.127939999999999
16.41522
6.112670000000001
4.151570000000003
7.404440000000001
-2.951559999999997
3.8288100000000007
4.95307
14.323099999999997
0.8889199999999988
5.621839999999999
17.04898
-5.144900000000003
0.7087199999999996
-2.9760300000000015
7.812699999999996
-3.9608300000000014
6.622809999999998
-6.23385
10.26782
11.981420000000004
10.161099999999998
4.593640000000001
8.97774
0.1393500000000003
7.102
6.478189999999998
6.6662
6.611700000000003
-2.9055600000000013
3.1821699999999993
17.13815
9.29747
4.128280000000004
5.3744499999999995
13.048090000000002
-0.3417999999999992
-5.245420000000003
-6.362709999999998
-1.3269400000000005
13.704910000000002
-5.68679
1.4397999999999982
8.92794
12.179509999999997
7.778449999999999
7.4648900000000005
2.384830000000001
17.29725
10.297679999999998
-0.09585999999999828
6.013810000000003
3.3505199999999995
3.0054799999999986
6.599119999999999
14.594269999999998
13.686119999999999
4.637969999999999
1.3179899999999982
18.28312
9.750159999999997
8.365560000000002
22.76902
4.862789999999997
10.41725
12.883840000000003
4.248829999999998
17.621199999999998
7.63035
3.823150000000002
14.261779999999998
6.575159999999997
0.16288999999999731
2.1289000000000016
8.32226
10.964509999999997
17.0699
9.926279999999998
24.337139999999998
2.8954699999999995
3.060649999999999
7.88158
13.41057
5.768650000000001
-1.2314100000000003
9.046520000000001
7.007290000000001
-0.3732600000000019
21.61898
6.697329999999997
4.580110000000001
8.842749999999999
0.34907999999999717
-4.968989999999998
9.916360000000005
23.815350000000002
18.341849999999997
-1.61618
16.29056
8.62342
3.4130199999999995
17.46809
13.57123
10.371010000000005
0.3863500000000002
6.980739999999997
3.5128500000000003
13.805090000000003
4.972899999999999
9.434069999999998
14.321370000000002
7.439619999999998
5.002209999999998
-5.758289999999999
4.518149999999999
6.603619999999999
16.929009999999998
-4.055299999999999
21.7008
24.04945
3.2510499999999993
15.906370000000003
7.033010000000001
6.348579999999998
-0.6284799999999997
4.3804700000000025
8.7192
14.33088
5.9821700000000035
5.19359
12.753100000000003
15.629079999999998
9.582060000000002
8.617339999999999
11.270270000000004
24.01456
16.173330000000004
15.294919999999998
1.2226
12.26772
5.532200000000003
0.37866
9.04907
9.44311
10.207630000000002
3.324740000000002
7.115089999999999
8.239740000000001
18.10427
5.344809999999999
0.1744899999999987
