27
33
44
63
71
125
131
138
157
165
196
249
307
347
352
363
405
416
433
437
440
474
477
488
525
556
577
578
604
719
723
737
758
769
784
785
786
790
802
817
823
852
865
866
892
948
949
961
963
979
984
1010
1060
1074
1091
1101
1108
1185
1198
1227
1251
1255
1351
1362
1369
1371
1400
1416
1451
1466
1487
1490
1508
1528
1542
1549
1624
1625
1634
1641
1682
1695
1753
1755
1783
1788
1797
1823
1849
1890
1896
1905
1920
1938
1945
1960
1978
1981
2019
2025
2089
2108
2160
2163
2192
2217
2224
2234
2237
2249
2276
2281
2288
2305
2313
2344
2360
2371
2372
2389
2390
2416
2420
2441
2452
2477
2493
2494
2538
2549
2567
2602
2611
2698
2739
2744
2782
2790
2804
2841
2855
2869
2873
2880
2885
2903
2907
2919
2923
2965
3022
3045
3047
3058
3096
3119
3124
3149
3157
3223
3242
3278
3289
3305
3308
3348
3391
3397
3403
3414
3426
3435
3453
3463
3474
3485
3504
3511
3536
3550
3569
3580
3595
3600
3601
3619
3658
3660
3681
3713
3718
3744
3798
3799
3807
3813
3850
3869
3875
3895
3897
3908
3930
3932
3983
4026
4030
4037
4044
4056
4081
4085
4106
4138
4169
4207
4217
4245
4247
4257
4292
4297
4324
4326
4340
4341
4362
4390
4436
4459
4465
4479
4499
4509
4526
4527
4568
4587
4590
4642
4644
4649
4750
4800
4805
4850
4852
4871
4903
4931
4966
4967
5028
5048
5054
5103
5112
5114
5144
5156
5204
5205
5208
5233
5268
5344
5353
5359
5411
5423
5450
5463
5471
5533
5550
5579
5586
5605
5631
5656
5679
5680
5682
5689
5703
5708
5711
5744
5750
5754
5778
5813
5836
5866
5920
5959
5974
6044
6066
6106
6121
6139
6149
6150
6154
6159
6186
6218
6224
6227
6251
6255
6274
6332
6334
6340
6364
6367
6385
6392
6401
6444
6446
6480
6516
6528
6540
6545
6557
6569
6576
6586
6596
6610
6611
6629
6690
6741
6761
6769
6794
6813
6817
6856
6869
6870
6923
6929
6975
6978
6982
7012
7056
7082
7100
7110
7119
7127
7146
7236
7275
7321
7328
7346
7368
7390
7396
7399
7406
7420
7431
7436
7438
7456
7480
7492
7501
7546
7577
7665
7681
7688
7710
7711
7768
7780
7781
7784
7796
7875
7889
7910
7911
7917
7926
7931
7951
7973
8004
8021
8047
8102
8129
8145
8146
8168
8176
8186
8192
8251
8283
8333
8339
8355
8367
8379
8393
8412
8465
8471
8474
8496
8515
8519
8540
8575
8583
8607
8609
8651
8656
8665
8674
8695
8697
8758
8777
8787
8804
8889
8897
8901
8902
8927
8929
8937
8942
8943
8983
8987
9003
9012
9016
9032
9089
9105
9130
9176
9184
9192
9210
9211
9219
9240
9241
9242
9249
9262
9266
9282
9311
9338
9339
9351
9361
9381
9405
9415
9435
9457
9467
9471
9500
9506
9516
9542
9561
9570
9639
9710
9717
9721
9723
9724
9752
9758
9760
9781
9810
9861
9862
9866
9926
9928
9968
9993
10002
10006
10015
10075
10099
10119
10139
10149
10158
10175
10212
10239
10247
10256
10272
10273
10310
10354
10367
10369
10396
10414
10418
10437
10492
10515
10542
10543
10571
10572
10608
10634
10640
10670
10671
10696
10717
10847
10854
10871
10888
10908
10963
10981
10983
11021
11046
11051
11089
11103
11156
11183
11206
11239
11263
11270
11271
11293
11297
11312
11315
11376
11417
11428
11429
11437
11441
11490
11500
11517
11523
11545
11553
11554
11579
11602
11644
11653
11712
11718
11764
11780
11830
11833
11839
11851
11891
11937
11942
11984
12020
12029
12051
12070
12075
12112
12149
12159
12175
12205
12227
12230
12236
12247
12255
12265
12267
12300
12306
12311
12364
12370
12391
12437
12457
12495
12503
12510
12526
12529
12544
12551
12564
12575
12580
12612
12613
12628
12647
12659
12676
12710
12711
12714
12765
12816
12821
12843
12849
12858
12876
12925
12976
12983
12998
13001
13013
13048
13061
13134
13145
13157
13179
13210
13215
13248
13276
13278
13300
13301
13306
13320
13351
13365
13367
13372
13402
13422
13425
13429
13442
13444
13451
13459
13467
13492
13496
13523
13537
13569
13574
13575
13621
13696
13750
13779
13791
13795
13833
13839
13861
13907
13976
14043
14045
14058
14063
14067
14099
14110
14124
14128
14142
14146
14157
14165
14177
14211
14220
14237
14253
14272
14284
14297
14308
14334
14365
14368
14370
14377
14378
14381
14390
14415
14450
14463
14532
14581
14612
14683
14685
14698
14720
14765
14872
14905
14907
14947
14949
14966
15017
15021
15036
15059
15077
15078
15084
15086
15091
15132
15188
15193
15202
15215
15230
15231
15232
15245
15246
15283
15297
15319
15364
15401
15428
15436
15454
15456
15458
15462
15494
15514
15597
15618
15656
15702
15721
15739
15740
15745
15779
15805
15821
15826
15873
15874
15895
15921
15929
15953
15974
16069
16073
16089
16096
16097
16098
16121
16122
16135
16169
16219
16232
16256
16273
16278
16288
16303
16304
16305
16349
16351
16371
16478
16489
16490
16513
16518
16530
16572
16582
16596
16622
16644
16648
16651
16656
16660
16665
16669
16677
16689
16701
16718
16726
16732
16754
16756
16771
16781
16795
16809
16860
16880
16895
16903
16970
16996
17005
17108
17130
17149
17166
17200
17228
17233
17238
17282
17307
17316
17340
17347
17378
17431
17462
17508
17511
17550
17589
17598
17612
17630
17710
17711
17725
17729
17803
17818
17830
17845
17848
17860
17923
17937
17940
17974
18000
18018
18081
18086
18121
18144
18154
18165
18175
18184
18190
18200
18214
18236
18247
18252
18255
18318
18410
18433
18472
18473
18481
18499
18532
18548
18556
18567
18576
18579
18598
18625
18634
18670
18678
18682
18688
18690
18696
18726
18759
18762
18764
18769
18771
18787
18809
18812
18821
18853
18874
18887
18896
18910
18917
18927
18929
18986
18994
18995
19015
19052
19085
19107
19116
19122
19181
19198
19208
19213
19216
19238
19263
19277
19289
19312
19355
19364
19372
19373
19388
19393
19426
19433
19443
19474
19533
19568
19606
19622
19633
19640
19641
19688
19714
19726
19730
19753
19761
19768
19781
19787
19869
19933
19936
20059
20072
20087
20093
20197
20213
20237
20254
20269
20325
20342
20383
20391
20396
20397
20401
20420
20428
20496
20516
20517
20580
20622
20623
20629
20633
20635
20648
20655
20669
20678
20703
20705
20730
20755
20756
20769
20788
20815
20834
20847
20849
20860
20875
20876
20912
20929
20941
20942
20943
20951
20981
20982
21006
21014
21017
21036
21093
