13.67685
24.41048
15.33033
20.98641
15.64538
13.69174
22.6584
11.92329
7.798054
12.29209
16.33457
17.26637
18.2727
20.13644
24.50671
28.91791
18.0176
11.52273
14.62746
26.59123
18.49503
27.26819
16.8526
16.90378
13.43001
22.11367
21.31246
24.13077
15.25134
17.09024
10.27266
8.556356
16.30042
14.59907
13.96623
13.2822
25.40756
19.37191
7.75167
17.13257
13.40903
18.31169
11.16681
11.05807
19.40572
15.06898
23.34821
17.56101
10.39096
18.13747
12.49346
27.49304
23.90049
26.97137
20.34514
8.737158
12.64049
3.192361
2.834648
4.530803
8.805938
7.215387
10.59505
6.680986
-1.98695
4.649451
11.67384
5.237607
6.655459
5.727851
10.47517
13.98393
9.65122
6.744339
8.574612
17.39554
0.4963191
4.19478
-1.685952
5.445728
5.146104
8.739985
2.074056
-1.111032
12.78615
-1.312811
1.420659
9.915231
16.39961
10.92444
9.28819
7.677533
9.17341
7.02633
11.63863
15.39792
11.88777
-0.3213738
-0.1344667
8.421376
9.614681
7.870668
11.36262
12.58563
7.555117
9.55812
16.97259
10.2348
11.15841
2.865445
0.5766722
6.268132
9.698253
5.431191
11.04457
10.45688
1.53567
9.657207
5.459964
7.504953
9.049181
5.007088
5.99822
5.001829
2.815893
11.46179
11.29062
8.854677
5.714136
5.760298
20.78249
19.70592
8.851146
9.842386
1.118941
6.319541
7.962622
2.661651
3.857886
2.873377
11.98758
9.659582
10.27721
5.088569
3.13874
11.35122
1.957706
9.552744
7.973413
-3.946281
9.493039
3.449159
4.133305
3.873492
10.46663
15.6181
14.01294
14.30944
8.12425
1.667324
10.93078
16.98011
14.09275
14.37781
6.742152
13.63893
13.03852
14.31018
12.4446
8.883323
19.81698
20.54774
8.300172
4.242994
14.39488
8.010276
0.8891583
11.26446
5.728804
6.367193
11.6299
15.41178
9.971411
4.798603
15.20788
15.66038
6.987873
6.824276
5.185244
4.633968
7.444026
-0.5756114
7.406936
5.356314
5.628491
6.81812
13.22136
7.061344
7.373184
8.792722
13.08828
-5.745775
11.51882
18.7975
8.061493
10.87096
19.34947
5.053982
6.372831
7.864488
7.518741
14.61248
19.19512
9.306373
16.15294
1.025678
3.431577
10.27549
11.34559
9.072534
11.93307
11.58862
11.75179
10.56423
14.36394
15.48806
11.4817
12.87895
8.32942
5.342791
14.2011
13.43104
5.582939
14.07559
13.73133
8.204522
10.15571
15.27544
16.74448
2.881161
7.797513
8.709018
14.86966
18.83732
15.61068
8.193061
10.27309
6.169934
13.14096
3.796548
2.925456
4.108989
5.723484
11.1243
16.25038
17.16331
17.27413
13.66509
8.485304
22.79669
15.36995
12.61165
16.27214
10.14037
19.31515
10.07956
20.20421
16.45094
12.66962
17.53151
20.96283
6.744628
11.93429
10.06601
11.42612
10.99212
8.029702
9.414721
17.79298
8.70276
14.12406
8.070275
12.05695
10.33258
15.7204
7.545003
12.95758
24.03338
14.05221
8.50078
11.14738
16.13947
13.82749
8.337157
7.335867
20.59959
13.39925
14.05342
19.6883
10.10726
17.05307
22.19017
11.70181
5.280056
6.460632
9.9397
10.08625
16.20309
8.606244
7.543806
19.85439
10.34238
15.17103
18.27905
18.51131
10.91406
12.70847
14.45732
10.3622
14.18472
15.22893
8.879404
9.847582
16.28211
18.01262
24.27748
12.81904
17.72371
7.576842
4.543005
17.09842
12.23892
7.949338
14.22341
13.90623
13.68515
13.77383
12.75565
11.07656
13.23564
16.35416
11.03625
10.14385
12.58774
11.20347
19.19256
8.533253
6.625137
18.89074
15.59114
11.95201
18.56988
11.03115
12.10749
11.80359
13.83941
15.73086
12.06252
13.87945
15.92928
19.74317
26.97171
15.25508
18.95737
10.95219
13.56995
15.95722
20.74862
19.39994
11.84191
6.567873
11.01776
14.36988
24.45642
13.86503
21.84735
18.13147
18.62415
20.46374
14.18752
21.01388
16.37592
17.24456
15.96089
13.3361
16.21899
14.28674
15.30221
8.57592
13.54388
16.95804
22.77468
12.13289
16.72216
15.72177
8.248766
16.3784
15.65412
23.52024
11.82061
17.36595
20.46867
15.87596
15.80786
19.50515
12.30903
22.80773
4.987975
13.87213
12.54755
15.95401
18.25854
15.8228
17.97311
13.84052
11.42894
22.07207
8.862205
8.379713
27.47076
16.76774
18.61168
19.51158
14.46838
7.037161
13.05783
17.29302
15.24485
2.933429
12.2733
10.07992
8.220321
20.28479
14.8064
24.86879
17.97143
9.932054
16.21904
8.414774
13.11091
21.26918
10.78533
15.97984
16.14934
14.88517
15.31856
13.63281
13.17549
11.84376
13.48631
18.08593
14.03214
17.68593
22.52912
17.80436
6.479272
13.18848
15.948
24.09255
16.74602
21.72853
20.17131
16.1901
14.38417
13.75372
17.16042
19.88038
15.8465
13.7258
22.77313
16.3247
17.01659
26.32531
24.32365
21.08879
14.89386
15.31669
24.88931
11.88599
16.96517
16.05545
23.89608
17.6408
24.83441
8.594129
17.49642
13.47213
20.32605
26.43761
22.39355
13.3353
18.18838
18.80633
20.23946
24.32953
15.931
10.0022
8.45584
25.99316
18.53648
15.88049
8.1071
16.8849
22.8938
16.50063
22.52684
17.13893
19.12756
17.86087
21.81358
22.91002
17.82607
13.83125
18.99731
25.23504
19.57028
20.21417
18.62344
29.36183
15.42664
12.44647
14.27303
29.44004
25.85523
11.44181
12.82869
15.84421
12.44532
16.45317
10.61858
17.79068
18.34698
14.22407
20.69971
20.67744
24.66283
17.96655
17.17903
14.38216
9.488909
14.86052
7.853037
17.17553
12.30223
28.20492
19.23156
10.51932
23.64385
14.72436
20.77059
15.74434
22.72178
22.66565
21.35676
15.43543
17.69011
22.54828
25.91289
23.62492
10.82798
16.21875
20.08833
21.28187
24.31433
17.05247
20.83864
15.88584
21.2385
23.56433
20.77068
15.7727
19.33158
20.51258
20.59399
17.35697
17.74939
13.14516
18.59261
21.17508
26.53806
26.08886
23.43843
19.38385
23.49891
19.11133
19.64014
26.00882
19.24862
21.12507
19.64616
14.27824
19.57252
14.61646
17.88458
16.23049
20.25011
21.11259
26.0234
20.39543
21.76123
15.142
22.21793
17.40038
18.26515
13.73683
32.82284
19.74425
26.42865
23.41449
22.20868
22.01646
17.59487
15.86273
15.32682
15.0721
20.87902
22.65273
18.61959
19.22729
15.8526
20.06841
8.75834
15.52187
17.77265
25.91492
24.9412
24.3577
13.87805
25.33381
29.11122
15.63211
17.40102
23.76235
16.55259
28.42093
16.38812
16.75598
23.6402
23.29671
19.00279
28.43909
16.99645
20.06954
19.13806
21.24044
30.29859
20.84468
19.2774
15.30576
24.34241
23.49857
25.78134
23.70605
24.6708
22.06393
25.53628
20.82567
32.82685
22.44825
32.94723
27.11042
29.28623
29.25061
35.26861
20.83409
21.63342
20.21344
30.41353
21.7942
16.52085
24.25014
24.17589
22.1522
29.36633
15.97112
21.12656
25.044
24.0079
18.70264
28.76899
16.81
15.15476
18.91484
26.29223
27.54893
26.57776
25.70092
15.61985
24.17918
27.90331
27.103
28.21617
27.51655
22.04881
21.41982
23.43905
23.61567
19.91414
28.3781
17.43055
30.38401
26.44483
27.46461
17.57148
13.31542
17.1046
18.9074
25.7177
31.73761
15.13919
21.75187
24.0783
30.74052
14.16496
17.29767
15.92636
30.62248
22.12898
26.24067
32.78552
26.13228
22.12552
20.54407
17.53965
28.64999
29.7684
22.87169
28.18707
21.97979
25.25034
21.12537
24.115
24.89042
23.03292
23.27307
24.27071
19.39911
21.63374
25.35758
30.04039
20.42594
25.90503
20.79117
26.11367
26.2946
24.76305
27.68041
24.52422
20.85604
26.02177
16.24573
24.57871
25.14982
27.29799
26.32258
28.33072
23.64005
24.55335
26.73557
24.38171
21.9005
25.46148
28.13612
26.88062
27.02538
25.21154
26.31339
28.29559
30.0199
29.00748
30.85125
30.14398
23.56329
26.49055
34.19961
25.85417
21.438
36.31837
28.60955
21.30135
27.98837
33.99595
31.94917
25.73721
21.55194
21.48415
25.95894
29.26871
22.58424
24.00922
18.02732
16.1599
28.49788
23.36591
29.21985
30.7964
33.27358
30.05921
30.25228
28.54209
18.41313
21.20042
28.17722
29.2758
29.89922
26.60004
26.91838
19.54492
34.41853
26.02905
26.49969
27.05247
21.382
27.32927
34.00708
30.19755
19.05477
26.65144
20.85597
29.88885
24.57002
27.94512
23.20567
19.45665
28.55504
27.18901
37.78177
24.73321
29.29998
31.59955
31.67665
14.06054
34.5368
24.53115
27.85147
17.3252
29.65014
27.00941
33.52958
28.2565
32.53802
20.47742
25.42305
33.93395
16.6136
25.89042
27.0327
18.79593
35.05976
24.55242
23.65335
28.11395
35.24187
31.37682
27.8969
24.37312
32.12853
34.87263
26.12281
34.16705
40.67781
26.85501
24.98103
23.85311
28.57166
30.0009
32.50485
24.67009
26.47377
31.5573
14.88587
35.28541
26.71739
21.07845
32.21656
32.86975
25.33515
36.19864
23.64034
21.06211
24.77392
30.0535
19.16525
27.50029
28.46826
32.16221
20.28149
28.37511
27.03933
28.87033
30.73275
36.01689
25.8956
24.25916
25.27373
28.14372
25.65311
30.34496
34.0942
30.44426
30.6268
21.46244
26.38818
26.40166
32.73404
28.12054
31.95892
24.23068
29.79801
24.95804
26.84507
36.01727
19.60932
30.21205
31.41466
28.79353
29.73124
41.08867
24.07532
27.38564
19.99171
30.23597
30.43799
23.11481
27.05042
24.64047
23.71394
33.18723
35.55088
30.25252
23.41125
40.03591
28.70738
27.88546
20.3891
26.8693
29.0052
29.25081
30.35821
30.66102
35.20362
23.23019
34.787
20.27557
33.61853
32.905
25.6428
31.77337
27.68941
34.58474
28.3881
28.25429
24.43183
27.60352
29.23982
36.67922
27.71675
33.91384
26.50763
23.62262
36.65469
36.96071
30.2157
33.12863
25.31119
34.11731
31.26637
32.28065
34.54582
33.60256
36.5895
29.22563
38.6486
34.79227
34.07286
29.98996
24.37446
39.68133
37.60536
34.46374
34.96436
37.82899
36.45716
33.5183
35.29557
29.53187
34.81243
38.30831
27.29637
25.39755
31.57367
27.33099
34.16552
31.19641
23.18672
31.76277
26.66507
39.14641
34.78354
29.6968
32.31455
31.0564
31.34582
26.26759
25.13838
30.85627
37.86645
36.64869
22.12054
41.85357
40.48294
29.56088
32.96994
30.52039
26.52981
39.60936
30.79878
28.20005
39.482
25.63839
29.68367
32.94879
31.08743
30.70131
33.01351
32.95746
45.67343
26.03126
29.09057
34.24223
25.88749
24.54235
40.16659
25.57863
28.45423
23.07415
32.89793
29.87241
36.40584
33.18352
39.94283
34.92637
42.35302
30.02831
29.46455
38.20662
32.65556
34.30065
40.87443
40.20211
31.17268
26.64646
39.23098
34.32275
27.81016
