2.057799
8.921099
4.289837
5.608663
0.8466855
-2.449636
3.486672
0.4952394
-6.428781
0.8886262
2.108466
6.418614
4.483829
6.914246
8.680678
9.008047
3.426207
0.08582589
-2.48769
7.853152
4.369152
8.058599
7.777345
3.408671
-0.2112448
3.752347
5.449578
5.71227
0.2459986
2.028365
3.131693
-1.279728
1.896375
1.24362
2.399199
1.030416
10.06686
6.369799
-2.959923
5.71383
-0.3827502
10.39083
-2.723013
-2.032624
6.049763
1.296755
1.927005
3.003752
-3.383235
8.191445
-2.676612
9.232214
5.277654
12.26165
-2.13561
-9.217856
-6.287111
-6.913681
-5.495952
-6.078469
-8.804206
-10.21424
-2.773064
-10.34018
-15.4416
-11.37087
-3.687606
-8.820913
-8.899271
-10.63484
-3.054064
-7.560697
-6.653616
-6.889706
-2.275388
-0.1895081
-9.743023
-6.754727
-12.62615
-11.54301
-10.17981
-7.675526
-11.43017
-12.44074
-2.496594
-8.936503
-10.70948
-4.432457
-1.570451
-3.739639
-6.253785
-4.772155
-3.5175
-6.641917
-6.516481
-3.754809
-2.520938
-12.62551
-9.106014
-7.695
-5.287917
-6.203841
-4.334887
-1.532063
-8.094864
-6.326229
2.768884
-5.695289
-4.428569
-11.69665
-9.408535
-11.23683
-6.779933
-5.669635
-6.307929
-5.940945
-11.08844
-6.435248
-8.309523
-5.815226
-2.208788
-6.87917
-8.166356
-11.35253
-9.98802
-2.463938
-6.433834
-6.447633
-10.27271
-7.145794
8.352022
1.526342
-4.345146
-7.723244
-10.67388
-8.132945
-3.09923
-8.808559
-9.143545
-5.056093
-2.429376
-4.447497
-7.446347
-6.622942
-11.61283
-4.125214
-12.54384
-8.035278
-8.581739
-19.31005
-3.38126
-9.494371
-8.067842
-5.373058
-4.972607
-2.464137
-2.351166
0.09873744
-6.093891
-8.174239
-2.828282
-2.146431
-3.029099
0.7648616
-3.340672
-1.304246
-3.660821
-4.641767
-3.527682
-5.05451
-2.449181
-0.8215677
-8.605747
-10.54969
-0.2202175
-6.331777
-10.00526
-5.736294
-6.96896
-9.479766
2.71444
2.105786
1.047083
-11.84113
-2.585173
-0.3131943
-7.287898
-5.813792
-9.483255
-2.570115
-6.481527
-7.963301
-6.193005
-11.07943
-7.032764
-7.155831
-0.02678479
-7.424306
-5.735887
-6.467213
-4.650289
-8.634719
-6.67577
-2.628794
-8.06233
-1.643174
1.43084
-9.043429
-7.360948
-7.130442
-6.649842
-2.166826
2.660511
-7.072297
-0.5259161
-15.56538
-6.569986
-6.273879
-1.877108
-6.206907
-7.118256
-3.607626
-2.358812
-4.851539
-0.1117532
-1.054414
-3.57071
-4.739676
-5.581688
-8.117199
1.696967
-5.059129
-5.659438
-3.617567
-3.125339
-8.320304
-5.599314
2.865819
3.729707
-9.55291
-5.761205
-8.747627
-5.572028
2.226031
-0.9285741
-6.621078
-9.393589
-4.75547
-8.035805
-10.84089
-11.2248
-8.95568
-8.483132
-7.593004
-2.469043
2.882442
0.603755
-3.637998
-6.528593
5.424927
-4.218862
-3.819349
0.8759479
-4.492347
2.077435
-8.540285
3.403721
-0.8930132
-4.545117
2.914051
0.8789413
-10.95201
-5.215528
-2.521293
-7.762936
-6.380901
-5.749643
-6.06729
-5.707233
-0.03135125
-5.146748
-4.982346
-4.477762
-4.77457
-3.676165
-7.668343
-3.018393
1.344693
-3.552966
-9.733722
-3.891893
-1.091224
-2.406689
-5.716324
-5.404844
-1.734312
-5.150588
0.9003875
4.554505
-3.790758
-0.9640728
2.695503
-4.812007
-8.175802
-7.902626
-3.847021
-8.633489
-3.49122
-7.400239
-8.520978
-1.945785
-8.347113
-5.04036
-3.631345
-2.971847
-8.650385
-3.364423
-7.079354
-5.708577
-3.20576
-2.414943
-2.451254
-5.014826
-2.837618
-2.691107
3.209955
-3.936696
2.684542
-7.137485
-6.743207
-1.638614
-8.26536
-8.940716
-3.037899
-6.997676
-1.170487
-2.221378
-0.6648125
-1.509143
-1.89207
-2.942496
-6.409595
-2.937735
-4.043126
-7.318581
-1.120666
-2.22375
-2.880236
2.402333
-0.6134699
-3.154752
-3.756799
-7.476808
-2.480838
-8.446711
-0.5155383
-2.427958
-5.518257
-4.258785
0.7066194
3.355993
5.907178
-5.245466
1.469397
-7.71806
-5.355205
-0.7110635
3.617184
-4.872519
-7.603056
-8.047296
-11.23704
-2.078578
2.377059
-3.886004
3.896563
-6.830406
2.763059
2.259736
-2.546601
3.854682
0.6595998
-5.161155
-0.9430374
-1.279411
-4.829774
-0.894783
-5.487247
-4.478128
-1.098219
-1.629795
2.550945
-4.962421
-2.471551
-0.8354489
-9.161405
-0.6504262
0.2964123
4.158111
-2.097704
2.87803
3.277041
-3.230957
1.176398
-0.7913092
-5.228996
-2.439514
-4.480796
-7.900188
-3.218365
0.7813679
-0.5004046
-2.819984
7.342522
2.17493
-4.384401
1.281629
-6.807406
-5.220146
2.152631
-0.775328
0.4521087
3.462342
-5.312749
-6.271342
-1.028678
0.2673389
-1.281311
-9.819431
-4.017774
-5.735942
-6.274327
1.035378
-0.8017166
3.996414
-0.3082623
-6.756134
-1.565429
-9.667886
-1.048934
5.336038
-5.535547
-1.310286
2.093759
-1.355176
0.02083863
-1.725588
-8.405902
2.025574
-0.6058753
0.7745446
-1.316888
-0.7461886
0.5046597
-0.462016
-5.172842
-6.167196
-2.670179
2.294583
-1.412044
2.415859
3.528297
-6.311515
-4.116174
-0.8806567
3.818116
-1.184705
0.0218835
-2.611337
9.455345
1.192209
-1.222575
5.403134
4.749245
0.8786003
-1.399318
2.933702
3.022166
-8.034801
-1.111931
-2.474806
-0.7708665
-1.813818
4.635456
-8.435495
-3.176586
-1.273597
4.006845
5.843986
3.856818
-6.217938
-0.4148156
-2.681442
-0.1923633
7.464577
2.673283
-9.708173
-4.225999
3.758254
-0.3144547
-5.349086
-6.546877
-0.8385492
0.6901465
-2.774754
1.986708
0.5957449
0.5916818
-2.707446
-1.95864
3.286448
5.496734
-5.743328
1.76833
7.965172
-1.594571
0.8277643
0.9966463
6.042045
-3.513481
-4.779603
-3.043632
4.656417
8.356482
-5.692976
1.122827
1.095023
-2.766173
-2.360652
-3.928612
-0.2912234
-0.04993179
-0.5166498
0.1596819
0.453759
4.24468
-3.247319
-0.04131872
-5.199912
-6.20001
-4.900934
-9.332643
-1.836563
-0.6383823
8.791278
-0.724083
-5.126632
5.843403
0.9496394
-1.429202
-3.026217
-1.258
1.632002
-2.806955
-1.617925
1.346345
3.11859
3.749065
2.373455
-7.012899
-6.064068
3.863428
-0.2528258
5.115972
1.222874
5.334036
-1.564737
-1.40825
2.196237
4.011749
-2.999717
-0.2047231
2.608191
1.67879
-4.386261
-0.9178602
-2.434723
-0.7282625
9.6913
6.736651
6.799423
-4.893108
0.7245479
4.049298
-1.832379
0.9329684
5.479011
4.025999
-0.7123575
0.5871152
-0.00160543
0.5032093
-2.412419
-2.860523
-3.420808
0.7516508
4.030085
7.840058
1.992904
1.625989
-2.347746
1.774264
-1.738458
1.70693
-1.437268
5.962803
6.247873
5.312033
2.508078
4.381199
-0.1686064
0.8383747
0.3248076
-5.748033
-5.713694
2.13585
2.150928
0.6935752
1.352651
-4.297363
3.09002
-5.46767
-4.630016
-2.24586
4.271196
5.682017
-0.7730736
-2.671204
5.199235
8.257435
-2.54638
-2.640308
1.121494
-3.50867
4.276486
-3.000838
-3.326087
1.023301
3.779851
-0.122345
5.878401
-1.474958
3.3725
-0.898425
2.459844
10.04283
-1.188355
2.841604
-5.677067
4.331993
2.286129
5.859216
6.93381
3.428928
5.439099
6.38734
2.892973
5.827408
5.814555
8.536152
-0.8622132
8.520977
5.969139
9.084047
-0.5807323
0.5286809
3.192142
7.421979
4.658212
-5.642902
6.087291
3.354363
4.792997
5.341341
4.509775
3.599788
6.670968
2.568582
2.003627
7.191999
-4.480325
-3.61601
5.313864
2.340098
2.796353
2.824085
3.503514
0.2217355
5.286736
4.499548
2.660042
6.437284
2.917767
0.2522542
-3.722455
0.1634543
8.272177
3.41814
-1.088106
-2.429827
9.618326
-2.010094
1.483832
-1.552654
-4.292099
1.151631
1.608141
-0.5661857
7.434004
-2.213196
-0.7153772
7.540323
3.012264
-0.8234339
-0.704561
0.3449317
9.653523
0.6852088
6.645887
6.614759
5.138852
4.831419
0.6675591
-2.981526
3.344516
6.055399
6.352003
5.01428
2.273189
4.872963
-1.613356
2.368887
2.779388
0.2520791
7.179348
0.1309582
3.654535
2.488076
8.593201
5.58413
-0.8584219
4.633321
-1.069586
3.744859
6.505998
6.868256
5.715878
4.7394
5.680145
6.374245
-1.155278
3.206185
-0.8502658
4.410736
9.742203
6.956816
0.9667396
9.262917
2.921845
7.427963
1.903571
-0.6545989
3.48606
2.438815
1.411652
0.6113422
1.630994
9.254435
8.861552
3.66032
3.520004
8.035545
3.937267
1.403568
9.746645
9.080506
0.6168958
13.34218
5.420885
0.1914707
4.63181
3.394753
11.93333
4.005497
6.888028
1.795379
1.466542
4.427613
4.103623
7.669163
1.215756
-1.811486
8.196865
5.639788
5.713879
5.314895
7.652784
5.992385
4.667681
3.745376
-1.209129
-2.132302
3.002468
4.726724
10.78226
3.438083
1.777147
-1.236657
8.171228
3.48683
1.012925
7.254319
4.304499
5.770538
9.860476
5.033444
2.766096
4.82817
1.32073
7.507312
-1.012814
3.226782
3.929426
3.992785
5.307963
0.8793437
10.76831
3.118181
8.120389
8.260923
7.357346
1.605821
10.93333
0.1418178
4.214533
-1.584607
6.311892
6.620881
4.706612
4.87802
7.887179
1.985979
1.833728
13.26919
-4.171714
2.789118
5.670573
0.4012473
8.356832
4.303215
1.604327
0.07249083
10.27258
8.865694
0.09974895
3.668783
5.001083
10.41744
3.761824
7.198362
9.885355
5.772675
3.6809
2.267098
4.156335
6.228176
10.48769
3.55778
6.233978
5.25236
-2.821345
11.06822
8.491402
0.1668545
9.861114
7.382297
0.5267629
10.29053
5.727974
4.055441
0.3312653
3.749331
-1.686625
7.368257
4.595494
6.443923
1.1322
8.277859
10.73408
6.381165
6.187282
11.50437
2.385588
2.855003
7.97697
3.136751
0.4051824
5.377405
6.89352
7.303453
8.346738
0.2868449
1.753716
3.310053
6.948452
6.729369
1.031617
4.471423
5.957374
7.069948
4.99701
9.486549
2.838052
7.893542
4.594677
3.073801
8.351733
12.97474
4.063286
3.799951
-1.208049
10.89151
5.792349
0.5546012
9.951729
4.037595
2.991708
13.35882
12.76828
7.731554
2.22292
18.29831
2.753313
5.408575
1.206486
5.502816
4.205825
10.30641
6.389394
10.28949
13.38284
3.223819
2.908586
3.318459
10.35131
7.547363
4.644324
7.808358
7.355514
12.57709
4.827389
5.925189
2.225125
7.316222
7.495655
13.8419
4.614408
8.239773
2.847112
0.2461575
11.82837
10.68999
6.999018
9.293255
4.124036
10.76164
6.630591
7.534535
5.364531
5.843333
11.68569
5.45961
9.149084
9.606822
9.333603
2.465609
1.385231
14.42182
5.777829
7.477284
11.49514
11.49402
11.43365
5.832688
11.81254
6.853601
7.256514
6.308783
1.662834
2.491486
6.726096
6.294364
7.674024
4.213076
-5.076584
10.20742
2.62341
14.74939
8.588378
2.731529
10.46585
5.776254
8.163244
5.13913
2.7359
10.99889
7.825533
3.011367
4.773869
8.831257
13.14374
7.885711
8.647701
3.002777
1.329728
11.22641
5.113859
3.958224
7.76707
3.195444
9.025528
6.274911
6.556071
7.870747
10.1142
11.28545
10.47337
0.8205386
5.766051
7.670216
3.830408
0.7502086
7.561157
3.472511
0.07486426
2.609842
7.24322
6.214432
11.46597
4.632784
14.65044
10.16423
12.76842
5.818613
4.622143
8.462775
5.520136
8.68218
11.52985
11.84945
4.441286
7.091846
12.07991
7.163475
2.684322
