7.09481
25.09561
16.31281
21.23321
6.347141
16.90167
26.96576
9.962336
8.27573
4.416945
16.04006
11.76765
19.44455
19.10162
23.27882
29.10797
13.15155
8.496388
17.8199
34.2753
18.04899
34.59599
17.46114
16.34709
16.54306
22.51265
24.29519
18.1005
21.33028
20.97516
7.497434
5.86794
13.97846
22.38542
15.94006
4.514462
22.81485
21.30443
19.9038
14.41689
5.485121
17.55295
7.406368
4.013931
18.81502
13.29299
35.23511
11.25986
8.340499
12.2148
6.799063
27.2114
23.82618
26.49202
17.52449
6.026773
22.54118
6.463278
-4.561871
-3.291595
13.50935
11.19205
6.620729
6.296767
-3.792832
-0.5956487
5.310356
-8.969226
2.522795
6.62212
17.36216
6.08615
2.133115
22.82451
19.03087
16.8414
1.172845
1.695596
0.5437974
4.344976
1.237665
12.84096
1.222506
-4.133416
16.64397
9.791307
5.324443
11.45244
19.30367
12.37218
8.824009
3.49934
1.814587
-0.2906904
15.48205
9.225338
12.47834
-3.23937
0.3254978
13.07603
9.958825
10.58135
11.47995
6.574302
-3.524917
12.46287
18.04778
8.429689
10.78863
-0.1613221
-3.283158
8.738655
3.405794
6.812377
10.24688
16.81436
-5.250098
3.764881
-1.591892
0.4584034
4.575742
-1.791791
2.11511
9.494684
2.417805
14.47922
7.193084
6.349661
7.752219
3.069734
26.20481
12.71893
2.282259
4.495049
9.537688
9.402512
8.814247
0.5930772
6.670529
8.111424
5.097405
6.094019
-0.2726487
4.964469
7.006684
8.050505
-1.179349
10.30464
13.38752
-3.179685
10.36558
4.71611
-1.890334
2.174902
0.9350445
17.10217
20.59688
20.52649
10.39908
6.86938
13.39277
12.18749
12.24964
22.6899
8.26291
17.81373
15.69701
20.05746
5.307332
9.934256
29.21212
31.73219
20.95036
7.869618
17.23669
4.717636
-1.214825
14.79074
10.59063
6.871529
19.99069
0.2307754
5.285083
4.579511
12.92812
14.16698
8.124662
10.11962
7.513231
-3.830538
13.1258
6.237613
21.4301
-2.589743
6.622968
6.724233
17.39952
-1.188176
15.62524
0.6209535
20.09719
-2.360185
10.44067
16.44388
6.793551
6.438137
15.27469
4.376671
14.95388
-2.729047
16.04385
19.04231
22.77177
11.58612
23.44617
-2.85979
1.677314
1.827827
10.6771
15.88296
3.482883
6.855868
17.07745
9.63677
15.67484
12.01666
10.92645
5.088483
13.15612
14.0579
11.65609
5.124315
-0.19688
12.72475
15.14043
10.82597
6.191801
11.11752
18.61696
-0.397326
5.670124
5.043037
16.74252
15.06081
18.08692
1.236665
20.89974
2.081584
16.45844
-5.340432
-1.284786
-2.585748
5.024985
12.8361
25.98147
18.06396
17.14182
15.10833
16.0392
19.7113
13.50129
12.73857
23.07099
10.8976
15.62025
10.62804
18.57059
13.65441
23.67724
13.74734
32.20718
12.0107
6.607779
2.512386
15.55539
10.12094
11.81846
15.87611
15.17291
8.619287
10.99128
7.934187
9.007729
3.361308
15.94903
9.850803
5.918805
21.27114
2.402418
14.06131
16.92559
24.18235
18.46529
2.06868
7.135589
22.91926
12.10324
5.499196
10.60012
7.136941
22.38694
15.10181
3.881392
6.881598
15.22258
13.63396
8.178939
14.55676
10.27631
13.91448
14.87542
5.328895
13.72902
12.70296
17.38785
7.870995
14.52932
4.459765
12.5142
18.72948
15.20278
10.88656
10.46974
16.71551
8.342676
14.05968
17.07264
21.31999
11.13153
-1.071875
10.08322
7.509712
11.05056
19.26636
9.111219
17.89064
12.85749
7.420239
14.54842
9.157321
11.13559
10.6528
15.88478
6.51928
15.62889
13.17215
7.81303
22.59404
4.706077
12.96592
8.84141
10.30034
10.48161
8.291156
13.35804
14.88916
16.45728
15.15807
15.25049
13.1548
20.30078
25.66247
15.35189
11.38761
7.318463
17.14252
17.58501
22.42392
23.82424
15.33206
1.673266
13.34303
9.816669
22.28774
10.41467
11.62125
14.80754
23.83105
23.39537
3.908622
22.37047
13.41362
15.03684
11.21334
3.02266
23.31238
22.16586
16.10937
12.7184
20.60944
16.79611
20.89595
10.50032
24.20112
13.17384
4.566526
19.76882
13.56793
30.68058
7.378812
24.24795
19.12571
15.6411
17.08311
19.86952
23.08421
14.18728
8.807122
5.841061
10.80318
34.2207
24.33492
17.19166
17.58376
18.24306
9.659391
23.21733
10.47619
10.35434
30.31698
18.75283
21.99055
18.50808
16.90684
0.264814
20.49844
28.28424
17.06038
2.518141
10.86996
4.734192
4.074398
19.91775
14.87581
27.67941
16.40278
2.579968
14.36807
5.773566
11.97658
20.63749
12.57267
18.80906
22.92388
15.66484
18.02116
11.56369
9.824962
8.747049
12.71563
20.52785
14.94525
17.671
27.72365
19.32952
2.800955
21.78041
24.69147
27.29624
28.29222
27.17621
25.41409
12.42526
12.83038
13.85073
14.92032
23.22757
15.0631
12.46151
18.65954
11.50796
19.26156
33.98231
22.33092
19.99256
9.018717
14.2078
27.25185
10.47717
5.440712
5.920567
18.228
20.49935
31.79407
6.919595
27.48689
10.96907
18.67159
23.87915
26.74058
16.28889
15.49975
15.97331
18.65379
14.56442
21.95721
13.44587
2.779579
15.76249
24.96452
17.72376
3.806167
18.12796
20.39251
16.8879
29.92818
16.17465
22.68565
13.94166
18.83068
27.49577
22.33942
23.01932
16.21425
25.36524
7.169817
21.19308
21.56219
35.36001
17.88055
6.634246
18.10253
30.72171
23.46885
12.79974
4.507099
22.34142
5.991925
21.53801
13.53454
25.97138
26.30007
13.70445
23.35468
26.14849
25.36296
17.5148
20.96418
13.34156
11.10824
11.71268
2.093679
24.85964
9.27741
31.78212
25.08427
14.08357
30.75644
10.74336
14.72336
12.18325
27.41899
24.50996
25.61979
18.4533
13.30811
17.92683
20.03753
31.83096
18.22698
17.53384
23.24852
23.58858
17.56658
13.90485
23.03923
13.94024
19.65617
24.23013
22.01851
13.82347
16.9796
14.78885
16.89645
20.7556
7.12217
13.79578
17.72495
23.6587
25.9261
21.36343
20.25543
23.01578
22.17067
12.71933
23.88607
29.41593
11.33982
22.07621
24.50802
10.93711
13.32679
15.37906
19.86043
14.68754
28.41258
19.4377
26.87663
26.92171
25.97372
10.81033
27.44871
14.5333
21.83946
8.709721
34.88643
25.41831
25.94308
16.47476
21.03126
20.4659
11.57212
16.01055
14.02823
18.01097
8.04777
15.95993
24.48029
20.31895
17.3554
20.89214
15.80724
28.45108
20.56077
22.6733
19.79674
21.59466
13.72926
20.33172
26.42093
21.28318
17.9035
24.76217
16.21278
20.54641
25.83349
5.673856
22.70101
26.70858
18.84129
24.5343
15.7531
19.10273
15.54414
14.85972
27.8427
21.64365
22.64366
16.88441
26.87447
32.94349
24.12631
15.23501
23.32557
19.99231
29.25485
18.924
30.20654
23.61717
31.24438
26.93145
36.29186
26.07248
35.07567
24.19455
16.80843
14.22069
30.49633
23.76103
13.31768
21.96055
23.48745
18.22018
27.99511
16.77464
30.77427
29.82717
27.09968
12.73741
29.13233
23.63317
16.33026
21.25672
22.451
32.05608
32.16866
17.72127
18.61856
23.72979
35.44748
24.71603
28.23519
29.70866
18.76338
18.14996
25.24028
17.83018
19.21997
25.47065
22.05555
35.66741
17.83681
40.91803
21.37889
15.85361
12.55235
13.06381
36.88282
30.95099
11.5845
14.30645
27.09915
23.81516
17.90662
14.23179
17.37069
29.31791
18.08523
29.60002
24.27696
19.12206
33.04445
27.97598
14.92198
33.09782
28.09155
24.78254
28.50162
13.55631
27.17721
23.57679
27.64885
19.31756
21.12463
27.71862
23.95442
15.16405
12.84412
28.94069
22.846
22.79806
36.53056
15.5491
27.0764
29.59883
28.35183
39.35166
17.87367
18.8637
33.06176
15.5574
26.32796
22.92538
29.20917
27.43232
27.34971
25.30875
35.68233
17.66145
28.31541
28.38629
22.37308
32.77733
28.04893
23.6962
28.59046
25.84171
29.85126
21.49473
27.88786
30.86787
34.36912
17.22217
35.03806
28.82652
26.41005
19.43693
46.73776
29.27181
21.96255
29.32164
31.89856
18.83605
24.09241
20.57148
18.61289
16.16339
27.13394
22.65101
31.77016
10.31536
12.25265
22.20233
27.92169
30.43705
29.8214
33.97905
24.87539
36.57485
31.2627
14.63593
20.20615
33.19421
27.58083
25.05367
27.65877
30.44344
21.64429
40.68637
26.07299
21.72875
31.53499
21.9309
22.337
29.61177
39.10096
21.68636
29.13188
15.47925
37.19698
29.59653
29.51458
21.18006
25.61036
29.38253
27.38674
40.19982
31.12208
29.90143
32.41755
33.1361
18.76695
39.86417
16.12433
39.31627
12.59388
33.89732
29.11518
34.66582
27.74474
34.20142
17.95705
23.30231
35.94744
27.74038
20.52783
21.07308
12.41664
31.03087
17.72142
22.15598
24.15151
40.54317
35.62285
28.49373
18.20453
36.03563
28.14586
19.46262
29.55594
36.40191
34.09248
30.51847
25.46535
37.15067
36.74292
29.99873
29.29221
26.83117
31.576
16.76845
27.88737
25.88518
21.01722
29.71449
33.32225
28.67409
33.09316
28.69642
20.0656
26.27355
34.44252
8.583515
24.83104
24.93263
34.60902
13.47658
26.34672
24.62623
31.35136
35.82709
30.51881
25.00138
28.83121
26.57611
31.56983
23.30981
19.5382
38.86912
25.69194
26.30181
26.10491
21.87665
28.19315
34.34207
25.01597
21.2227
18.66855
30.93321
26.70523
26.93346
24.94514
18.04882
23.0814
31.9284
21.9729
25.75969
50.3034
20.90594
27.1695
22.68441
29.39693
37.89179
24.61457
29.05945
21.03026
27.82424
34.22011
36.69015
36.24553
27.66652
35.92251
25.59304
34.28516
16.27706
38.50463
30.25411
32.34223
38.01702
33.80322
34.56561
22.95615
32.06156
21.96999
40.34544
32.52771
29.65356
26.39679
28.20478
15.18033
29.9795
21.81793
18.03198
22.67213
29.74176
32.64979
29.79433
37.43346
25.76956
26.38194
29.46089
42.32385
33.37833
36.29626
23.05859
41.63879
26.81283
33.3942
37.43631
27.54669
36.19282
28.96043
40.15942
32.17675
28.16887
30.46737
25.22953
52.54111
47.70074
35.29909
26.22301
37.21067
39.30981
30.13248
41.19359
25.48452
40.36059
33.35452
28.82344
28.59647
35.89206
31.76952
28.99456
25.78026
20.97008
34.75041
24.8155
39.78524
41.98244
35.28314
36.75831
45.95881
28.3043
34.34785
27.08371
28.58804
33.0557
26.7816
32.99962
52.89948
44.82216
26.6039
38.40759
27.28557
33.48355
23.62049
29.69316
36.54332
30.11994
26.25201
27.13623
33.85408
25.5956
29.20405
35.67445
30.88585
48.83815
27.79776
26.35486
33.09171
33.37068
19.76401
38.99357
28.62632
35.20398
17.61845
40.07131
29.20144
41.57073
34.44698
34.82978
34.34126
40.89216
29.74189
29.42546
44.65992
15.39259
39.09732
39.09254
50.70341
34.96823
19.32526
32.15472
31.97631
26.38914
