-4.52424
9.60623
5.272319999999999
5.855459999999999
-8.451549
0.7603000000000009
7.794029999999999
-1.4657140000000002
-5.9511
-6.986515000000001
1.8139500000000002
0.9198900000000005
5.65568
5.879430000000001
7.45279
9.198110000000003
-1.4398400000000002
-2.9405219999999996
0.7047500000000007
15.537220000000001
3.9231099999999994
15.386400000000002
8.385886000000001
2.851980000000001
2.901810000000001
4.151320000000002
8.432310000000001
-0.3180000000000014
6.324939999999998
5.9132799999999985
0.35646800000000045
-3.9681439999999997
-0.4255899999999997
9.02997
4.37303
-7.737318
7.47415
8.30232
9.192210000000001
2.9981500000000008
-8.306659
9.632090999999999
-6.483452000000001
-9.076768999999999
5.459060000000001
-0.4792400000000008
13.81391
-3.2973999999999997
-5.433691000000001
2.268771000000001
-8.371007
8.950580000000002
5.203340000000001
11.78231
-4.95626
-11.928237000000001
3.613579999999999
-3.6427620000000003
-12.892471
-13.900865
-4.100790000000002
-6.2375799999999995
-6.747381
-10.724393
-17.247482
-16.615968700000003
-10.051084
-23.027746
-13.031934999999999
-9.740580000000001
3.8329199999999997
-15.458480000000002
-14.171724999999999
9.19047
8.18087
-0.7436499999999988
-9.066495
-9.253914
-10.3964026
-12.643754000000001
-14.088255
-3.5745500000000003
-12.281714000000001
-15.463126
1.361229999999999
2.1676149999999996
-6.805697000000001
-2.8952500000000008
1.3336100000000002
-2.2919
-6.717960999999999
-8.95035
-10.876323000000001
-13.958940400000001
-2.6730600000000013
-9.927391999999998
-1.93037
-15.543510000000001
-8.646049199999998
-3.04035
-4.9437750000000005
-3.4931599999999996
-4.217549999999999
-7.543397999999999
-19.174896999999998
-3.421479999999999
3.8440700000000003
-7.500401
-4.798350000000001
-14.7234121
-13.268365000000001
-8.766305000000001
-13.072396000000001
-4.2884530000000005
-7.105619999999998
0.41654000000000124
-17.874208
-12.327579
-15.361381999999999
-12.8617766
-6.682228
-13.678051
-12.049470000000001
-6.859676
-10.386105
0.55349
-10.531376000000002
-8.952649000000001
-8.234621
-9.836356
13.774349999999998
-5.460650000000001
-10.914031
-13.070580999999999
-2.2551320000000015
-5.049977999999999
-2.247603
-10.8771328
-6.330900999999999
0.18195399999999928
-9.319545
-8.013061
-17.9961987
-6.747041
-7.744885999999999
-7.425925000000001
-15.680889
-7.283380000000001
-3.167630000000001
-18.543455
-2.5087200000000003
-8.227420000000002
-14.091484
-7.071648
-14.5041955
-0.9800599999999982
4.232769999999999
6.31579
-3.8190600000000003
-2.972183000000001
-0.36629999999999896
-6.939049999999998
-4.872209999999999
9.076950000000002
-1.8199100000000001
2.8705499999999997
-1.0023299999999988
1.1055199999999985
-10.664947999999999
-4.003574
6.9459599999999995
10.36288
4.044440000000002
-6.923062000000001
2.621599999999999
-9.624414000000002
-12.109245
-2.21002
-2.1071299999999997
-8.975431
11.075230000000001
-13.075214599999999
-3.639244999999999
-12.060229
-4.864930000000001
-1.8065999999999995
-6.151107999999999
-2.5184500000000014
-7.155269
-11.034621
-0.7997499999999995
-1.1500770000000005
7.830159999999999
-19.025482999999998
-6.038292
-7.249717
4.15138
-15.673826
2.5161700000000007
-14.6389865
2.358620000000002
-5.249129
-7.753920000000001
-4.982420000000001
-9.330268999999998
-6.076002999999999
-2.6439400000000006
-9.720739
1.2201000000000004
-17.723977
1.8752699999999987
2.2630000000000017
6.237159999999999
-4.79255
6.767309999999998
-19.45085
-8.324245999999999
-14.721543
-2.5456000000000003
0.6035200000000014
-15.568446999999999
-8.340371999999999
2.966849999999999
-5.779
1.1991499999999995
-4.525810000000002
-4.125959999999999
-12.530147
-0.7549900000000012
0.5979100000000006
-0.8480399999999992
-13.365855
-11.43926
-4.968399999999999
-1.7162400000000009
-5.698860000000002
-9.563219
-1.2921099999999992
5.6021899999999984
-12.831396
-7.888595999999999
-12.413603
-3.6991700000000023
-1.5504800000000003
1.54767
-13.577475
1.2330600000000018
-8.843816
-4.718330000000002
-19.977871999999998
-15.435036
-15.650418
-9.181635
-5.8812000000000015
7.262050000000002
3.7830900000000014
0.47143999999999764
-2.1947600000000005
1.0253000000000014
2.33953
-6.08752
-3.6924300000000017
7.674789999999998
-3.735109999999999
-1.6174599999999995
-7.991809999999999
1.7700999999999993
-3.6895499999999988
6.462500000000002
-0.87012
12.12329
-5.685939999999999
-10.542040999999998
-10.074924000000001
-3.633670000000002
-7.252080000000001
-1.960890000000001
0.3940999999999999
-8.3273
-0.11482400000000048
-8.279530000000001
-5.118433
-7.526991000000001
-11.745842
-3.44754
-5.362546999999999
-10.057175
-1.417550000000002
-15.202762
-4.17319
1.8863199999999996
6.951650000000001
2.231110000000001
-11.9848
-5.605121
0.5853600000000014
-6.4465900000000005
-7.653844
-4.533669999999999
-6.761068999999999
4.369799999999998
-4.392849999999999
-12.632427999999999
-6.574261999999999
0.8593200000000003
-0.15276000000000067
-10.540790999999999
-5.137550000000001
-5.730169999999999
-2.1502999999999997
-6.924750000000001
-13.360595
-6.482370000000001
-9.20743
-4.095310000000001
-11.693445
-1.5435700000000008
-17.076915
-3.5565799999999985
1.3389999999999986
-2.441089999999999
-0.4441000000000006
-4.392670000000001
-2.4042100000000026
-12.361054
-7.007839999999998
0.31691
6.28082
-3.5828000000000007
-12.358085
-8.65381
-12.994568000000001
-5.839489999999998
2.005049999999997
-11.792681
3.035000000000002
-3.13772
-6.000221000000001
1.9627099999999995
-5.970389000000001
-8.161069999999999
-6.793040000000001
2.803189999999999
-10.111590000000001
-2.89316
-7.1410800000000005
-2.9439699999999993
13.088667
-11.782332999999998
-3.2386899999999983
-6.26535
-12.02634
-8.026340000000001
-6.297173999999998
-6.8922599999999985
0.5342099999999999
-1.7015399999999978
-2.4227100000000004
-2.8877500000000005
-2.0678599999999996
3.913599999999999
4.597929999999998
-5.148650000000002
-6.10036
-11.351786999999998
-1.7826400000000007
0.9167300000000012
5.292489999999997
-0.4482199999999992
-4.112899999999998
-12.941904000000001
-8.911769999999999
-6.6317910000000015
0.20837999999999823
-7.3363700000000005
-6.3295400000000015
-10.154330000000002
7.96996
5.191369999999999
-12.825498000000001
5.2112700000000025
-2.3026999999999997
-7.368879999999999
-5.6905899999999985
-11.59285
2.2636199999999995
6.984339999999998
-4.68009
-0.33564999999999934
5.96734
-1.7917300000000012
0.6722199999999994
-6.594990000000001
5.00741
-3.3833800000000007
-12.843644000000001
2.7399900000000024
-1.7897800000000004
11.318449999999999
-6.539498
9.760029999999999
1.9340900000000012
-3.4658099999999994
2.451640000000001
-0.4269399999999983
5.546189999999999
-11.059960000000002
-0.6616490000000006
-15.931249000000001
-4.9627300000000005
19.04805
5.575970000000002
-1.4511199999999995
6.953170000000002
6.57747
-6.153949000000001
2.42689
-5.19342
-3.245519999999999
4.998850000000001
1.2097599999999993
3.8309800000000003
2.458849999999998
-2.874290000000002
-13.043686000000001
6.411929999999998
11.25856
0.5342099999999981
-10.234719
-5.4211100000000005
-11.081668
-10.420252
0.6683400000000006
-0.73231
6.807030000000001
-1.8769199999999984
-14.108221999999998
-3.4163999999999994
-12.309094000000002
-2.1832700000000003
4.70435
-3.7482099999999985
1.518939999999997
8.8683
-0.5754999999999999
2.7234399999999983
-3.7947100000000002
-11.756428
-1.0711389999999987
-1.3765599999999996
3.216470000000001
-0.40378000000000114
-0.7611100000000022
5.699189999999998
1.0631500000000003
-8.851155
2.42474
6.07329
5.498280000000001
10.134160000000001
7.86354
8.771080000000001
-10.07636
-5.669960000000001
-0.7836499999999997
1.5780200000000004
2.1624799999999986
-0.7615099999999995
-3.875619999999998
5.341749999999999
-3.62453
1.022400000000001
13.060139999999997
2.7565199999999983
-0.21762999999999977
-7.274462999999999
1.8248200000000008
5.384710000000002
-9.44363
-12.636388
-12.609682999999999
-6.438949999999998
1.0447300000000013
11.595110000000002
-10.110025
6.8138799999999975
-3.7766599999999997
2.3523899999999998
3.285529999999998
8.203850000000003
-3.2643500000000003
-3.103440000000001
-5.5144600000000015
-1.7780400000000007
-2.30053
8.6995
-6.264500000000002
-9.902261
-6.47241
6.1135899999999985
-3.50582
-10.847813
0.4045100000000019
-1.8111399999999982
-2.387490000000003
9.38805
-0.3685399999999994
4.14977
-6.62665
-4.94154
7.872199999999999
10.01009
3.4447399999999995
-1.0147300000000001
8.095379999999999
-13.995033000000001
1.80668
3.9354000000000013
12.040220000000001
-1.0595700000000008
-10.591823999999999
0.7858700000000027
5.9380900000000025
5.970099999999999
-4.335049999999999
-7.198760999999999
7.592229999999999
-9.219565
2.72419
-1.0126500000000007
7.889469999999999
7.903160000000003
-1.03627
2.8146499999999968
5.924809999999997
4.944800000000001
-3.699069999999999
3.743829999999999
-6.240510000000002
-4.580679999999999
-8.04877
-15.092001000000002
5.847549999999998
-3.6632099999999994
12.368479999999998
5.1286200000000015
-1.5623900000000006
12.95599
-3.031360000000001
-7.476430000000001
-6.58731
3.439209999999999
3.476309999999998
1.45608
1.3999399999999973
-3.03566
-1.5028600000000019
-2.126290000000001
10.5795
0.38610000000000255
-4.7489799999999995
7.0236199999999975
2.053889999999999
-1.631770000000003
-1.9247499999999995
7.53463
-3.5103399999999993
-2.9905700000000017
2.8620400000000004
5.25958
-4.94894
-2.5566999999999993
-3.1155399999999993
-2.018749999999997
-0.9876299999999993
-11.545079999999999
-1.78411
-1.5959199999999996
12.17492
6.124690000000001
2.073990000000002
-8.07611
4.356479999999998
2.7210600000000014
-8.22437
5.178899999999999
8.886119999999998
-3.8827999999999996
0.23878999999999806
5.448979999999999
-3.342739999999999
-5.742520000000001
-1.64982
-0.8846699999999998
-4.963749999999999
8.914119999999997
2.3551900000000003
8.693289999999998
8.519190000000002
5.838480000000001
-6.67942
7.0050399999999975
-4.605539999999998
5.28124
-6.464378999999999
8.026389999999996
11.921930000000001
4.826469999999997
-4.431650000000001
3.2037799999999983
-1.7191599999999987
-5.184379999999999
0.4726299999999988
-7.04663
-2.7748199999999983
-10.6954
-4.541879999999999
6.5542799999999986
2.4443100000000015
-2.7945600000000006
3.9137500000000003
1.5812299999999997
8.29919
0.5422600000000024
1.0295699999999997
0.5375599999999991
-3.536109999999997
-2.8199900000000007
0.1971500000000006
5.567149999999998
3.1046900000000015
-2.1378299999999975
2.121310000000001
-3.848480000000002
-3.5980399999999975
6.44453
-14.408214000000001
0.08410999999999902
7.19172
-0.2838499999999975
1.9736100000000008
-2.7182999999999993
2.40569
-4.49234
-3.9208800000000004
7.586930000000002
-0.3893899999999988
6.20786
-4.098420000000001
6.864049999999999
11.731049999999996
4.2041900000000005
-1.5372299999999992
2.0837000000000003
3.3674800000000005
10.105910000000002
0.9913099999999986
3.2071000000000005
6.9834700000000005
6.833300000000001
-1.041179999999997
15.526599999999998
2.79101
8.891110000000001
2.779720000000001
-4.296309999999998
-2.8006100000000007
7.50478
6.625040000000002
-8.846070000000001
3.7977000000000025
2.66592
0.8609799999999979
3.9701200000000014
5.313290000000002
13.247500000000002
11.454139999999999
5.660360000000001
-3.9616000000000007
7.555340000000001
2.342839999999999
-2.4405099999999997
7.655750000000001
-1.5011399999999995
7.303500000000003
8.414980000000003
-4.476140000000001
3.220449999999998
4.837350000000001
12.04372
0.2730700000000006
6.456309999999998
5.109879999999997
-3.0331699999999984
-6.992319999999999
1.9646799999999978
2.4866899999999994
2.7239700000000013
-3.9955500000000015
2.195170000000001
14.901719999999997
-10.618120000000001
14.937250000000002
2.2547599999999974
-1.7539100000000012
-3.40062
-4.23545
10.598940000000002
6.647380000000002
-5.7678899999999995
-8.1608
10.56118
-3.9131
2.91822
-3.7704500000000003
1.7892600000000005
8.348950000000002
-3.3585400000000014
10.005230000000001
-1.8938000000000024
-1.8713699999999989
15.750349999999997
8.09947
-5.599190000000002
7.792349999999999
4.378550000000001
8.26285
5.32883
-6.150290000000002
6.79984
0.8380599999999987
5.902739999999998
-2.7934699999999992
-1.6562100000000015
11.6249
-0.18533000000000044
-0.5805199999999999
-6.301549999999999
12.17631
-1.6102600000000002
1.5136900000000004
15.258850000000002
-6.31166
4.70759
9.81023
10.45703
17.387130000000003
-1.9111499999999992
3.687800000000001
13.41424
-1.84361
4.955439999999999
-3.0747
6.321919999999999
10.851939999999999
5.975800000000003
2.635439999999999
20.39189
-6.152280000000001
11.36166
8.38936
-3.7429999999999986
8.12727
3.6071199999999983
-1.9175299999999993
3.9902599999999993
1.1593199999999975
10.810110000000002
0.3363800000000019
2.540700000000001
3.536629999999999
12.260690000000004
-2.403850000000002
9.951070000000001
4.373559999999998
9.636389999999999
-1.384170000000001
23.761570000000003
6.08315
0.8526699999999998
5.965079999999997
1.2973700000000008
-1.1797900000000006
2.3607000000000014
5.9075700000000015
-1.0758800000000015
-8.329
2.292839999999998
4.170390000000001
15.4301
-6.49621
-5.718730000000001
1.9013099999999987
10.19557
6.931079999999998
4.3398900000000005
8.358250000000002
0.8085699999999996
10.99025
6.465989999999998
-4.986330000000001
-3.1265699999999974
8.019449999999999
3.031749999999999
5.9367100000000015
4.49681
5.302209999999999
0.8627099999999999
14.439069999999997
3.5307700000000004
-3.7580199999999984
11.736830000000001
4.853400000000001
0.7782699999999991
5.4651700000000005
13.93685
5.397690000000001
7.308609999999998
-4.055990000000001
14.815440000000002
4.0137
4.796249999999997
1.9038199999999996
10.14649
6.135449999999999
1.0770799999999987
13.186360000000004
9.50705
8.72184
9.07892
8.8168
6.312230000000001
16.2607
-8.265
15.679330000000004
-6.31593
10.559070000000002
8.726659999999999
5.842849999999995
4.3662600000000005
9.55058
-0.5343900000000019
-0.2870100000000022
15.28267
6.955069999999999
-2.573469999999997
-0.2890499999999996
-5.978040000000002
4.327940000000002
-2.52778
0.10695000000000121
-3.8899500000000025
15.573880000000003
13.111719999999998
0.6965699999999977
-2.4998000000000005
8.908179999999998
3.6906599999999976
-2.8983600000000003
2.587250000000001
5.609460000000002
13.010150000000003
9.218340000000001
3.879339999999999
12.735349999999997
12.970199999999998
7.981569999999998
8.1799
6.591380000000001
5.271060000000002
-0.9387599999999985
3.670180000000002
7.659189999999999
0.10561999999999827
7.35905
7.834789999999998
3.8657000000000004
7.185049999999997
10.78406
3.05893
1.8308900000000001
8.138350000000003
-12.268365000000001
4.699000000000002
1.0598600000000005
8.890730000000001
-5.67271
6.249470000000002
8.320979999999999
8.862200000000001
11.28163
6.00629
1.4913699999999999
7.427049999999998
9.27935
6.562860000000001
-1.9381200000000014
-5.4293499999999995
11.668440000000004
2.55114
4.021740000000001
4.929320000000001
-2.757819999999999
5.10154
8.55648
3.6248000000000005
-9.7046
-1.0907000000000018
7.0925699999999985
8.817140000000002
5.0854
-1.5855800000000002
1.277549999999998
0.7628899999999987
5.108419999999999
-3.746829999999999
4.380179999999999
22.189470000000004
0.8939100000000018
3.5838099999999997
1.4846499999999985
10.05247
13.24615
2.054359999999999
11.960759999999997
0.42738999999999905
7.102
14.391699999999997
13.907550000000004
13.724560000000004
6.478189999999998
14.184910000000002
-0.3610199999999999
11.808269999999997
-2.9055600000000013
17.13815
5.454740000000001
13.397829999999999
14.048200000000001
13.431690000000003
12.74483
2.9497800000000005
0.18315000000000126
5.012879999999999
17.078230000000005
7.170079999999999
8.655089999999998
2.43178
7.87088
-6.827330000000002
6.418790000000001
-0.5111799999999995
-4.174720000000001
2.384830000000001
7.9975999999999985
9.812460000000002
6.691979999999997
11.759389999999996
2.1090399999999967
3.0054799999999986
4.63457
16.05313
10.161649999999998
12.460889999999996
1.8714300000000001
18.28312
2.1770500000000013
8.648089999999996
8.255019999999998
-0.21253999999999706
11.288999999999998
5.194409999999998
10.659899999999997
6.991309999999999
3.4296099999999967
2.9430200000000006
2.2403000000000013
27.281600000000005
15.873210000000004
8.312639999999998
2.7537899999999986
10.875700000000002
14.286299999999997
2.4468700000000005
17.71056
2.8062499999999986
12.804670000000002
1.3549900000000008
3.1899000000000015
5.69041
11.04449
10.732890000000001
2.5030600000000014
-1.2030700000000003
-7.293230000000001
13.195060000000002
0.7738399999999999
15.38822
15.787279999999996
8.317870000000003
14.90961
20.67867
5.12172
13.21939
4.681229999999999
8.73066
3.014780000000002
-6.855720000000002
15.65295
19.877159999999996
17.482959999999995
4.928739999999998
14.085359999999998
-0.23204000000000136
8.283470000000001
-4.762460000000001
4.008239999999997
12.3015
-1.5949899999999992
3.809059999999999
6.478080000000002
7.180200000000003
1.0642400000000016
6.37349
12.77514
9.213840000000001
13.638089999999998
2.587040000000002
3.0303499999999985
6.519690000000001
11.313600000000001
-4.028130000000001
6.388129999999997
6.520199999999999
6.824620000000003
-2.845860000000002
14.416599999999995
5.543460000000003
16.630869999999998
5.896250000000002
9.537389999999998
9.57912
11.307569999999998
5.532200000000003
4.58305
14.916070000000001
-11.74283
13.478850000000005
9.747959999999999
22.350759999999998
8.236839999999997
-0.22935000000000016
5.003639999999997
4.817040000000002
1.263300000000001
