26
34
73
92
133
146
162
173
176
258
264
284
293
295
302
353
368
373
375
420
426
428
442
444
516
545
604
654
678
732
759
786
796
803
828
851
852
855
866
880
896
902
903
922
946
951
952
987
992
1024
1046
1073
1080
1089
1099
1137
1144
1146
1150
1166
1193
1206
1228
1246
1247
1263
1281
1289
1322
1348
1398
1435
1450
1474
1480
1517
1538
1562
1563
1571
1622
1627
1633
1643
1650
1655
1733
1744
1768
1787
1849
1852
1866
1892
1900
1901
1929
1945
1949
1960
1994
2011
2041
2043
2051
2057
2162
2188
2194
2201
2202
2243
2248
2258
2314
2327
2334
2336
2380
2382
2392
2410
2433
2439
2459
2462
2473
2501
2515
2533
2560
2585
2660
2714
2722
2728
2740
2752
2763
2767
2769
2787
2799
2813
2814
2841
2885
2925
2930
2936
2980
2981
3055
3056
3096
3108
3128
3147
3172
3174
3205
3235
3261
3303
3314
3326
3328
3333
3341
3345
3347
3389
3390
3410
3438
3442
3517
3531
3582
3623
3636
3664
3675
3685
3689
3694
3710
3712
3750
3770
3799
3826
3863
3894
3905
3954
4006
4013
4023
4030
4039
4079
4090
4108
4109
4154
4168
4199
4246
4252
4296
4309
4312
4332
4340
4350
4361
4362
4364
4380
4395
4403
4422
4440
4472
4482
4505
4558
4568
4575
4583
4606
4617
4637
4641
4651
4653
4665
4697
4710
4716
4731
4739
4792
4816
4869
4876
4899
4915
4988
4990
5021
5039
5065
5076
5159
5190
5200
5221
5243
5247
5256
5260
5339
5344
5350
5391
5397
5430
5439
5442
5474
5491
5498
5549
5568
5569
5587
5614
5651
5654
5663
5695
5712
5744
5769
5783
5819
5829
5856
5858
5863
5870
5874
5890
5892
5907
5926
5958
5966
5968
5979
5988
6000
6033
6042
6070
6111
6136
6160
6182
6230
6231
6243
6291
6310
6338
6346
6354
6365
6372
6378
6382
6438
6457
6480
6491
6511
6512
6513
6551
6556
6571
6600
6619
6678
6683
6689
6707
6718
6720
6751
6793
6802
6845
6908
6929
6990
7007
7021
7052
7075
7080
7082
7095
7103
7145
7166
7192
7241
7253
7268
7270
7297
7314
7366
7375
7382
7398
7399
7407
7409
7414
7415
7416
7428
7461
7470
7499
7577
7578
7590
7603
7633
7660
7675
7698
7702
7766
7768
7883
7921
7923
7959
7969
7975
7983
8015
8022
8053
8067
8083
8111
8128
8149
8198
8204
8214
8237
8256
8260
8266
8269
8296
8310
8326
8347
8348
8384
8420
8490
8491
8499
8514
8519
8563
8578
8580
8634
8643
8649
8654
8681
8688
8703
8735
8750
8756
8759
8787
8795
8809
8869
8873
8886
8902
8934
8954
8979
9057
9061
9062
9073
9077
9081
9102
9148
9166
9176
9179
9194
9240
9270
9298
9304
9315
9346
9393
9403
9424
9456
9521
9537
9544
9555
9576
9620
9633
9645
9646
9668
9688
9701
9712
9713
9724
9726
9728
9745
9754
9770
9830
9836
9881
9885
9889
9904
9911
9925
9970
9983
10013
10014
10041
10080
10091
10095
10105
10113
10120
10122
10127
10140
10147
10219
10220
10234
10263
10318
10339
10355
10382
10406
10407
10417
10450
10498
10523
10556
10566
10618
10626
10633
10646
10661
10669
10686
10699
10737
10780
10786
10857
10879
10909
10914
10923
10924
10961
10972
10979
11056
11089
11094
11095
11096
11135
11141
11148
11151
11205
11212
11254
11257
11264
11292
11307
11329
11366
11378
11468
11481
11488
11489
11510
11512
11567
11568
11569
11580
11601
11603
11614
11625
11631
11638
11673
11684
11699
11716
11764
11777
11801
11861
11871
11892
11910
11919
11929
11940
11946
11955
11962
11966
11970
11975
12034
12050
12147
12151
12157
12183
12191
12203
12278
12302
12328
12357
12366
12396
12408
12448
12468
12472
12494
12506
12536
12538
12550
12556
12577
12580
12603
12621
12637
12698
12726
12767
12768
12776
12803
12813
12842
12876
12890
12916
12923
12934
12956
12968
12981
12993
13004
13016
13049
13050
13103
13132
13136
13137
13170
13175
13204
13206
13221
13229
13230
13245
13254
13290
13304
13371
13391
13392
13419
13430
13434
13460
13466
13546
13562
13597
13678
13686
13720
13737
13740
13746
13750
13770
13781
13811
13836
13855
13856
13913
13922
13980
13984
14057
14065
14077
14083
14090
14149
14157
14185
14195
14220
14222
14239
14241
14262
14298
14307
14311
14326
14328
14332
14382
14427
14434
14452
14469
14527
14532
14547
14566
14570
14584
14598
14606
14619
14629
14657
14672
14691
14760
14763
14787
14803
14804
14823
14842
14888
14916
14930
14932
14934
14949
14993
15026
15053
15075
15076
15081
15109
15126
15174
15234
15238
15267
15276
15306
15318
15319
15335
15345
15352
15360
15387
15396
15472
15491
15495
15519
15529
15541
15573
15585
15589
15623
15627
15641
15653
15688
15696
15698
15713
15735
15737
15744
15745
15757
15770
15788
15789
15790
15805
15820
15840
15849
15857
15865
15897
15909
15920
16035
16057
16069
16088
16095
16119
16127
16185
16205
16227
16308
16338
16347
16349
16362
16432
16436
16437
16497
16533
16580
16583
16606
16610
16628
16677
16681
16720
16737
16738
16745
16747
16786
16790
16805
16808
16829
16853
16871
16885
16971
16980
16982
17043
17049
17062
17089
17090
17094
17104
17106
17107
17127
17159
17211
17214
17228
17238
17250
17253
17258
17283
17288
17300
17334
17406
17423
17432
17447
17462
17506
17558
17566
17569
17606
17609
17619
17620
17629
17684
17686
17713
17762
17822
17830
17870
17874
17876
17901
17904
17914
17932
17938
17939
18029
18042
18056
18077
18081
18102
18113
18144
18160
18171
18202
18209
18218
18315
18316
18322
18343
18360
18364
18368
18381
18395
18401
18417
18445
18457
18468
18477
18492
18496
18498
18529
18534
18545
18556
18609
18627
18651
18653
18670
18685
18686
18695
18717
18735
18748
18789
18850
18864
18886
18981
19022
19023
19041
19091
19108
19109
19122
19140
19179
19185
19199
19289
19334
19352
19357
19385
19389
19397
19401
19435
19509
19513
19582
19584
19591
19627
19631
19668
19678
19682
19747
19765
19772
19899
19927
19938
19957
19999
20012
20017
20032
20039
20053
20059
20062
20068
20094
20112
20118
20119
20131
20139
20141
20167
20209
20210
20216
20222
20223
20232
20245
20267
20290
20314
20326
20379
20383
20430
20445
20455
20473
20542
20543
20573
20584
20589
20661
20676
20684
20701
20704
20707
20716
20739
20762
20778
20792
20795
20797
20803
20827
20834
20850
20974
20990
20993
20994
21020
21064
21076
21077
21080
21091
21094
