16.81664
18.57196
18.66438
15.60398
22.60576
17.6092
13.84396
14.1963
12.89155
10.94282
11.66368
16.8108
12.20815
21.07866
17.25418
10.22647
20.81228
15.24002
7.756401
21.28554
13.06361
21.01393
16.89944
19.31062
18.45269
23.05363
15.25134
21.8714
22.95152
19.9425
15.58344
25.40756
29.62684
9.913095
14.31227
16.78322
18.31169
25.00964
11.05807
8.958351
19.87127
16.80178
11.2648
30.73881
11.91708
13.30658
18.09676
9.36336
17.25888
21.50735
16.24233
21.50444
25.49314
13.74316
19.37255
12.65858
11.97224
8.723979
4.192215
15.18884
3.038229
8.509048
6.669164
9.573839
2.620054
14.70668
17.05406
8.466806
12.9998
6.230324
1.388484
4.446179
8.884846
6.801157
1.151298
4.234289
4.158582
8.655565
10.73992
5.512116
8.226647
-5.145471
-3.407267
1.716714
5.513744
8.2907
0.3518552
7.905347
7.06216
-2.616729
16.39961
10.07745
3.004006
12.67137
5.887274
7.52716
-0.2962588
11.63863
14.67317
15.39792
5.354878
5.945682
10.94411
6.191554
6.005656
5.060451
6.109289
8.844527
8.46478
8.287132
6.516974
4.943874
8.457864
5.586209
7.763001
2.098555
6.465872
2.04181
16.95489
-3.279092
4.283283
7.979744
10.66589
12.67969
11.33905
6.78909
12.89422
8.542815
1.012607
6.447888
10.17191
13.46015
16.20094
3.024682
5.995963
-1.983962
0.03302875
5.214324
9.542005
12.257
17.7036
8.534354
2.75383
8.949383
10.54299
2.873377
3.13874
3.707275
2.852027
4.067058
9.619817
3.624678
-7.531714
-0.6323091
10.46663
11.06155
3.27746
4.882035
10.9755
10.06805
8.921681
12.39049
8.962071
9.795328
20.03648
12.04481
13.59838
9.025609
15.02613
10.84392
13.97723
8.145735
11.92621
4.051095
8.207367
14.78042
13.42336
2.986582
7.021683
1.980398
7.965384
-0.5997822
10.36672
19.58658
12.35903
15.93083
19.62028
13.1848
8.127842
16.81756
5.356314
4.426077
12.88882
6.477905
9.516807
14.91609
15.27552
9.540441
12.17078
19.34947
18.65886
12.0616
12.60032
7.49314
9.175584
6.600754
21.63345
7.406096
8.461391
12.164
9.860687
10.67967
5.5838
9.19965
14.36394
4.976519
3.713397
11.4817
10.47086
5.919165
8.606807
11.42553
4.674903
3.828746
9.225807
4.896312
5.009676
6.826879
10.15571
4.628837
8.804005
14.05292
3.882707
14.54582
4.193965
11.42133
-0.3022581
5.815491
4.844464
10.00216
0.9487964
8.952142
20.43634
6.273661
11.47697
16.8104
5.142017
5.298099
13.92428
7.933063
-0.1934789
14.48671
4.000077
7.171253
6.499008
11.8182
14.01451
8.531491
11.44071
16.983
11.01378
10.68724
6.604717
21.67953
10.07956
8.944333
16.06915
6.472752
15.08214
10.22323
9.742198
4.550609
12.70198
14.67374
13.86462
13.1344
11.16282
8.981505
8.126321
2.824471
13.42556
5.592034
13.62055
15.80359
24.03338
3.953757
12.28518
15.56604
17.4015
7.811643
0.6680288
6.316597
12.42088
19.88118
13.37805
16.70379
18.60561
16.12207
6.774371
18.06589
11.89825
23.49705
12.198
11.02251
3.959586
0.9415142
14.88237
17.60001
14.27728
18.60815
17.22746
10.35108
10.58955
17.25575
10.2188
7.204327
18.16051
12.28212
11.44827
23.26571
19.67569
13.44968
14.30439
11.83584
6.952823
16.28211
8.242772
14.82759
15.51827
17.25543
17.40852
5.041933
11.44446
8.845855
13.40615
10.5156
24.94063
8.536312
12.14456
10.6148
4.50776
14.14833
11.39215
20.50913
7.011055
20.15597
6.625137
4.679543
13.45867
20.06588
16.30476
16.52465
9.875022
12.10749
9.216532
18.2488
12.57276
10.88694
17.39094
15.83957
28.38246
14.8427
18.27386
16.10038
17.78973
17.64884
24.02802
18.91295
18.12934
20.74862
9.177502
12.13823
20.92359
25.27955
20.98729
17.82748
14.88851
22.91236
9.515303
20.46374
19.34828
21.51267
15.92745
11.50725
17.29149
8.549514
10.93208
20.75104
14.11288
13.3361
10.36473
23.63788
24.12137
9.370818
6.86842
14.26681
8.016771
16.52365
9.586643
18.07652
12.45879
10.71276
21.79812
19.11726
14.52728
18.72742
19.30707
18.61115
16.89674
23.35417
20.34966
17.61435
14.55827
18.7679
12.90836
6.548934
13.51376
16.04404
16.96116
6.10236
10.92719
20.99996
15.69559
11.6228
14.46838
7.690867
17.4537
12.38812
16.79036
18.48326
20.42299
17.89706
23.53334
20.36071
2.645452
20.90423
11.27179
15.94326
21.70764
16.21904
10.96849
4.07108
21.69384
13.08931
13.75013
15.97984
17.04615
17.73934
15.66821
20.34535
21.44879
17.79752
10.75205
3.458251
26.95898
20.17531
21.15266
11.85177
15.948
19.88023
11.17278
14.38417
14.49287
16.94716
25.70421
20.92553
19.71033
30.39946
19.87218
21.13557
16.32724
22.93532
13.823
12.85325
24.69608
12.40456
20.05274
12.77374
13.31828
12.0024
17.11312
21.8193
17.92238
14.5669
25.99089
20.23946
27.47793
14.73889
16.34433
31.90972
8.367992
12.69828
15.52125
19.271
14.41658
19.6819
15.67094
12.20028
14.5182
14.95634
14.58549
14.41562
18.35965
26.97977
21.15139
8.811335
18.15994
24.76351
23.11499
22.8267
15.5207
16.8067
22.40611
8.390033
19.39657
11.19287
18.08492
20.35025
16.39532
22.87283
21.14431
19.78074
11.98092
25.07166
18.32997
25.08902
17.56423
20.46089
14.66375
14.54156
12.80849
21.24562
13.01168
19.46661
19.04246
10.15871
22.79598
26.08164
15.53014
15.26297
13.43282
19.49843
21.16553
14.65351
11.75645
17.26357
14.83665
19.93643
15.93188
14.70044
19.47934
15.43543
22.13233
15.37805
17.14049
18.8095
25.80719
24.56619
17.03673
21.07274
19.77787
26.12242
16.24966
22.62291
17.98435
26.67672
17.75497
22.95312
23.06418
25.16161
17.86333
19.41968
28.1005
24.10557
27.4432
17.50101
22.36887
17.37417
21.84687
26.50761
27.45655
14.43675
25.84336
19.95446
23.01085
11.30379
20.70935
19.6227
15.18116
26.00882
28.07702
20.73577
18.27106
19.58041
13.67012
18.57618
9.191811
31.42347
15.11937
21.39381
29.71735
29.30514
20.4362
12.35947
23.18326
12.0096
15.44644
20.08475
16.0298
24.46258
22.49012
13.39892
22.74829
15.73514
15.79594
21.37158
24.38605
19.87083
17.70685
15.11088
22.52265
11.77952
24.49345
25.7831
25.02187
16.54681
19.8386
19.86503
27.12055
22.32089
15.63211
21.3436
21.96654
22.30809
20.41989
22.09997
12.54415
12.73311
16.58962
20.25806
19.1185
24.51307
20.84468
28.30375
24.21418
18.59337
22.27905
28.91018
19.4451
24.72804
19.45866
29.24367
22.00875
19.2626
21.59787
25.98476
21.82884
30.76136
29.37836
25.79948
29.77595
24.0229
28.53769
27.47261
16.08637
19.43347
24.80598
17.42029
20.71147
20.24359
24.28416
23.19249
19.77814
21.58065
21.89643
24.7404
25.43419
20.16942
25.41057
30.7811
19.1336
23.96502
28.22144
20.56428
24.51148
26.41623
21.75408
27.103
18.93555
21.99796
27.94897
19.41018
29.94392
28.44076
18.45354
27.30552
18.4349
21.60341
24.15275
16.92437
20.0385
30.94738
31.05924
20.366
21.75187
20.62438
26.53628
17.29767
30.72906
31.10395
25.16078
26.00753
20.61672
25.08042
15.26397
24.18914
23.07952
22.96737
25.13077
29.34346
15.29841
24.40159
19.06721
14.04505
24.89042
17.16267
29.01933
18.08758
28.04781
29.61616
26.6251
28.10442
28.62462
16.04084
17.61331
16.7974
24.25738
28.04565
19.30926
26.57695
11.80001
22.5951
15.97416
20.91272
23.53701
32.23331
20.83193
25.41876
26.2946
22.58762
27.48956
18.17573
26.58957
33.26916
29.8617
27.71351
28.36538
27.47787
24.63943
32.05072
24.28568
20.93912
35.6152
23.34887
28.29559
23.0776
23.83337
32.34942
21.21217
24.14848
27.65353
22.93312
24.67237
34.61107
25.58871
29.34515
25.13411
30.02741
30.29509
27.39074
22.72979
26.2285
24.22913
26.13344
30.12865
31.81006
20.61799
23.33328
32.24248
29.78083
22.60302
21.48415
26.74607
25.49696
25.0293
27.99077
32.05798
29.26871
34.81468
33.25054
20.3383
33.55312
24.03353
25.24509
26.86786
29.87219
33.36305
28.9532
30.05921
29.95075
25.9686
23.85909
32.4698
27.37183
24.0582
28.53231
23.50003
33.48543
25.11105
19.05477
29.60752
29.4304
35.52123
21.1773
30.19874
30.89427
20.53886
25.81992
25.89493
19.9321
29.24788
29.65014
31.39571
36.56511
21.81207
17.48502
28.41174
20.75705
34.35656
21.14417
13.71711
30.5864
25.84063
21.67982
33.31619
36.65693
24.85373
25.98656
21.82679
26.92189
33.1734
27.78023
34.43042
26.48303
32.0017
36.21427
21.43953
28.04463
17.07376
33.54393
32.38327
32.80342
40.67781
24.98103
27.83029
27.57187
28.69008
32.49125
40.99079
28.91505
25.80705
30.43426
30.37262
33.37884
32.49011
14.88587
27.5014
27.00293
33.05911
25.23379
34.68224
26.75801
29.96288
33.67753
34.18536
22.65453
13.86659
28.47554
32.22515
25.30568
28.46826
26.5623
30.0817
28.84012
28.46396
34.9237
31.01496
30.65948
35.19083
27.97597
30.81622
33.15066
34.68341
34.23784
25.27373
26.65533
28.12521
30.34496
23.21833
35.49625
25.38627
34.38393
27.34946
33.14213
33.68466
31.40433
26.01081
31.80277
27.04758
29.57723
33.7434
32.84244
33.5369
33.07088
25.31165
30.15202
29.27266
24.86943
33.08602
26.73486
29.33002
31.87947
33.17692
29.52481
24.07532
29.84303
26.90516
26.51583
28.39227
24.64047
26.93286
26.63237
28.01866
34.81856
30.17462
35.71979
23.36235
25.66972
25.95398
28.4121
35.51744
31.5916
32.27853
35.00444
30.62836
37.01189
25.6547
33.91384
38.45271
35.03151
38.64869
33.25331
31.26637
25.47128
30.82043
39.16018
28.86092
31.39722
30.38687
29.60128
21.45966
30.93718
30.39211
30.18677
23.90835
30.1369
33.76245
31.27482
34.48565
41.26452
35.67239
34.35352
27.03845
44.79853
34.01596
28.59171
34.88441
30.74155
36.83566
28.7069
34.63018
30.3786
28.02714
32.75041
39.14641
30.64863
25.60697
30.7974
36.45655
34.66066
26.23517
30.99471
27.63435
28.19307
36.16938
37.94527
40.98794
33.95238
33.20792
36.00286
39.0242
25.82724
34.31543
27.68284
23.20947
34.43997
34.94228
22.12054
28.75817
34.8082
34.55056
32.66127
30.8231
37.15831
32.04196
36.33653
37.00984
35.65852
33.19652
33.80194
32.77951
30.2255
45.82019
33.06395
34.37791
28.68535
28.72136
27.02767
31.22322
33.55548
32.97163
33.37405
32.89793
30.69207
27.60883
38.91942
28.52307
34.55541
34.36512
33.62459
31.91961
38.38449
32.01085
32.46148
34.71564
