3.449718
2.599651
3.846693
1.258264
1.316519
3.754145
1.692786
2.579083
0.6585662
-1.767721
2.129068
7.976484
4.842493
6.227366
2.852934
-0.3706042
7.002545
0.3556517
-0.0585997
5.405039
5.020018
1.32407
-0.2142607
6.386736
4.662157
7.883
0.2459986
7.668753
9.002068
4.979971
6.251657
10.06686
13.04724
1.931783
3.14547
7.46115
10.39083
3.343163
-2.032624
-3.442892
3.155814
0.8934164
2.733163
6.176593
-1.134304
0.5379825
4.815949
-4.035064
6.246698
5.405905
5.172726
6.176575
10.531
0.6471321
3.034186
-9.41991
-3.624213
-8.656578
-12.59461
-6.063899
-8.084957
-5.053195
-6.02078
-8.503483
-12.03264
-5.082312
-2.349671
-8.067498
-3.318883
-5.141181
-9.253209
-12.42223
-2.433905
-4.872014
-8.462708
-8.259024
-9.100634
-10.51506
-4.674087
-7.641611
-4.269496
-10.63013
-14.9663
-12.46887
-5.261061
-9.558637
-7.17345
-8.380658
-8.630685
-7.203492
-1.570451
-3.742713
-9.021681
-5.505358
-9.663384
-6.035645
-11.44727
-6.516481
-4.675033
-3.754809
-9.249829
-9.269395
-4.795651
-4.223098
-6.036229
-10.53657
-8.354442
-4.011954
-4.373803
-2.760303
-8.840042
-5.876
-10.93833
-7.465756
-5.667845
-8.483351
-3.280097
-4.589731
-6.135264
-12.67177
-6.432444
-5.076177
-3.063414
-3.677757
-8.101079
-7.427826
-2.077858
-7.76333
-12.23172
-11.92258
-1.91701
-1.130025
-0.2401538
-12.141
-5.023288
-12.30268
-9.894615
-7.990322
-7.638321
-2.888329
-1.917928
-6.431936
-7.299791
-5.703092
-4.372869
-5.056093
-11.61283
-10.48708
-11.60753
-9.301685
-6.956518
-12.37694
-14.68698
-12.38468
-4.972607
-6.148547
-5.997177
-4.691581
-9.35255
-8.779227
-4.371367
-0.2123984
-6.363653
0.2549638
3.759473
0.3448523
-3.948915
-4.108986
-2.010493
-8.63326
-4.083557
-3.630539
-1.915185
-4.906161
-4.838285
-4.458414
0.8073692
-8.715392
-2.995291
-6.114338
-7.797045
-10.84002
-6.712926
6.907697
-3.765093
1.4862
-1.114908
-3.922355
-1.453176
-0.2857803
-11.07943
-7.764281
-0.1178817
-6.725432
-9.045761
-1.373848
1.436281
-4.911671
-6.441272
1.43084
-5.073801
-6.185287
-4.258562
-3.240012
-0.7653495
-4.29084
1.7687
-10.80306
-7.012958
-1.135809
-1.007663
-7.013736
-4.547811
-4.816808
-0.1117532
-10.16733
-7.45129
-3.57071
-8.083467
-9.994954
-3.170566
-3.27777
-7.171268
-9.670851
-4.51611
-6.522776
-11.88072
-2.591899
-5.599314
-8.617235
-9.625892
0.9819979
-9.366513
-3.627546
-9.160101
-5.251771
-7.723313
-7.205679
-8.059845
-1.568831
-9.244924
-4.166576
-0.5726541
-2.414691
-6.229666
0.8906101
-7.58582
-9.121182
-0.314493
-5.990289
-10.66585
-1.927428
-9.720643
-6.965616
-11.36842
-4.285581
3.100684
-5.247984
-3.628483
-1.334873
-8.067895
-6.179156
-10.05984
3.385224
-8.540285
-7.590327
-1.792314
-12.83085
1.34917
-8.060599
-3.901083
-12.80541
-4.482419
0.9746972
-7.262165
-2.673874
-8.061962
-5.872043
-11.87678
-7.923744
0.252462
-7.207752
3.387771
0.7196145
1.344693
-5.868987
-7.280751
-2.715471
-6.682436
-3.334751
-12.39607
-8.48158
-2.92367
2.809272
-3.836873
3.084423
-4.707776
-7.066184
-6.988486
2.325781
-6.580357
1.373364
-5.280071
-0.6807886
-11.05428
-6.179905
-5.092853
-2.74189
-3.679846
1.573476
-0.3406348
-0.9831845
-4.378447
-4.606078
-10.81475
-8.078034
-1.418439
-5.92969
-6.822963
0.279043
-2.73654
-8.150507
-2.430278
0.1146094
-6.603437
-2.837618
-5.198557
-2.119532
-2.954356
-2.980791
0.1503326
-6.844969
-5.055383
-3.474669
-0.5819801
-1.545953
0.4844244
0.6384914
-1.864332
-3.218266
-8.729395
-5.469652
-7.292714
-1.484906
-4.558258
-1.082441
-2.880236
-6.170812
-5.170362
0.9670741
-6.274884
-0.736654
-5.788335
-2.480838
-1.328372
-0.864039
-6.347399
-5.380269
1.589517
-1.169126
7.478173
0.8765104
-2.465639
-3.435613
-1.911201
0.4750151
5.753364
-1.117676
0.2587191
3.617184
-7.86386
-6.574636
-2.717531
2.143681
2.337174
-0.7055386
-6.385142
2.720593
-5.318486
2.259736
-0.1762168
-0.5282331
-1.357663
-5.202566
-3.64167
-4.044232
-5.834259
-2.616029
-5.216923
-1.279411
-6.10038
7.2782
3.56847
-4.279718
-8.03062
-2.389799
-4.310448
-5.890453
-8.740934
-1.494934
-2.093553
-3.233176
4.164778
-2.754683
-5.007663
2.169504
-2.42645
-0.405551
0.2182954
1.66502
1.350111
0.4801446
-0.8626871
-0.3604873
-1.585287
-5.832128
-3.120842
-0.8775759
1.469686
-5.595831
-5.421948
4.357462
-2.597119
-4.372693
-5.312749
-1.557922
0.7357836
-4.862672
-0.6241796
-3.6597
2.181236
-3.492385
2.776952
-5.969245
-5.223371
-0.8339442
-5.554731
-1.900611
0.9264536
-1.565429
-3.582538
-9.361492
-0.1155756
-4.319211
-4.511156
-1.310286
-1.559178
-1.141734
-4.840298
2.383439
-1.293472
-2.286079
-4.468082
-11.14188
4.261633
-3.827854
-5.873022
-6.190686
-2.670179
1.100535
-0.7015374
-4.116174
0.4439492
-3.319971
6.159929
-0.7876637
-0.1107954
5.597384
-1.90039
3.19316
-1.472566
5.8112
-3.760685
-5.334702
-0.6923462
-5.542928
-2.41191
-0.3717171
-2.222141
-1.858649
-2.195427
3.395289
-1.064227
0.5706398
1.210832
-0.1923633
-1.264946
-4.146998
1.056885
6.491804
-7.17682
-4.247078
2.744501
1.410365
-1.654465
2.469272
-2.095535
-2.343338
-3.438796
-3.887201
-5.927131
-5.63648
-0.4552546
4.247014
4.3353
-6.069274
-0.2611078
2.625714
5.228709
2.972306
-3.578219
-1.169596
2.973429
-0.1032301
5.525282
-0.2575879
-1.600334
-2.901452
-1.737153
-0.9872347
2.152087
-0.07738382
0.2344429
3.478476
0.8684998
3.901222
-2.673516
1.871609
0.5447227
-2.939943
0.2975153
3.557282
-2.430861
-2.914541
-0.1926749
-7.281223
-1.56823
2.658876
-1.410252
-1.824652
-1.678285
3.67201
4.703922
-2.250205
-2.264814
-4.905666
-3.051328
1.848716
-1.895514
-0.5736717
1.555295
-1.617925
-0.44994
-2.006885
-0.7811751
0.1373321
7.518497
5.114092
-0.9463734
1.988631
2.415164
-0.1680103
-5.059562
-3.906219
-0.9477117
5.450671
0.9915624
-0.3730508
0.8049739
7.181857
2.488006
-1.091773
7.113229
3.866727
8.036802
-0.8816735
4.159039
-0.7456134
4.277082
1.575429
4.579295
0.6546576
0.1118444
2.246403
3.159573
-3.889949
2.313727
-1.706615
-4.055122
5.479011
9.400555
-0.3241407
-0.7003152
3.869303
0.08326812
-0.001696937
0.3201577
8.293284
-5.717516
1.425393
6.393245
9.510851
0.7150936
0.3195467
-4.015276
-0.5136544
1.86718
0.7872636
-2.289922
1.659359
4.149523
-5.131548
2.161594
2.222258
-2.052439
-0.7515552
3.451661
-3.459282
-0.9685819
-2.086283
2.839292
-2.646709
4.621803
7.549999
0.2359855
1.358046
2.708617
2.572261
0.8698026
2.670232
-2.54638
-0.9427143
3.248213
6.262506
0.03754752
0.8167738
-3.948455
-4.632497
-3.771613
-1.556602
-0.9073358
2.797651
-1.188355
4.343705
3.158204
-2.730934
5.181227
9.066698
-0.7253358
5.153689
0.3400868
9.018461
3.392842
1.755889
1.957952
4.935294
1.444428
6.545898
3.854665
3.259867
4.537564
2.195509
1.881787
9.136847
3.551246
-0.8335323
0.1434515
2.09045
-0.7840351
-0.2050658
0.5532997
-0.7036173
-3.374883
1.810058
2.200739
-0.1131174
2.915255
0.5523994
5.002397
8.791528
1.587331
3.031729
5.684654
-0.3458709
4.153353
4.145022
4.85687
2.660042
-3.332177
-1.368805
7.728498
1.920598
3.432194
4.699414
-3.125399
7.225375
1.205767
-1.549698
-3.097778
2.684455
-1.418322
6.96959
5.812571
-1.315195
-0.7153772
1.83071
2.418501
-0.704561
6.57303
7.40288
-2.624526
3.117964
-1.250819
3.699897
-3.603847
-0.702164
4.486617
0.1283019
4.847315
5.722378
0.437135
4.625506
-1.691494
-3.392824
2.779388
-0.6394503
7.746565
-0.4312713
2.180611
6.396209
4.47897
3.62129
3.415675
-1.510803
-1.715556
0.2629125
-0.7124872
4.444673
1.39106
0.1382548
-9.98231
5.585743
0.8496106
0.6493563
0.8171388
8.307478
-0.05444255
4.810292
6.505998
2.744313
5.165818
-1.499123
5.458755
6.984253
7.086541
2.683642
4.6787
7.682323
1.997602
6.199345
-2.145915
2.246583
8.510262
6.850687
9.254435
0.1456125
-4.262248
5.561332
3.39287
3.373642
1.457225
3.993054
7.515987
10.29594
5.495103
12.1167
4.518354
9.126996
5.443786
3.877848
7.853283
2.059152
6.5851
1.899058
6.799269
10.62146
0.9645494
5.363687
9.806044
5.375805
0.0525626
1.795379
-0.732667
3.186055
3.86061
6.803268
8.957788
4.427613
7.680313
8.907672
0.914158
11.98887
2.178473
4.358632
4.132177
6.028544
8.605893
3.684431
5.992385
4.643868
1.062934
3.298047
2.608204
3.838634
4.501931
9.428806
2.913171
14.33633
2.803483
2.766096
7.536662
5.450655
6.649697
5.447036
8.335185
6.80744
-1.164881
6.447937
0.7902206
-2.099223
7.787873
6.311892
8.679169
11.32587
1.668866
1.116665
4.558927
-2.123096
10.00309
1.202093
-2.048518
3.535127
-4.486139
-0.9672979
2.0367
11.48391
2.49594
4.520702
3.406209
4.144197
8.576471
6.515249
10.3631
6.012127
12.72679
9.90399
4.402526
8.053476
-5.211326
5.943696
6.717925
9.684808
9.885355
3.6809
5.244355
5.593518
7.682608
6.886107
12.82894
3.857661
0.6510249
9.490531
8.634962
9.440491
12.04889
-2.821345
6.197957
6.11529
10.96483
0.8501619
5.987169
2.955798
7.388563
7.433847
12.3415
-2.11284
0.05309732
2.392237
12.40108
1.17542
4.595494
1.59196
5.946029
4.201956
7.869064
12.29583
7.444372
8.327457
9.435598
3.953132
8.261564
10.74492
5.35102
13.45286
7.97697
1.614811
3.185232
5.377405
2.329081
11.15892
4.57283
6.52577
6.090603
9.106208
9.797558
8.479458
7.428649
8.880885
7.190274
10.62872
9.649753
8.364503
9.613321
8.142165
7.929545
6.974774
6.857718
4.255274
8.79063
8.428391
8.535237
5.590095
5.736273
4.397046
4.063286
6.704378
6.478711
7.809129
9.051339
4.037595
7.578601
5.061027
4.983476
10.82867
8.41744
9.744343
5.588868
2.997966
3.343624
7.54797
11.93662
8.830182
7.159623
5.884515
6.051469
10.10205
-0.3167093
8.239773
13.67139
11.3397
8.854389
9.227891
6.630591
3.78574
6.749966
12.32987
10.47244
10.19773
3.203919
8.37387
-3.019372
5.399171
6.559664
8.951513
4.2496
9.416834
8.669265
9.123334
6.217512
13.4425
6.529933
6.186854
6.641889
12.83906
7.785615
8.505652
9.733388
3.722045
8.700263
6.482388
9.849756
5.21152
1.99997
12.6506
14.74939
10.13891
2.110016
9.111229
9.863807
7.667568
2.637242
6.10799
4.931974
5.096109
9.586766
11.32729
7.806563
9.387827
10.64659
14.8983
10.68811
3.890997
10.54965
3.313607
0.01329148
6.720179
13.45185
4.773869
9.172048
11.60066
10.96178
6.554446
2.669175
11.35738
6.003555
9.926874
15.66964
10.84223
5.873321
6.890791
7.577197
8.092891
16.90316
11.6192
6.71884
3.485792
9.34202
3.017703
8.085954
6.693329
9.234113
8.11738
7.24322
7.272566
7.384168
7.600741
9.630936
11.84384
8.196042
10.99104
7.115942
11.81843
7.904636
6.73441
7.629984
