17.83889
27.85917
14.36026
8.125866
24.54623
17.67634
6.441395
10.04688
12.37515
8.457703
12.47725
14.76186
9.478704
18.32012
26.76824
5.069554
21.90667
19.37302
11.17704
30.52738
16.42667
26.24244
18.71695
22.02252
13.95513
15.27302
21.33028
23.0688
22.45467
21.637
7.240711
22.81485
34.03666
8.673783
11.40072
17.36693
17.55295
15.36771
4.013931
-0.1272424
24.92207
17.52036
14.32667
34.66836
9.208855
4.074996
18.71445
4.870246
11.18651
17.43162
13.79336
24.42364
26.96449
13.17775
26.9378
7.567978
6.431073
4.547317
0.2033173
15.41752
-1.259499
11.41537
1.473349
-5.751318
2.938444
10.83506
13.45427
7.589243
15.80135
11.43343
-2.503792
1.040304
11.93454
5.161154
-1.655317
6.458194
6.88849
17.60479
2.536127
9.69706
6.077806
-0.4260788
-5.46726
8.944727
11.87987
1.380808
-7.969919
9.618012
14.30341
7.020379
19.30367
14.16966
9.540942
8.940821
1.984661
12.62171
0.7107156
15.48205
15.55809
9.225338
8.127577
15.29869
10.23399
-6.354802
9.075253
5.510701
3.617537
14.28034
8.14637
7.913357
9.123821
-1.861015
1.346803
-1.798099
10.91622
3.978475
11.64578
8.521029
18.7148
-0.1689936
-2.119831
9.196044
15.14228
20.98099
14.82848
4.761487
5.373096
4.606489
-1.167948
6.333488
11.61146
16.84903
24.26107
-0.788182
2.728235
-3.577551
-0.7903563
4.262872
8.796924
20.20051
24.12139
13.64322
5.343215
0.2097179
8.712356
8.111424
7.006684
8.76621
-0.01609952
10.36623
9.477832
1.541887
-7.523412
-4.787407
0.9350445
14.39164
7.681388
-0.71738
10.49886
13.7452
11.37096
7.5141
9.359835
15.11237
19.15382
12.57881
26.66279
4.994502
9.718331
7.073795
19.50361
5.703792
10.35879
-0.04961263
5.420798
21.17563
12.1098
4.15904
7.346071
1.086491
1.090212
1.583794
18.14566
8.172802
14.46099
22.90132
11.754
11.60821
3.382775
15.02147
-2.589743
-0.5149513
16.29771
14.61754
5.862312
13.41473
15.2628
7.284783
17.82616
15.27469
26.63963
7.95203
22.00981
5.564908
9.255181
0.4478164
23.56421
1.753944
4.558985
8.453878
8.603662
12.08494
-0.3194422
14.84386
15.67484
1.573544
12.00962
10.92645
18.90271
1.876552
10.17998
10.6187
15.6118
6.269728
9.411964
4.52896
2.482778
10.45367
6.191801
0.09391116
11.37068
4.732643
3.390748
9.691561
3.231182
14.41085
5.179867
4.78767
10.25907
13.20724
-6.109067
10.49513
16.07544
12.91483
12.88658
9.620847
6.956949
1.802639
10.1993
6.675528
-0.02510113
0.896974
0.6992738
3.52248
9.300709
24.19517
11.28945
10.17315
14.09378
19.28071
4.37156
11.1317
11.08645
18.9749
10.62804
13.45415
18.39928
8.231554
17.73195
20.04916
10.49353
-3.758207
7.6469
16.9839
18.26584
10.1814
9.282926
4.453121
2.190055
-0.6072341
4.701337
6.727649
18.61589
11.93843
21.27114
4.092789
14.42001
9.893194
27.49325
8.461315
1.642883
17.98183
1.437182
15.9146
20.69544
22.14167
18.87386
18.35635
14.60979
14.90969
6.105776
27.99795
9.435724
22.00532
3.918274
-11.52443
18.0656
21.13209
14.46623
15.21967
16.03979
11.44464
18.56246
18.18679
20.46692
6.208035
15.835
3.304278
11.8399
21.90541
19.84619
11.14242
10.26443
8.92433
3.146217
16.71551
4.287279
13.08667
23.00311
6.21689
15.58943
7.824122
1.690404
2.281568
7.354042
8.454285
26.62474
8.70483
10.08609
14.11575
7.550541
12.69812
0.9061189
18.33224
-2.117197
18.95243
22.59404
-5.561124
16.13295
19.18491
8.905591
14.1584
13.19646
8.291156
5.593171
26.31197
7.448114
3.022921
12.67127
9.852508
24.38667
22.42449
20.22559
17.15149
26.8956
21.68709
26.2718
21.61968
25.15012
22.42392
14.35353
4.283049
14.82196
26.36824
34.25569
16.05343
11.88357
17.97364
14.63323
23.39537
24.39994
25.34412
9.945866
4.069171
12.47324
12.45788
6.523014
14.26313
12.27579
3.02266
8.589085
17.01499
22.2652
16.60593
8.134216
13.43158
14.01923
27.86751
9.512246
13.59445
5.999935
12.2032
17.89688
8.679875
11.24395
22.27993
16.25268
18.95264
4.670783
30.30797
15.28868
9.5133
18.11656
12.58051
6.449616
0.3683714
12.46787
17.25136
6.53945
11.10823
17.47259
23.06675
21.80761
14.28405
16.90684
5.738169
18.75264
11.99182
16.75388
17.53277
15.89711
21.30456
22.8439
26.54768
6.484951
21.72053
8.070916
19.77086
13.36698
14.36807
13.38837
4.182962
24.92498
21.58755
15.18384
18.80906
15.82826
27.19703
24.28749
27.06253
25.80496
14.00511
10.63313
1.63804
26.74953
18.4752
30.38807
4.955897
24.69147
16.08497
16.33653
12.83038
7.984214
15.10817
16.46969
24.74182
22.59952
32.21741
21.51173
21.08087
23.18166
23.62338
18.4097
3.871438
20.92693
6.869795
21.80853
18.50909
14.82999
5.341318
21.5524
16.15641
16.30206
10.46733
25.69725
18.65379
32.18597
20.71773
16.04237
30.38742
18.14167
11.22985
10.67266
14.11088
18.0652
20.47641
12.20933
10.95395
26.90348
12.9141
16.04508
11.54121
25.29909
19.62065
17.15472
10.7838
19.43543
22.20462
19.08871
27.5833
12.34894
9.920073
30.09087
9.350234
17.30085
16.4054
19.51852
17.61148
13.04886
25.80857
20.8004
20.70155
12.86877
34.27851
25.28785
20.59351
23.99861
21.36596
11.61732
12.51634
14.93796
28.46156
15.12516
20.65025
9.828258
10.67726
19.55751
27.98437
18.91163
24.39007
13.78668
21.49728
22.56858
16.90418
11.64854
20.60946
12.04896
16.95677
11.7714
12.27925
20.13073
18.4533
15.22385
12.99605
3.482344
13.68605
21.42947
32.20011
24.43239
25.75087
33.56928
18.8389
15.67122
20.38492
9.994699
28.22811
5.278784
18.14863
25.67813
26.61943
19.78593
14.04991
17.34198
30.17916
27.98672
12.55557
18.37969
9.563939
20.27045
22.46174
17.14568
11.05453
14.12126
17.69305
20.39925
17.98313
17.49012
15.55251
12.88028
29.41593
32.57571
15.33336
16.74609
17.12817
8.881039
24.92871
13.53753
26.97039
12.29496
23.23317
31.63231
29.7877
16.43804
8.751605
26.49911
9.646
9.884933
26.0963
10.44137
21.28523
22.74863
14.29291
30.13271
12.60939
8.27287
15.14462
29.08224
19.95513
5.025264
2.241769
25.42263
16.02102
19.41037
28.95036
17.92222
19.90806
16.50338
18.20026
22.73336
18.68547
21.28318
29.32938
16.50929
22.21374
26.20692
19.94769
14.05015
16.28773
24.14757
21.22518
17.9387
35.55564
21.64365
25.38179
27.378
12.14182
24.33098
34.93581
21.94248
9.439149
22.31459
25.34332
23.84441
26.7113
24.7532
24.40101
29.20976
29.44792
24.96987
27.7156
31.62281
27.46189
37.86016
17.97028
12.75427
23.57039
27.28101
11.0823
19.79862
14.08066
26.69824
26.40187
20.29726
18.36093
13.77267
29.37104
34.37029
26.28552
29.85685
36.33344
19.15062
19.79251
33.81924
26.21311
26.03518
23.32802
19.35818
24.71603
10.66422
27.49853
27.42519
15.89814
29.6999
35.82126
12.19125
28.85241
20.81074
12.22892
26.58327
28.03963
18.63046
28.52616
22.79018
27.59606
14.30645
17.48279
25.19257
14.23179
17.78769
31.44559
25.62882
19.41302
19.73353
30.88229
6.69813
24.70552
9.65381
21.44342
17.87634
32.34407
9.966744
23.72202
8.920539
17.01345
19.31756
24.1008
29.79312
21.22983
31.08673
31.69826
22.1732
33.59855
32.6248
12.47235
16.78279
25.55229
32.50312
19.42819
24.32204
24.75365
10.93669
19.6202
16.84503
22.96032
29.20179
34.18309
23.46369
32.65326
29.59883
23.27998
35.48093
7.750929
26.61839
33.94684
25.22356
25.69603
28.964
23.13633
22.36187
25.1483
25.35158
16.41618
33.27731
16.64139
29.85126
19.20251
20.93919
30.21687
18.22051
13.96929
13.5568
23.02164
32.79349
27.71313
25.01398
20.08713
20.86338
33.68227
30.3511
29.76105
19.83616
26.45302
36.0809
27.39746
31.74472
32.52401
19.16375
24.03644
28.20386
37.80437
16.48613
18.61289
22.43824
29.87815
21.19172
32.27958
22.99336
27.13394
35.8392
31.53556
26.83198
34.62362
28.28335
20.02986
21.25274
29.69222
38.07219
32.65259
24.87539
39.02213
28.22947
20.46257
36.28955
26.30166
22.48389
27.227
22.99425
25.16729
15.33147
21.68636
34.5667
22.62224
38.14289
13.65588
27.97456
24.31535
26.23869
29.8335
24.59401
10.45904
26.55083
33.89732
30.42658
38.6339
12.83694
16.6755
27.60441
8.567978
40.19112
24.86498
33.77215
25.1386
34.07281
11.47462
28.59082
31.58783
22.63457
23.60032
30.68345
24.21213
27.37165
28.00742
30.65056
24.12117
37.85614
38.45534
23.77119
27.00576
14.49926
31.13745
30.63013
35.89276
36.40191
30.51847
36.36597
26.54114
34.23061
23.47825
49.76335
39.68765
26.82669
31.37574
31.97046
38.86477
30.88952
16.76845
21.50067
34.21578
35.22293
26.76418
33.1581
33.39664
31.87267
39.95229
34.14029
18.6579
9.061409
19.02351
24.1094
27.8087
24.93263
25.66401
31.42155
28.95526
31.60595
34.33228
30.93204
27.02833
29.88969
21.64831
36.06732
29.26762
29.97437
40.81129
26.57611
28.89391
22.81591
19.5382
22.6664
42.63826
29.34279
36.60078
25.41043
27.75606
35.41255
19.28695
24.54212
31.44567
16.89871
28.89536
30.30934
22.10099
36.796
40.0055
29.92723
27.49109
24.45081
12.64368
29.80405
35.53835
20.51157
42.66499
32.15886
25.99188
20.90594
22.89564
32.01499
24.43785
36.19674
21.03026
27.87143
31.02402
23.45591
30.65608
34.18224
35.28123
23.59072
28.88641
23.26549
31.71897
44.30125
33.24705
39.2537
30.86035
32.15662
36.31924
29.6442
37.43346
30.75615
21.82012
35.80812
41.85449
26.81283
26.43709
34.44399
35.19586
30.30296
28.27209
25.89835
21.8741
33.03844
31.93372
34.04909
28.83851
30.96653
34.06413
22.11908
24.57745
37.2594
41.24931
36.55095
36.20986
28.27814
44.81041
34.76814
34.96089
29.39102
32.40863
34.00537
31.56004
39.60842
37.34995
32.66564
37.11588
39.78524
38.85158
14.93496
33.91594
49.9271
34.84287
30.19144
24.66272
30.55113
30.17439
25.76578
31.37251
43.55239
30.2195
33.25354
38.89145
44.29842
29.95345
29.27263
32.90237
25.43396
35.66033
36.50286
32.99962
28.93598
40.44833
34.25438
25.55924
36.0535
43.28628
28.22565
35.57348
37.47466
50.67631
38.59347
30.27072
31.60334
35.95112
52.93159
33.34659
33.94041
34.59175
22.40328
23.79594
23.20216
29.17872
30.37577
25.8834
40.07131
34.05652
29.27373
38.16878
22.66395
32.55887
30.78823
31.90114
32.90299
34.80579
37.45123
33.51488
32.69748
