4.471969999999999
11.886869999999998
-0.45743000000000045
-6.219844
3.256990000000002
3.82128
-5.709785
-1.5703399999999998
0.1421600000000005
-4.2528369999999995
2.9426419999999993
5.927548
2.1130520000000006
3.4688299999999987
12.36699
-5.527526
8.096939999999998
4.48865
3.3620399999999995
14.646880000000001
8.383079000000002
6.552579999999999
1.6032399999999996
9.09864
0.16460000000000008
0.10239000000000154
6.324939999999998
8.866159999999999
8.50522
6.674470000000001
-2.0910699999999993
7.47415
17.457069999999998
0.6924700000000001
0.23391999999999946
8.044856
9.632090999999999
-6.29876
-9.076768999999999
-12.5284824
8.206620000000001
1.6119900000000005
5.795037000000001
10.10614
-3.842525
-8.693604
5.433639999999999
-8.528174
0.17432999999999943
1.330169999999999
2.723749999999999
9.09578
12.002350000000002
0.0817199999999989
10.599439999999998
-14.510511999999999
-9.165377000000001
-12.833243
-16.5835027
-5.83522
-12.382689
-2.14687
-11.216591
-23.828638
-11.714246
-8.953940000000001
-5.94946
-8.945057000000002
-0.5173300000000012
0.06193000000000026
-13.145482000000001
-15.828106000000002
0.6157900000000005
-6.512016000000001
-11.269324000000001
-6.0351159999999995
-6.370729999999999
-1.565839999999998
-12.877882999999999
-3.456669999999999
-6.418334000000001
-5.9107378
-17.02629
-5.240862999999999
1.1050699999999996
-16.468532000000003
-15.495224
-6.667988000000001
-1.3894300000000008
2.433616
1.3336100000000002
0.3495000000000008
-2.4847480000000015
-9.235909
-13.565999000000001
-0.9411000000000005
-10.440294399999999
-2.6730600000000013
-3.7901200000000017
-9.927391999999998
-6.477133
0.08361000000000018
-5.50578
-16.769452
-2.966627000000001
-10.086319
-10.846193
1.4238600000000012
-4.692210000000001
-3.134073
-6.233199000000001
-12.680885
-18.049387
-14.850069000000001
-2.5146300000000004
-6.603435000000001
1.8998109999999997
1.889488
-4.375350000000001
-9.561675600000001
-12.835561
-3.859876
1.4129799999999992
4.623539999999998
-4.611649999999999
-9.455433
-9.598984
-11.699651
-14.412268000000001
-12.036982000000002
-0.47746000000000066
2.258849999999999
7.819980000000001
-15.953872
-8.291015
-13.896271
-10.7180003
-8.941778000000001
-8.383406
5.055180000000002
4.499860000000002
-1.3230700000000013
-4.710405000000001
-14.4427521
-6.203504000000001
0.18195399999999928
-7.744885999999999
-5.428140000000001
-14.475659519999999
-3.002510000000001
-7.098497999999999
-14.459733
-14.678676
-16.539777
-14.5041955
-2.81846
-1.5932490000000001
-10.290996
-9.82919
-5.102080000000001
-1.922089999999999
-5.08879
-5.965885
5.572006
2.876809999999999
0.8788600000000013
9.1155
-8.140087999999999
-7.318299
-12.403385
1.4428299999999972
-6.072478
-3.4826099999999993
-9.00686863
-7.624852000000001
1.936790000000002
-0.5061900000000001
-7.542929999999999
-2.6708990000000004
-7.008244999999999
-14.672218
-8.656446
1.0660099999999986
-4.506077999999999
-1.6631300000000007
8.456689999999998
-8.98119
-5.498950000000001
-6.198243
-2.0818699999999986
-19.025482999999998
-12.7053113
3.291009999999998
1.4141999999999992
-12.700258000000002
-2.8751999999999978
1.4235600000000002
-7.167326999999999
-0.7858899999999984
-2.6439400000000006
2.906970000000001
-10.29486
5.150920000000003
-5.168242
-0.6857530000000001
-10.4437736
3.6994599999999984
-16.455216
-10.915365
-4.845932000000001
-2.2646879999999996
-5.6084700000000005
-10.4510522
0.827399999999999
1.1991499999999995
-13.570306
0.8449299999999997
-4.125959999999999
0.3483799999999988
-14.037568
-1.597389999999999
-4.0846
3.76563
-7.229871999999999
-4.329956000000001
-6.890130000000001
-14.407622
1.034892000000001
-9.563219
-13.15215884
-7.05922
-8.338276999999998
-9.858471999999999
-8.481798999999999
-10.122888
-2.2622500000000016
-2.241188
-8.2335
-2.645240000000001
1.6362500000000004
-16.302787000000002
-2.62359
-4.93355
4.226478
-4.82005
-6.298943000000001
-5.770891000000001
-12.616641000000001
-4.039480000000001
-7.247821999999999
-10.49747113
-15.517166
-13.0214462
-10.61439
-8.566711
8.091380000000001
0.3756199999999996
-3.60633
-0.9754199999999997
0.9628399999999999
-14.71012
-5.734699999999998
-5.578099999999999
0.6806000000000019
-7.991809999999999
-3.0805099999999985
0.5378100000000003
-11.072046
3.9989800000000013
1.7653300000000023
-3.149750000000001
-21.114227
-9.537500000000001
3.2848599999999983
-2.860949999999999
-5.62687
-9.941854
-10.400428999999999
-17.813045
-11.3554541
-8.471753
-6.072140999999999
8.38311
-3.1455400000000004
-1.417550000000002
-5.729955
-5.145920000000002
-8.388316000000001
3.4093100000000014
-2.6850749999999994
-11.421217
3.1836499999999983
-13.907368
-1.157309999999999
3.480520000000002
8.522300000000001
-4.439519999999998
-4.831910000000001
0.8469300000000004
-0.8304100000000005
-12.372834000000001
5.87426
-8.042345999999998
10.30202
-11.095585999999999
-18.645849000000002
-1.90963
0.7901900000000026
-3.4909
-1.8149999999999977
-1.5283100000000012
0.11036999999999964
3.5944600000000015
-3.6750400000000027
-0.5666400000000031
-9.074325000000002
-3.743949999999998
-14.907532
-6.431329999999999
-1.0812500000000007
-2.566040000000001
-10.457760000000002
-6.47024
-2.796900000000001
-10.410043
-2.4042100000000026
-9.154051
-3.8604600000000016
4.530480000000001
-14.01934
-1.668759999999999
-4.062778000000001
-14.809445999999998
-10.038952
-6.634088
-3.6072749999999996
2.1685300000000005
0.8070099999999991
-3.92281
0.28268000000000093
-5.686618999999999
-6.9198699999999995
-17.7787411
-3.66179
-13.686506999999999
-2.2859799999999986
13.088667
-16.411474000000002
-2.496079999999999
0.08610999999999791
-13.674049000000002
-3.102899999999998
-2.4669000000000008
-6.297173999999998
-4.951729
7.19913
-11.472045999999999
-13.244288999999998
-3.1301500000000004
-7.156182000000001
3.4823899999999988
8.4583
-0.5139099999999992
-2.3845100000000023
7.1946600000000025
4.5132600000000025
7.997149999999998
1.58906
7.279500000000002
5.292489999999997
-2.6878300000000017
-14.429810999999999
-8.81916
3.2323699999999995
15.60558
-2.4795900000000017
-9.39008
-2.218119999999999
-0.20056000000000118
5.191369999999999
4.875440000000001
3.3032199999999996
-7.339243999999999
-12.640649
-8.45992
-0.1358700000000006
-10.243326
-9.103939999999998
-7.054009999999998
-11.59285
-7.8760249999999985
0.6553100000000001
1.712299999999999
2.9553900000000013
-6.764823999999999
-3.2250300000000003
1.6920099999999998
5.453409999999998
-8.815334000000002
-5.9769999999999985
-8.552405
-1.7427399999999995
0.263539999999999
-13.192074999999999
-8.290999999999999
5.722010000000001
-5.480839999999997
-0.06406000000000134
-12.007656999999998
8.61882
-3.7108600000000003
-7.620900000000001
2.6956100000000003
-6.547879999999999
-8.044034
-12.0126886
-4.166729999999999
0.3297399999999975
-8.95202
-0.5899599999999996
1.1234500000000018
6.424250000000001
3.514900000000001
-1.7114499999999992
-2.874290000000002
-3.5106200000000003
2.03472
-5.258980000000001
-0.66066
-4.610189999999999
-2.3446499999999997
-0.08489000000000146
2.0875100000000018
0.2177199999999999
-1.3838720000000002
-0.0176400000000001
-8.755603999999998
1.92699
-7.414209999999999
-3.4163999999999994
-1.1626600000000007
-9.249608
3.115560000000002
4.179030000000001
-3.077449999999999
1.518939999999997
-2.7770699999999984
8.31595
3.778979999999997
9.10061
3.0626999999999995
-6.07849
-4.587
-12.96209
4.05218
-5.52796
3.3623899999999978
-13.086562999999998
6.07329
-2.6947200000000002
4.462209999999999
-5.669960000000001
-6.064716000000001
-5.158960000000002
-3.0745900000000006
3.0286299999999997
2.7783999999999978
7.415330000000001
-0.26084000000000174
3.138460000000002
5.38186
6.49926
0.8260199999999998
-14.316522
-4.461500000000001
-11.077694999999999
-0.6561299999999974
5.36364
-0.7104299999999988
-8.519732000000001
2.2438499999999983
-2.267599999999998
-2.6845399999999984
-3.528929999999999
0.9171900000000015
-1.7780400000000007
3.443089999999998
1.8318399999999997
0.7549299999999981
4.96951
2.5968600000000013
-5.7155000000000005
-2.1040899999999993
-3.7497500000000006
1.9941500000000012
3.2637800000000006
-5.557150000000002
-3.5896599999999985
8.946479999999998
-5.929440000000001
-4.46754
-8.51088
6.484189999999998
-3.112099999999998
0.338630000000002
-4.096810000000001
1.0143799999999992
0.06681999999999988
1.2024299999999997
7.728910000000003
-6.749979999999999
-8.056216999999998
10.658189999999998
0.8569709999999997
3.4295600000000004
4.954940000000001
-0.16674000000000078
-5.640219999999999
-5.083620000000002
1.9485099999999989
1.8081800000000001
0.8434300000000015
1.1222899999999996
12.685329999999997
7.82638
-0.5942800000000013
3.7608700000000006
2.7766800000000025
-2.501710000000001
-4.965160000000001
2.42699
10.773219999999998
-0.3173900000000014
-1.7309000000000019
-9.406872000000002
-6.76268
-4.806699999999999
4.561609999999998
1.971239999999998
7.30245
-1.3244299999999996
5.670859999999999
6.1069700000000005
0.00046999999999997044
-2.372729999999999
-1.55978
-5.83902
-1.1309400000000025
-6.056000000000001
-2.994860000000001
2.2066899999999983
1.3999399999999973
-7.358420000000001
-4.38889
-14.439316
-4.986120000000001
3.1407799999999995
12.74801
6.449290000000001
6.66676
16.20657
-7.451530000000002
-5.638
-6.1442099999999975
-8.937361
7.00206
-11.484626
-5.1775400000000005
3.4189299999999996
8.639680000000002
4.41061
-6.461549999999999
-3.6452899999999993
9.94031
8.580319999999997
-5.827110000000001
0.1698599999999999
-8.555841
2.700669999999999
-2.47044
-5.731570000000001
-2.7275600000000004
-11.61025
-0.01501000000000019
0.5479699999999994
2.789389999999999
-0.9055
-5.776809999999999
-6.356
8.886119999999998
13.899240000000002
-5.726549999999998
-2.225290000000001
1.4170700000000007
-4.705811000000001
6.350829999999998
4.665877
3.8401999999999994
-8.541920000000001
3.264750000000003
8.308209999999999
9.99341
-3.2830699999999986
-3.2883250000000004
-0.6994299999999996
-2.8772599999999997
-3.6943269999999995
6.79881
-7.878350000000001
-1.517990000000001
4.40804
-4.237560000000002
9.546019999999999
-0.9034899999999997
-9.57551
-6.97851
8.147849999999998
-3.3749800000000008
-13.650165999999999
-14.955391
5.739270000000001
1.5947899999999997
-0.46126999999999896
10.71726
-6.863669999999999
4.719289999999999
-0.6265999999999998
0.9074899999999992
-3.5173799999999993
-0.9651899999999998
3.1046900000000015
7.04307
-2.2090400000000017
6.16816
5.824570000000001
-1.3354999999999997
-2.442449999999999
-1.0778800000000004
3.7863400000000027
-0.5894799999999982
-2.0871299999999984
13.840219999999995
-0.3893899999999988
1.4217499999999994
6.322019999999998
-9.182480000000002
7.233160000000002
15.092329999999997
1.7720400000000005
-10.135200999999999
3.1960099999999976
5.118109999999998
5.2285
9.20459
5.11328
3.35154
8.82534
5.23246
-0.5538199999999982
5.175979999999999
6.384420000000002
5.634499999999999
11.204260000000001
-0.3654800000000016
0.21915000000000084
3.3033900000000003
2.6184899999999978
-4.247540000000001
-1.6968899999999998
-6.368
2.9673799999999986
2.5057599999999987
-2.85576
-1.409670000000002
-5.923019999999999
4.517520000000001
11.851359999999996
6.668500000000002
9.448680000000003
14.343870000000003
1.6043500000000002
-1.1407799999999995
11.28245
5.302949999999999
5.677050000000001
1.0568099999999987
2.4609699999999997
0.2730700000000006
-11.60351
4.13176
7.204720000000002
-1.5914400000000004
3.1881699999999995
12.079910000000002
-9.38769
8.77226
3.5816099999999977
-10.924190000000001
-0.6672600000000024
13.799719999999999
-2.826360000000001
4.548370000000002
-2.4564900000000023
5.914860000000001
-8.1608
-1.3108799999999974
1.0747900000000001
-3.7704500000000003
-6.36834
7.744519999999998
-2.156489999999998
-3.4765499999999996
-2.1340100000000035
9.50177
-12.16969
-0.18578000000000117
-8.93909
-1.3956499999999998
-2.4071200000000026
8.722990000000003
-4.894536
3.9459400000000002
-11.838161000000001
-0.424430000000001
-2.7934699999999992
6.298680000000001
8.520349999999997
2.7109799999999993
5.219529999999999
8.47831
0.027070000000001926
9.115420000000004
7.415849999999999
-5.079299999999998
-2.5460700000000003
9.017799999999998
7.5332500000000024
-4.172789999999999
6.403840000000002
-1.6850400000000008
-10.845629999999998
2.6108399999999996
1.720480000000002
2.6969600000000007
6.481909999999999
10.257259999999999
2.5773200000000003
12.044800000000002
9.81023
3.4366699999999994
13.15719
-11.923921
5.487570000000002
7.661940000000001
2.4483999999999995
0.6661600000000014
5.27732
3.3407800000000023
-0.2799599999999991
-0.7030700000000003
-1.0800100000000015
-2.2763600000000004
6.172370000000001
0.14320999999999984
10.810110000000002
-3.729479999999999
-7.15643
3.4287799999999997
0.4012100000000025
-6.80555
-12.6395
4.081570000000003
15.63711
3.3979999999999997
4.920369999999998
2.8586799999999997
0.2476300000000009
12.781860000000002
5.4998000000000005
6.248160000000002
4.95965
2.283669999999997
18.43687
3.1630799999999972
8.41534
11.335409999999996
-0.48969999999999914
6.066839999999999
5.767429999999997
13.399349999999998
-6.064320000000002
-1.0758800000000015
-5.040489999999998
7.567240000000002
0.02302999999999855
11.092080000000003
-0.1068300000000022
2.292839999999998
8.704839999999997
7.192689999999999
7.407830000000001
13.059370000000001
6.428289999999997
-0.8566000000000003
-1.4829399999999993
5.848579999999998
13.31503
7.3838199999999965
0.8085699999999996
13.715249999999997
3.3237999999999985
-0.09846999999999895
6.427959999999999
2.7684599999999975
2.927629999999997
8.1235
2.4073899999999995
6.018190000000001
-6.976099999999999
5.397690000000001
12.495839999999998
-1.3575099999999978
9.271350000000002
-2.0743799999999997
6.111000000000001
0.2285199999999996
4.5349499999999985
10.46152
-0.5106999999999999
-11.572280000000001
5.090820000000001
10.559070000000002
7.710040000000003
13.394649999999999
-7.30626
0.30715000000000003
3.7516
-14.312162
15.83766
4.922909999999998
18.006520000000002
-1.9126699999999985
3.746039999999997
-11.172500000000001
-2.6886699999999983
6.414819999999999
0.2767799999999987
2.1344600000000007
12.26287
1.4344399999999986
2.7747199999999985
6.742439999999998
6.58325
3.650269999999999
18.581230000000005
12.14506
6.734190000000002
7.014609999999998
-7.785820000000001
3.5372200000000014
4.964780000000001
12.774140000000003
5.609460000000002
9.218340000000001
13.780039999999996
4.56279
13.223139999999997
-2.126899999999999
21.6015
14.630259999999996
1.6706699999999977
10.432010000000002
10.232799999999997
14.92642
10.4483
-0.9387599999999985
0.19721999999999795
13.32815
13.128649999999997
2.380559999999999
4.463029999999996
9.59443
9.298359999999999
13.708599999999997
12.29643
-6.109469999999998
-4.752081
-7.059799999999999
4.285330000000002
3.678440000000002
1.0598600000000005
0.6936700000000009
7.285879999999999
4.31709
11.01106
11.704399999999996
7.361450000000001
4.69631
4.134460000000001
-2.37453
13.512670000000004
6.86187
0.6419800000000002
20.02631
9.27935
3.853390000000001
-2.1240699999999997
-5.4293499999999995
1.777149999999999
18.30092
8.52935
8.742619999999999
4.151570000000003
3.7201400000000007
11.525450000000003
-3.6379199999999976
5.959960000000002
8.523789999999998
-2.958599999999997
9.946850000000001
6.215689999999999
-2.376950000000001
12.872419999999998
15.07678
12.54512
4.313849999999999
2.035869999999999
-7.970469999999999
5.508659999999999
17.23188
-0.28322
16.37561
4.718209999999996
0.8641199999999998
0.8939100000000018
-0.24302000000000135
11.588549999999998
5.7311499999999995
16.855809999999998
0.42738999999999905
8.51717
9.45268
0.4207199999999993
6.6662
12.425059999999998
9.305790000000002
5.817240000000002
6.214660000000002
0.6551399999999994
10.85484
20.720430000000004
10.48563
14.134790000000002
1.74043
7.579729999999998
9.409400000000002
3.6727900000000027
11.759389999999996
5.974830000000001
-1.871690000000001
6.013810000000003
17.829069999999998
2.1770500000000013
4.751550000000002
10.37352
8.365560000000002
11.914479999999998
7.072589999999998
-1.284600000000001
0.6466899999999995
8.55941
6.395710000000001
10.216650000000001
7.603249999999999
11.307779999999998
13.344059999999999
-2.9741
2.42596
8.99126
13.427290000000003
7.4084900000000005
8.04319
7.88158
12.850939999999998
8.537790000000001
14.87483
4.239990000000002
5.389120000000002
5.869969999999999
9.335530000000002
14.827990000000003
12.182870000000001
6.638470000000002
17.016069999999996
15.38822
18.341849999999997
-8.561989999999998
12.229769999999998
23.334350000000004
7.849779999999999
6.593509999999998
-0.2240000000000002
7.848749999999999
7.07743
-0.8168299999999995
4.754529999999999
10.371010000000005
5.65494
10.69221
17.78689
15.962330000000001
8.017209999999999
5.50685
8.533139999999996
2.2377800000000008
7.940540000000002
15.012429999999998
15.65295
9.34986
17.240789999999997
10.665599999999998
-0.5475899999999996
7.899570000000001
17.485339999999997
2.1872500000000024
9.163820000000005
16.13446
25.860020000000002
11.270270000000004
3.3595700000000015
6.401029999999999
13.818510000000003
24.01456
11.90184
6.28134
9.392189999999996
3.0239399999999996
-0.2140299999999975
0.06488999999999834
2.3165699999999987
6.638249999999999
0.626730000000002
14.416599999999995
10.63702
9.04907
6.850099999999998
3.771819999999998
9.8473
4.619159999999997
9.267580000000002
8.099330000000002
8.239740000000001
13.345010000000002
7.787809999999997
5.611819999999998
