2
11
38
150
160
161
184
206
215
236
286
298
311
322
409
420
462
477
506
509
523
527
553
555
556
594
623
697
720
736
740
782
788
798
855
866
912
916
917
931
938
946
949
995
1004
1007
1008
1013
1021
1033
1051
1053
1072
1086
1091
1120
1131
1157
1164
1176
1225
1244
1279
1281
1292
1294
1325
1339
1372
1430
1458
1474
1487
1502
1512
1520
1540
1543
1616
1629
1630
1631
1641
1646
1660
1673
1675
1681
1693
1705
1730
1751
1820
1827
1843
1861
1923
1951
1976
1978
1987
2037
2048
2049
2052
2063
2080
2104
2127
2151
2161
2175
2178
2180
2217
2218
2222
2224
2260
2280
2296
2352
2373
2385
2400
2440
2471
2472
2534
2540
2568
2603
2634
2655
2672
2693
2696
2699
2706
2730
2787
2812
2822
2826
2829
2860
2888
2910
2926
2996
3010
3021
3030
3038
3042
3101
3139
3155
3198
3206
3234
3258
3267
3304
3309
3321
3370
3377
3397
3470
3471
3503
3504
3514
3515
3517
3518
3531
3567
3576
3579
3630
3643
3655
3694
3737
3745
3749
3751
3753
3767
3776
3804
3811
3813
3822
3833
3834
3871
3936
3979
4073
4084
4118
4158
4224
4245
4274
4290
4308
4310
4314
4344
4346
4413
4417
4425
4450
4486
4510
4516
4531
4569
4572
4577
4588
4591
4604
4612
4630
4645
4653
4691
4701
4719
4755
4762
4763
4769
4879
4897
4900
4914
4921
4927
4971
4987
4998
5000
5003
5005
5044
5060
5078
5085
5127
5139
5172
5254
5259
5293
5296
5304
5308
5342
5367
5393
5448
5456
5458
5497
5499
5513
5534
5545
5546
5552
5563
5572
5574
5577
5618
5661
5666
5723
5742
5755
5779
5802
5835
5900
5920
5921
5939
5949
5972
6025
6038
6046
6048
6073
6080
6084
6087
6125
6159
6179
6210
6237
6249
6292
6293
6295
6309
6315
6367
6369
6380
6418
6423
6430
6455
6494
6516
6545
6554
6564
6567
6600
6603
6607
6610
6637
6653
6690
6697
6780
6805
6808
6816
6831
6840
6870
6917
6931
6936
6959
6979
7011
7013
7027
7064
7073
7087
7100
7117
7123
7127
7145
7150
7177
7232
7245
7248
7306
7346
7349
7360
7393
7409
7432
7440
7451
7497
7502
7564
7578
7598
7628
7666
7725
7752
7785
7808
7838
7859
7870
7874
7879
7904
7927
7971
8010
8012
8019
8022
8027
8033
8039
8067
8123
8129
8138
8148
8176
8178
8200
8204
8217
8231
8267
8285
8313
8316
8366
8383
8396
8440
8452
8459
8462
8476
8477
8484
8491
8497
8514
8520
8547
8554
8578
8596
8601
8627
8652
8683
8706
8717
8728
8743
8748
8760
8772
8803
8821
8852
8858
8884
8948
8971
8982
9025
9081
9092
9094
9151
9191
9268
9290
9311
9313
9325
9328
9332
9382
9387
9401
9409
9414
9427
9446
9457
9481
9485
9499
9506
9511
9514
9519
9538
9619
9639
9739
9782
9784
9792
9813
9835
9863
9939
9945
9946
9958
9963
9965
9982
9991
9997
10013
10034
10041
10055
10154
10209
10242
10248
10263
10290
10301
10315
10318
10356
10364
10372
10380
10397
10418
10422
10438
10448
10450
10451
10470
10506
10539
10556
10558
10561
10579
10583
10587
10590
10594
10673
10725
10763
10769
10804
10824
10856
10880
10907
10916
10929
10939
10950
10968
10974
10976
11005
11040
11047
11086
11091
11098
11108
11147
11181
11185
11192
11204
11261
11264
11279
11309
11311
11333
11338
11347
11351
11379
11381
11408
11415
11454
11480
11481
11505
11506
11519
11525
11531
11548
11551
11554
11565
11620
11629
11642
11654
11655
11670
11735
11805
11819
11846
11851
11854
11856
11916
11933
11977
12014
12022
12045
12049
12102
12123
12124
12151
12159
12169
12190
12213
12246
12269
12309
12310
12343
12364
12370
12459
12501
12522
12569
12579
12580
12628
12685
12690
12743
12746
12757
12767
12772
12782
12795
12830
12831
12837
12849
12850
12873
12893
12898
12936
12954
12967
12989
12995
13007
13041
13070
13098
13100
13130
13135
13152
13165
13189
13192
13234
13256
13259
13279
13290
13291
13311
13328
13369
13389
13451
13463
13465
13466
13502
13503
13518
13538
13555
13565
13587
13595
13602
13611
13642
13659
13730
13754
13778
13783
13791
13803
13816
13817
13842
13860
13865
13895
13939
13970
13971
14005
14018
14036
14054
14089
14098
14121
14124
14177
14205
14213
14218
14226
14229
14246
14267
14269
14313
14315
14362
14380
14382
14419
14421
14428
14459
14471
14479
14498
14499
14502
14605
14621
14627
14632
14650
14697
14726
14730
14758
14776
14795
14801
14812
14819
14825
14848
14888
14889
14893
15053
15096
15099
15109
15144
15161
15170
15210
15228
15235
15272
15370
15374
15378
15392
15405
15414
15435
15439
15441
15450
15453
15469
15496
15517
15530
15588
15592
15598
15602
15609
15655
15698
15706
15728
15792
15812
15827
15828
15843
15856
15861
15863
15867
15868
15871
15906
15914
15926
15927
15959
15968
15971
16026
16080
16084
16138
16149
16167
16253
16279
16281
16323
16352
16384
16387
16409
16416
16437
16441
16443
16481
16482
16538
16553
16569
16574
16581
16608
16612
16660
16661
16704
16713
16719
16736
16812
16827
16832
16837
16843
16908
16933
16941
16946
16952
16981
16984
17005
17016
17056
17057
17062
17107
17117
17145
17151
17157
17160
17166
17184
17190
17198
17229
17247
17255
17309
17318
17347
17348
17386
17397
17422
17445
17467
17523
17547
17551
17564
17583
17586
17629
17630
17636
17653
17654
17672
17706
17715
17723
17734
17739
17768
17795
17820
17892
17926
17963
17965
18033
18040
18041
18046
18089
18205
18220
18247
18258
18296
18317
18322
18335
18343
18345
18352
18366
18400
18413
18458
18461
18472
18474
18491
18499
18501
18520
18523
18550
18593
18697
18700
18703
18705
18720
18726
18745
18748
18757
18762
18766
18774
18805
18824
18826
18839
18855
18897
18910
18911
18931
18968
18997
19045
19103
19120
19140
19142
19170
19184
19226
19251
19265
19270
19276
19293
19298
19305
19315
19323
19328
19365
19402
19407
19412
19432
19480
19510
19522
19526
19579
19595
19619
19645
19649
19651
19655
19711
19732
19737
19749
19760
19786
19853
19883
19917
19937
19962
19971
19988
19990
19997
19999
20002
20059
20060
20099
20121
20135
20175
20188
20224
20242
20266
20273
20275
20287
20288
20309
20359
20361
20363
20484
20515
20541
20553
20568
20581
20590
20600
20608
20631
20665
20682
20691
20699
20742
20751
20843
20846
20851
20860
20862
20928
20999
21019
21023
21036
21037
21043
21071
21083
21084
21092
