14.67284
21.87561
9.278247
22.0633
21.4301
10.74669
11.7267
10.33972
30.16844
23.20977
12.8125
12.96096
27.42001
15.41444
13.84777
21.28554
19.84713
16.8526
15.06838
18.88124
14.75447
9.632603
15.42405
15.06772
22.11367
18.92633
15.34087
14.58813
6.362558
15.19503
15.8111
17.78277
12.07324
11.90035
25.00964
11.05807
13.39363
10.45841
15.83748
21.79189
18.35115
11.91708
23.34821
18.56606
18.66339
23.75136
25.70391
21.92483
26.57634
15.3073
17.38398
24.31826
15.50286
19.14909
20.34514
6.146822
14.45387
9.211716
17.07796
10.57671
10.46734
4.534751
9.596904
17.05406
10.18875
16.79433
10.13057
10.79931
6.092458
-2.173048
11.91443
6.801157
10.47517
2.117837
-0.5781351
1.88108
11.80202
7.027433
7.972469
2.882204
7.363416
5.4104
5.445728
7.90505
16.95547
-3.431042
5.686941
11.20933
14.48226
-6.963727
9.25248
4.09627
10.08291
2.743034
11.72653
7.678446
9.719197
10.26369
7.878897
11.88777
15.88079
7.748198
2.737918
6.784825
10.08205
-1.465074
1.774098
16.92635
4.215703
19.09657
3.389477
4.56432
8.570639
14.4001
9.55812
0.1049154
11.7406
16.97259
4.149054
2.660341
1.385405
19.83441
22.20304
0.8428986
1.027959
7.355811
5.01535
14.92495
12.18102
7.492793
3.835801
11.11478
5.420044
15.19987
4.047966
6.632146
6.92442
9.015969
4.636659
2.886356
8.534354
0.4546662
16.14788
12.21434
15.1025
4.156191
4.930485
7.684801
12.87273
4.116124
11.14869
8.697524
2.607561
10.2123
3.714587
9.90845
11.90254
2.169418
8.571983
8.12999
16.08222
8.012115
20.09409
8.845853
7.081814
3.243397
18.34654
5.998756
14.31018
15.30376
13.04496
5.068385
0.8891583
10.31995
6.158786
13.42336
15.48983
2.986582
12.14502
11.84465
13.94166
12.17991
11.3072
2.495572
15.93083
7.185162
5.469405
9.85514
8.063404
15.0641
2.705288
3.243595
13.01195
11.59176
6.81812
23.01606
9.75071
7.803259
8.431193
-0.2854699
4.453043
7.436505
5.509065
16.96053
8.629747
13.03508
10.27549
10.71855
9.946041
0.05630734
9.217612
5.85292
10.99892
8.66792
7.396142
12.09803
7.184712
5.474378
3.165859
4.681117
12.37323
10.12463
1.784157
8.943021
4.902964
13.9945
10.65372
4.036909
15.91776
13.35338
15.61631
-0.3022581
5.365488
12.51383
5.573419
10.06826
7.704575
14.14181
5.73669
18.25716
4.453885
2.637007
11.42651
11.49558
8.965035
9.966916
7.236411
7.851884
3.205935
1.150128
9.128219
17.02208
12.06309
11.73672
13.63582
9.640441
11.54228
5.043502
7.614978
13.22367
4.246813
11.57965
8.517114
2.5723
18.47327
18.40029
16.97935
13.08447
20.02659
13.5438
10.49787
12.93593
13.70505
13.17031
13.20612
16.09073
8.205535
0.7213542
10.63899
9.601519
5.276405
10.26923
16.96926
12.11573
17.11563
17.41651
10.18841
19.43908
13.79616
10.80164
8.605531
7.335867
15.62681
8.812312
17.9879
10.93158
14.3232
11.80934
5.46261
16.68845
15.42421
15.43723
3.820978
10.82545
3.882204
9.9397
10.30791
18.61363
5.678718
18.51393
21.4577
11.3498
17.4371
15.16255
13.94118
14.45732
2.253795
13.02607
10.46858
15.08376
3.923526
8.388322
17.34583
18.01262
17.72371
16.82423
23.78918
17.67693
8.845855
10.50918
15.30209
14.22341
13.80593
5.190271
13.77383
17.94167
15.6947
8.124222
15.96337
23.47231
6.733189
10.92441
19.19256
10.74787
14.13555
18.07761
17.45905
17.60715
20.94232
11.21021
11.50682
14.81596
18.12641
8.461751
11.80359
16.2061
18.97764
12.06252
12.57276
13.88444
12.08622
21.72101
14.86571
9.222765
11.65323
18.95737
9.973787
11.59046
27.76784
12.13823
15.82826
10.66042
16.07547
11.46441
13.84534
28.50277
19.34828
7.833595
18.17613
8.411263
11.88197
16.86387
9.681497
14.77098
14.55428
15.98258
18.44427
10.52135
18.46041
19.16734
26.88854
16.50476
13.37109
11.41076
11.57927
9.586643
16.41588
15.90508
15.86948
12.45879
8.933136
15.87596
23.79299
23.34872
22.80773
6.496723
20.69777
19.30707
13.96411
15.88061
19.48251
15.16289
15.16018
7.573196
15.08747
17.56043
18.70895
15.6463
11.82267
15.36005
11.18455
9.88249
14.04296
11.79023
20.99996
16.24492
11.6228
12.61029
18.7328
12.59108
17.4537
12.72336
16.0098
11.15585
21.81774
10.2553
4.705347
18.93158
7.30956
17.34695
19.49172
13.36703
12.79333
9.165624
14.56288
11.07083
25.16645
8.477664
13.34625
17.36058
16.75805
17.20958
26.95898
22.63712
8.704657
20.32653
18.76286
17.6803
17.45732
16.3247
26.22631
15.02244
21.0558
11.7276
8.758077
15.51358
7.936073
22.50209
22.95389
9.669106
18.74487
16.96517
12.9616
15.06638
26.64706
24.83441
24.45504
18.00221
20.61512
22.65458
23.16201
26.43761
19.10212
13.5022
19.33094
21.69856
21.26361
15.86538
10.67165
19.73892
18.4899
13.3011
17.51998
28.08479
19.11394
27.88617
17.6214
19.92635
14.41562
17.77226
26.97977
26.47151
19.78685
11.86867
10.90189
24.72145
20.35025
20.74484
13.62673
18.3787
16.39532
12.23689
12.66003
9.276935
17.4777
20.88565
16.45317
22.46294
15.55866
17.60613
25.08902
19.30233
16.22754
17.28158
9.293613
14.66375
25.72821
20.61351
17.35986
17.94646
14.59301
20.96903
10.13682
21.72713
17.81598
9.946894
12.19558
16.06273
9.368413
17.51115
30.03652
14.62721
26.09781
17.81895
19.93866
9.022837
15.20158
22.4643
16.84372
14.91561
13.95451
19.81643
20.90034
22.86461
23.08179
24.74162
27.15348
26.71334
16.8444
16.72963
35.58041
20.74734
22.62291
23.37692
23.89321
18.09106
19.60712
25.91203
25.4235
22.30269
22.82659
27.68717
16.55306
25.02424
21.44628
21.94734
17.86333
20.6656
17.05067
18.35243
16.98975
25.08533
19.80008
25.20015
26.53806
24.73409
15.73379
22.32323
26.22711
27.36083
18.69156
24.6811
16.92275
31.05527
27.81578
13.06091
19.57252
20.95995
18.69431
14.24154
22.0656
18.95221
21.58379
19.66374
22.01649
19.18274
16.20216
15.68057
19.64431
16.0298
18.26515
15.01768
19.95843
17.61882
22.73291
23.82306
18.71748
22.75485
22.63744
22.65273
18.61959
17.76601
24.78458
21.78382
23.73436
12.07553
15.63211
16.55259
27.31201
20.9738
24.21975
19.79312
18.05716
12.54415
15.58013
21.83612
19.77348
18.73017
18.18467
33.02431
21.24044
18.04541
18.66367
20.89585
21.5554
20.55323
22.50503
22.66079
13.15739
13.14229
24.37399
20.43467
26.64934
18.011
15.22165
25.65043
25.76221
23.51649
15.99866
17.74199
22.46699
24.15747
13.56763
22.93114
24.26164
20.71147
24.81647
25.54306
17.42525
26.19595
22.55462
18.70264
24.79018
20.15031
20.16942
25.31123
13.20159
28.35862
26.48982
18.76515
36.72973
20.0652
40.44424
23.02567
22.42003
25.22367
18.01753
23.76976
19.42523
31.21859
26.85849
27.51655
23.31665
30.6047
23.15608
21.54025
27.12044
28.97531
25.9264
17.06403
24.30359
22.97701
14.90631
30.76974
28.59253
23.1893
30.33055
23.85234
29.97012
18.9074
30.74052
22.66521
23.51395
24.57626
31.15884
25.17349
17.94044
29.85794
20.21705
19.27268
23.99896
23.29697
31.61925
25.13077
28.24842
19.8443
28.07722
25.80969
31.57851
19.45904
23.11386
28.11663
26.51097
24.46039
20.38968
28.88893
32.22678
23.30114
24.0266
18.07959
27.37394
20.82548
20.47795
16.04167
25.66666
24.89958
29.54439
31.02156
21.86451
20.91272
25.74456
26.28855
18.17573
24.7033
23.33284
27.71351
30.78248
28.19948
31.20148
33.77731
22.96232
24.78765
30.06443
33.147
25.4796
37.97182
23.3755
21.70645
31.76257
30.75177
22.89045
33.48352
35.14362
27.8972
32.07512
26.83007
30.35081
27.60712
25.51784
25.69679
25.2715
23.42486
20.74688
26.95545
20.61799
23.15951
18.77367
26.76
25.19272
30.17263
27.61196
29.12937
27.24205
34.33163
26.57003
26.34927
33.58902
26.22337
28.41263
26.71072
23.30957
22.69357
26.89992
32.14362
27.71064
27.97737
17.92954
25.58083
24.42365
23.99653
23.95128
30.94472
25.06969
31.96652
25.9825
27.25165
21.68224
27.35546
23.68572
35.50956
21.1773
31.92383
25.4095
31.18713
27.19657
22.95837
29.62903
27.6016
28.88417
30.63848
27.20063
33.74639
24.53115
20.24984
26.70972
28.18626
38.35792
25.57592
34.3218
14.66092
25.54383
33.32464
35.8221
28.63908
32.53609
39.1503
26.07487
22.49749
29.74774
31.20172
27.8969
23.41196
24.57921
25.67892
27.78023
28.04463
32.51325
27.90619
35.09056
31.79448
31.00082
26.12281
30.81632
28.23064
24.83756
26.95122
29.42181
28.44068
26.36962
30.92151
24.67009
27.96203
25.83839
23.05198
25.62206
26.45779
22.3897
32.44545
29.26648
27.43092
33.57173
26.47685
21.69572
34.18536
36.19864
32.22201
26.39387
29.85166
32.73503
38.64628
24.9893
27.3996
29.78511
20.37091
34.80067
23.27625
31.26452
29.37246
25.33224
25.15052
32.97654
25.43706
29.62935
35.08134
21.59635
25.98755
31.59676
20.54884
31.95892
29.98811
26.79293
17.33119
31.40433
32.78787
26.01081
28.35761
38.16831
35.85084
21.63017
26.14105
29.33178
24.22043
19.60932
30.78637
23.86793
28.79353
25.80814
26.67465
27.65918
30.35576
33.10672
34.12084
21.82245
23.00827
24.08331
38.2084
40.03591
28.518
35.71979
32.50448
27.88546
30.76594
23.56679
17.50236
27.36367
33.96882
28.27353
22.56684
35.31701
32.905
34.45476
31.14598
28.99054
20.0207
26.49056
30.21865
27.09994
38.45271
38.75586
36.50766
26.3143
36.74926
33.53594
31.15924
33.61404
24.16729
34.59175
31.57225
35.29572
32.74161
38.71542
31.44121
29.55504
38.9269
32.56807
32.71645
36.15928
35.93912
35.20657
30.28654
28.79415
38.55332
35.06747
33.28975
24.07041
27.07696
31.27781
33.30364
27.93212
32.59618
34.44723
31.93808
37.45607
29.14188
33.42853
29.77865
32.63709
28.97038
23.10447
26.20184
33.02351
32.33428
38.69454
36.83566
35.19475
39.14641
36.04393
31.54926
36.96624
36.12438
33.1706
28.35974
35.8941
33.2359
31.91451
22.37598
35.63999
36.33243
27.80583
33.60302
27.68628
34.56297
34.23725
35.00556
29.65129
32.47776
23.96442
25.59014
30.67341
36.78994
28.96671
29.6124
34.99668
32.21769
36.0519
31.16822
28.22407
32.98798
32.26276
34.50241
30.60407
31.19552
33.18352
27.54193
24.06853
32.17327
36.42754
32.15369
34.32275
33.89841
22.65467
33.73211
35.80577
36.69796
29.16474
