2.145435
11.48983
-0.3414892
8.530093
8.192728
-1.918521
1.370414
-1.926496
8.077805
12.34002
2.937884
2.906283
11.14553
5.692194
3.524515
5.405039
2.968371
7.777345
-1.646564
5.987843
3.902544
-0.3965745
0.376928
3.359972
3.752347
8.336898
0.9345248
2.38215
-2.727166
4.365855
0.2867714
5.798434
-1.354816
-0.1506462
3.343163
-2.032624
-0.8281737
-1.651718
5.46232
2.06645
2.450899
-1.134304
1.927005
1.869683
1.975667
5.802518
6.609689
1.582404
8.349176
-0.04977227
-0.2882445
9.017605
0.3555596
9.886723
-2.13561
-6.864967
-4.363801
-2.302614
-1.041969
-6.497676
-2.223344
-11.05251
-6.876591
-2.349671
-9.704823
-3.12078
-3.579105
-3.94398
-7.606125
-12.74665
1.714446
-4.872014
-3.054064
-8.725111
-9.230943
-9.456531
-3.890449
-5.357022
-6.062951
-6.312249
-5.403683
-9.635544
-11.54301
-7.669739
-0.5503856
-14.38455
-13.63079
-8.167782
-5.411282
-13.79501
-1.314535
-6.869144
-4.939163
-6.605505
-6.642997
-7.453674
-7.209024
-8.993311
-8.7073
-2.520938
-2.036642
-2.711529
-9.228208
-11.11006
-2.790344
-16.58925
-7.56925
0.7624064
-10.69359
4.329532
-8.316108
-6.780971
-6.222549
-3.617405
-6.326229
-13.21291
-1.229755
2.768884
-10.4872
-4.981097
-10.42183
-0.2893733
3.255515
-12.90243
-13.73386
-5.988918
-3.22509
-1.752175
-3.695965
-9.02075
-6.175453
-1.220957
-3.256676
-1.911958
-7.672282
-7.2433
-2.737769
-8.32815
-10.44134
-9.947578
-6.431936
-7.866537
2.065876
-2.93745
-5.032006
-10.23307
-8.749497
-7.356987
-5.141164
-10.63644
-7.573525
-5.980597
-11.69955
-3.465872
-9.2335
-5.511943
-3.912339
-13.65599
-9.768283
-6.591587
-0.07769292
-9.128888
1.284528
-4.942629
-7.598957
-10.015
0.3410377
-6.90317
-4.641767
-2.64195
-5.897171
-4.118789
-10.00526
-7.305639
-8.346168
0.8073692
-0.3505241
-8.715392
-6.530938
-3.645315
0.1156786
-5.887333
-1.306578
-9.511996
1.4862
-4.487167
-6.729993
-0.2259861
-4.139408
-4.857432
-9.69672
-9.955299
-2.407102
-3.462589
-7.155831
4.450217
-5.398259
-6.342999
-6.533024
-12.03241
-5.213862
-4.438577
-6.585019
-0.01460749
-2.483749
-5.68862
-6.273879
-8.354102
-1.452701
-11.73428
-7.939278
-6.710743
-4.605043
-3.947814
-9.608744
-0.3476551
-5.41638
-7.599671
-8.203106
-6.423413
-3.152719
-9.915557
-12.17578
-7.130037
-8.782561
2.287887
-8.831774
-12.43046
-1.14628
-7.774063
-2.171605
-7.723313
-6.459994
-2.783714
0.3564733
-4.665257
-7.782812
-1.903085
-5.742814
3.76618
-10.55953
-9.987586
-4.83065
-4.288712
-5.714929
-4.287075
-7.029763
-5.620884
-8.545395
-6.657511
-7.895736
0.1238241
-5.782255
-4.235364
-1.513083
-3.899982
-4.39382
-9.182777
-11.75321
-4.393327
-5.611629
-7.143583
-6.987056
-12.30151
-1.629467
-3.041828
1.349096
-1.874549
1.466486
-3.000482
-2.112901
1.219412
-7.07396
-6.889236
-0.4614541
-0.9690434
-5.544468
-17.88412
-10.57237
-4.005394
-7.812078
-3.093214
-1.807705
-0.6905378
-1.531427
-3.223478
-7.962183
-1.870025
0.2033316
-3.221223
-8.417287
-5.404844
1.685466
-7.27885
-1.521269
-8.262689
-6.323073
-4.942238
-7.863678
-2.644172
-4.11407
1.384798
-9.027706
-7.168865
-7.565519
-3.847021
-2.321786
-3.374738
-10.07207
-1.544037
-0.06028455
-7.896236
0.5796774
-4.52308
-5.418485
-7.079354
-7.903904
-5.007843
-5.973175
-5.973967
-11.63702
-4.153838
0.8274113
-2.691107
2.684542
-4.924137
6.126241
-1.271192
-3.474669
-7.553172
-0.6731531
-3.037899
-1.088412
-5.440678
-2.221378
-10.38117
-0.08495057
-6.238635
-2.720848
-0.9163035
-7.239369
-3.80207
-1.120666
-10.3094
-1.212566
-1.904332
0.6426441
-5.299816
-2.452115
-9.425015
-3.586659
-2.874602
-2.746354
-5.777306
-8.446711
1.379935
-0.3747384
-5.518257
-6.347399
-4.092967
-2.870243
4.306727
-2.80002
-4.816658
-2.138006
1.469397
-5.117975
-2.842232
2.989757
-6.574636
-3.658598
-1.8484
1.488428
-1.787418
-7.644417
6.519023
-0.1762168
-6.389543
-0.4264241
-6.26343
-2.063462
-2.948321
-1.193319
-5.668108
-1.283562
-2.500372
0.5631213
-4.270402
4.585824
-3.316341
2.512585
-1.948688
-0.2559859
-0.9645674
0.6798993
-8.740934
-2.723783
-1.848681
-5.085363
-2.093553
-6.599689
-3.230957
3.842115
2.562166
-2.439514
-4.211961
-2.993633
-2.42645
0.3380345
-2.150821
-0.8114226
-3.668907
-4.087305
-6.293395
2.709362
-0.2039411
-1.538858
-4.948529
-6.377201
1.93346
-3.849353
-3.536852
-2.037803
-3.790681
4.357462
-2.254014
-4.372693
-2.770541
0.9727235
-1.99662
0.7357836
-2.427538
-2.806665
-4.618627
2.455831
-5.834841
-7.973747
2.046234
-3.382938
0.7425246
-0.328743
-1.842892
-1.566559
-7.841376
-4.319221
-7.377085
5.994974
-3.440102
-0.1884931
0.7024945
-0.9456913
-1.646016
4.261633
-1.079639
-8.884118
-1.292149
-1.418739
-3.254221
-3.800291
1.192209
3.099482
1.413479
-1.746935
-2.630637
-1.781038
-2.74265
-5.871977
7.638542
6.859287
-2.785866
2.857028
-1.111931
-3.736095
-2.675392
7.509226
4.635456
8.948194
-3.819165
2.569346
0.6663639
-0.1396263
5.843986
0.1552272
-3.029021
1.574244
1.120001
4.287962
-2.373437
-5.396443
-0.6546339
-0.2984434
3.126266
-3.607681
6.976122
4.980884
6.836478
-0.7410173
-3.170057
-5.63648
-0.5573322
4.247014
2.214646
2.37145
-1.17615
-8.423929
3.951837
-2.901452
-3.890927
-0.5705116
-2.72173
-1.737153
-1.576926
-6.780622
-5.138227
-2.886087
-0.2582369
-2.360652
2.307225
-1.241667
-1.316613
3.901222
0.946812
2.368863
0.2258516
-6.160473
0.5447227
4.562018
1.637836
2.669095
-2.354223
-1.971142
3.834492
-8.266273
0.201828
0.2963769
-6.389541
-6.431236
-1.04184
-5.306384
0.9374074
9.641047
2.08385
7.647719
-4.040879
3.022256
-5.076965
-4.05316
-1.462336
0.8890259
-3.239896
-0.01076339
-0.9911447
2.618952
4.620198
7.451835
2.390673
8.314315
-1.253808
1.778646
-4.627082
10.26026
5.045485
-3.906219
0.4873274
4.157137
-1.870237
-1.494877
5.73936
9.332124
0.9220265
-0.4468274
4.065898
1.541224
-0.4448603
2.101618
2.108641
2.488006
0.3722086
-1.058148
0.4437595
-3.786681
-1.617407
1.408235
5.768685
6.736651
4.696441
2.287683
3.295172
7.614937
5.592448
2.520821
1.60711
4.269727
10.81056
5.48101
-8.859748
0.5032093
-1.230674
-1.701102
-5.304138
0.2196728
1.375089
4.389536
0.3760186
3.66104
2.72609
-4.74634
4.795359
4.751561
-2.289922
1.70693
-3.647467
-5.351155
1.738166
3.089937
0.1512006
0.1539479
3.654741
-0.2421574
2.150928
0.6935752
-4.201718
4.987597
0.71784
-1.800532
-3.336445
-2.54638
-3.50867
4.182108
1.886646
4.987859
-2.654201
0.73855
-3.948455
-3.072446
3.054441
5.282066
-0.7090119
-2.866339
10.64555
2.459844
-2.390021
2.289053
2.218918
2.125527
2.72058
1.645212
-0.1662827
-5.285535
-2.577991
3.165597
2.373896
4.250707
0.1126463
0.6761042
6.764212
3.658093
5.473013
-0.07438095
-0.2266204
1.017462
1.539093
-1.484358
1.507993
-0.9447603
-0.7840351
2.966184
0.8160129
-3.41512
2.347734
4.962635
2.003627
-0.1158645
-3.800889
0.5523994
1.29492
-0.7569563
4.81889
4.042108
-1.91784
7.684606
2.76038
12.7388
3.793058
4.386268
1.656403
-1.563751
2.283677
-4.703707
8.542524
7.456905
2.917767
3.96118
9.446789
2.581493
2.811041
1.82304
2.975001
6.731534
0.1929453
2.737156
5.811403
-2.022187
7.89225
4.676314
5.973939
7.436686
2.869223
4.110744
1.608141
3.012264
2.904611
1.030483
1.54069
7.479699
5.102459
-5.941778
9.652149
1.757056
-0.225235
2.423938
-0.6704546
8.094666
4.847315
5.257317
1.167102
4.028993
4.980426
13.43282
2.216578
4.759772
3.87538
-2.331936
6.159498
3.182764
1.521083
4.261346
1.581423
4.299686
-1.774713
5.035376
6.709026
-1.416386
-8.953504
4.640686
6.137429
5.798325
5.476037
3.969157
0.6493563
-0.2130271
2.381791
-1.499123
6.89539
2.910635
2.683642
5.483964
8.342032
7.803618
7.991542
3.486108
4.883501
3.252067
9.035625
5.754868
14.77823
1.234955
-0.01356581
9.419587
5.227199
4.719334
8.429734
8.821796
4.957684
3.002884
3.864554
4.207271
7.558035
5.998001
1.072705
5.628517
-0.1599819
-0.8131348
3.768191
0.9645494
2.035004
1.254584
3.647092
6.302038
8.552123
3.495304
4.631754
0.225035
9.119933
2.972534
7.915998
10.76173
4.622391
4.955138
3.382
1.052402
-1.035266
8.354523
5.138
7.711198
8.022016
3.778176
2.720687
0.7988113
5.403421
2.222098
6.598004
3.029963
5.747175
8.089084
3.562033
6.215529
3.217304
3.172198
10.5013
5.447036
6.764232
2.690595
5.646755
6.294106
-0.3161346
1.807751
7.433169
5.221945
8.074452
5.064618
5.620586
0.1418178
1.993499
4.550169
3.29546
9.82318
0.08977983
9.356703
-0.6599144
2.811031
8.652619
9.444855
4.446188
9.69741
7.920532
5.203659
0.55599
5.923398
5.113259
0.09974895
7.340736
5.228209
1.577371
6.515249
8.053476
7.466598
4.894767
8.135445
6.688592
9.459735
3.761824
7.252698
5.02196
-0.7395889
9.628135
3.508139
6.932807
3.214116
8.173363
3.55778
4.125896
5.745343
1.240947
7.088489
6.286396
2.782912
6.713601
6.451861
4.204262
10.32389
4.383082
0.7753338
12.3415
10.29053
8.342522
4.777732
6.548083
7.460758
12.43273
1.53562
6.271823
8.419239
-3.092035
7.317919
3.099138
5.510122
5.540709
4.912997
5.66556
6.949878
3.176409
8.908658
9.255281
-0.076371
1.432278
11.32668
-0.5184208
1.031617
6.929282
3.949047
-0.03723388
8.479458
10.97567
7.428649
6.725287
7.402699
9.925804
3.97324
9.720982
5.929341
7.98237
2.838052
7.475164
4.557036
3.073801
2.415831
0.7290033
6.594611
8.411693
10.09965
5.633763
5.422295
2.542332
6.739376
12.67322
18.29831
5.650487
9.744343
10.70479
5.408575
6.583222
1.666875
4.015608
8.302728
7.742043
5.358511
-0.4838402
9.098861
7.547363
2.135487
10.48076
2.046
-0.8690614
2.167396
5.082824
7.444883
13.67139
11.84412
8.450928
-0.3432994
8.463854
7.842362
7.526568
9.042411
0.1780578
9.687755
8.267891
9.774882
8.774872
11.16866
9.478811
6.121714
15.55438
7.872079
3.860334
12.8628
14.57266
3.177538
6.091538
5.146047
8.925306
8.594398
8.104363
-0.09733354
4.559103
9.605982
8.089683
3.719283
9.091889
7.779074
8.971801
10.85307
3.600438
9.936465
4.643834
6.352546
7.927145
0.5290354
4.647491
9.835398
7.199419
15.0781
8.700263
10.4645
14.74939
13.30485
7.962245
11.18405
9.549585
9.963022
4.376054
15.47398
9.793143
6.962918
3.391816
11.14043
8.669258
8.01258
4.719652
5.175565
12.48182
6.244176
12.11868
5.64027
6.389669
4.528067
-2.54287
7.888949
11.81792
8.495781
5.220641
8.539526
9.011258
11.23332
7.760453
9.373745
12.55471
8.912361
8.217748
4.687692
2.352306
4.632784
7.999485
1.585549
11.31388
12.55576
7.220472
7.163475
5.74788
0.8296872
11.57156
13.58019
8.806274
6.53891
