13.10114
21.17854
20.16121
22.06331
14.13096
4.920374
9.240787
8.02634
34.48349
21.45869
13.96623
17.13009
37.13893
17.53121
17.46404
30.52738
28.01162
17.46114
13.5556
23.72407
10.92509
14.48069
23.88883
15.34042
22.51265
21.59057
14.60402
17.42624
10.56921
13.77539
17.65965
14.30905
12.43691
6.221701
15.36771
4.013931
13.7472
13.98189
12.02396
29.19854
15.99026
9.208855
35.23511
19.99137
20.97398
21.15548
16.78761
20.11378
31.03543
19.01376
16.02856
20.75125
16.43355
8.412867
17.52449
3.132841
13.5085
10.98226
25.7061
19.00371
3.776822
15.19575
11.61017
13.45427
16.15935
14.88306
3.111014
15.62263
7.988513
5.912554
6.337521
5.161154
17.36216
0.535542
5.485669
8.007808
9.409574
12.2971
4.480625
0.1642585
15.92555
7.123503
4.344976
15.02224
15.95348
2.121577
0.08380122
11.89763
21.1879
-6.380883
4.851545
2.266686
12.61626
-7.906363
13.06587
2.473952
4.165914
16.72641
11.72921
12.47834
20.87313
5.706156
12.95625
1.351068
10.45163
-3.527732
9.435792
22.94278
4.340199
22.20605
-3.757047
7.367083
-0.8053276
24.80069
12.46287
-1.400575
20.45018
18.04778
2.599736
-4.185419
0.2962139
24.13099
10.76054
7.460556
-0.08775789
12.22924
-0.5656911
15.03701
21.7452
9.517101
10.11294
19.38303
6.754024
10.64812
3.195509
7.379469
9.943525
10.23008
0.3789971
1.44554
13.64322
2.291289
18.54848
15.47454
10.23082
5.089351
11.27122
-1.465866
9.065776
1.759649
11.78667
5.838983
0.3556187
4.418171
3.360182
8.77232
12.32268
-4.421078
10.35709
7.810204
7.091728
15.49769
24.40379
9.468703
8.934776
10.67732
14.47558
-4.864972
20.05746
15.18011
6.27527
5.735276
-1.214825
6.778759
12.80516
12.1098
16.42734
4.15904
8.765171
12.45086
15.9234
15.47693
10.0254
2.620707
22.90132
7.840685
11.15738
8.243531
5.908154
5.868436
-6.415564
4.442735
14.39746
8.824132
6.724233
22.70876
12.87206
12.10289
8.0487
-1.049648
-2.139352
-0.9060444
0.9717672
17.17152
8.303775
13.16106
1.827827
17.45417
12.29309
-2.866686
12.13305
0.4219388
9.22498
0.7550798
5.43336
14.94436
9.128206
4.658997
5.644431
0.6434119
12.19961
25.51541
-9.578317
9.866775
4.649317
2.72702
23.53652
7.740841
21.58387
13.32129
11.86845
5.179867
0.09445104
3.915621
8.697204
9.358107
-0.7830327
21.57701
1.629694
21.44451
2.315655
-6.805885
9.486703
22.24437
6.39514
8.219636
22.86181
4.536916
5.229441
-2.260208
11.77754
24.76653
16.30025
8.733512
14.81388
6.671835
14.22803
-2.001387
13.27519
18.94702
12.45083
5.205565
7.837385
-0.2899533
19.6146
21.68366
9.790676
12.10903
14.76231
14.58516
0.4429738
8.188307
17.8288
16.13889
11.42932
16.09799
-3.828943
-4.594742
19.83808
8.417874
4.322933
14.10103
13.99668
15.79624
12.35617
12.01046
18.20236
11.90928
15.38844
9.410153
8.060052
7.135589
7.080787
-3.310499
21.78372
13.42626
10.9095
12.51493
3.429656
17.79223
13.04425
12.92001
7.46219
10.93468
10.09739
13.63396
14.90043
14.77662
-9.23339
14.54953
22.92266
13.91072
22.05476
12.74863
8.676494
4.459765
14.61515
6.844452
1.373931
17.64721
0.2367356
6.91331
16.68628
8.342676
21.31999
19.87797
21.6896
15.91382
2.281568
9.404879
8.520048
19.26636
13.94996
9.374205
12.85749
25.21007
19.18334
2.015641
11.67584
23.24165
8.450523
5.523377
13.17215
6.998986
9.469698
17.64848
31.65614
16.09838
23.31952
13.06846
2.398786
16.4914
24.51746
13.92058
13.35804
10.80584
20.05696
15.15807
7.448114
8.788525
10.78594
28.16961
14.16127
5.007514
9.312503
11.38761
16.09652
19.82187
32.33262
4.283049
14.86867
17.93215
14.11268
5.144117
10.96535
24.76457
24.39994
0.5696218
17.04928
2.285758
8.468212
23.31127
16.46443
23.2316
7.551448
19.10423
16.88734
11.049
15.83317
19.05733
24.64583
17.89827
17.73302
5.045683
3.482857
9.512246
20.67069
18.16651
10.58795
5.999935
8.671356
15.6411
25.98152
19.7516
14.18728
5.556057
17.62284
16.25268
15.53287
16.94735
23.22887
30.47151
14.78009
9.834393
12.12293
21.28653
21.48577
27.47881
14.18285
12.32511
6.570522
9.383372
17.35196
7.231487
23.06675
18.82094
14.28405
18.49209
29.61558
7.714868
18.75264
7.378714
10.97012
8.740802
25.47722
19.03357
16.59775
13.74152
5.329113
22.00142
14.04939
16.10587
15.79318
9.770267
17.16194
9.223462
35.86532
3.944257
5.77617
21.75898
8.637653
17.21157
26.74953
13.64221
-0.2913622
17.58741
14.6929
16.40042
16.72345
11.50796
29.96959
23.32721
21.01787
12.25083
17.02007
20.65399
8.031907
25.06185
31.87151
13.43055
17.94455
5.440712
13.70525
13.75974
18.25184
31.79407
19.01737
15.18647
26.06396
32.02196
28.60034
23.87915
32.54118
19.3649
15.71446
21.3073
20.9348
19.09317
9.824269
23.83603
13.29847
9.098615
20.05546
20.8854
13.84706
30.80363
21.71814
23.25102
11.54121
18.08254
19.62065
24.66376
25.33992
9.872831
9.740475
25.2182
17.61148
15.11916
9.762654
24.24604
13.04886
20.23338
24.18679
12.96956
17.48485
18.80826
21.53801
29.91728
7.229577
13.37935
20.59351
22.4435
18.06389
22.36584
6.167332
11.61732
29.99081
12.50452
25.26197
20.2576
14.17175
26.00475
20.93632
24.42953
5.61664
8.569355
6.594663
23.52281
4.710395
12.55353
32.52162
22.37461
20.5833
7.024874
16.57409
16.26603
11.55778
19.41284
15.16381
9.931727
12.4551
19.77543
10.48327
21.51767
14.02727
18.42122
17.15963
26.66257
15.98812
12.92743
38.92314
10.88005
20.38492
28.54933
24.53281
21.24623
14.6942
25.21504
23.14347
22.96959
28.68986
28.06454
18.47443
34.03781
16.54894
13.9319
19.78593
20.6972
11.34264
16.30393
20.90112
13.73176
26.92629
29.07907
25.9261
24.7681
15.1791
23.61036
25.75618
17.86055
27.25221
25.71567
10.277
34.92241
19.11715
19.7153
13.32679
25.61186
28.32621
13.54826
23.64715
18.1416
24.1465
9.807339
17.83882
17.40042
8.700011
24.69503
19.14136
10.44137
21.83946
19.223
12.82081
24.91763
23.43444
22.29482
28.49459
26.41066
33.74125
15.95993
24.48029
8.431695
21.6218
17.98022
22.62217
17.43284
21.28318
16.21278
30.90997
22.25534
23.31433
20.84155
16.41551
14.05015
19.16078
26.45648
25.39184
22.9131
12.13089
28.12142
14.85972
21.06545
15.24768
23.35394
20.54588
21.88416
13.8757
24.74007
21.95769
14.10856
36.89012
22.27183
29.24676
9.422338
18.81482
19.25646
18.63451
32.72461
18.19991
15.26215
23.31062
23.93486
13.2081
21.5557
25.43104
19.79862
24.05236
28.92694
25.31906
21.57827
23.37657
12.73741
26.62389
18.84842
26.28552
27.02695
10.78934
27.63536
30.03073
19.97382
42.05569
20.17004
42.60016
23.91857
22.2223
21.681
17.97601
18.82117
23.33029
25.41919
30.84157
29.70866
20.76166
30.10245
24.73579
17.39936
26.82204
30.7876
31.43133
24.59055
24.32819
23.31195
13.58806
31.87835
28.83593
30.98532
14.70483
25.12808
28.4547
13.06381
23.81516
18.80462
21.695
24.98251
31.49656
26.78259
20.45051
24.89056
18.76089
17.82805
24.44783
25.23025
30.95626
17.87634
34.9187
20.50606
24.30345
17.33456
33.62125
13.53856
12.34049
32.8052
29.91899
25.71815
25.65915
38.18499
38.07824
21.14604
12.76388
9.266045
29.7466
15.73225
17.80202
20.39925
21.96528
23.43701
28.33809
31.80118
25.68374
22.96032
30.96373
21.80015
7.750929
30.09823
20.25128
25.69603
26.99108
37.58841
29.90031
34.46811
18.702
18.92811
26.70148
45.8518
22.79476
38.43682
22.01236
19.21986
38.9911
28.92555
17.31166
40.83728
34.14468
28.83347
37.26517
32.88239
25.50955
23.57908
19.05345
29.15014
21.07508
22.79735
16.77284
25.25383
19.16375
22.60309
22.69714
20.72905
22.11657
35.01389
31.10289
33.18361
17.4878
41.26485
33.72942
27.35028
41.77425
28.69108
32.97314
30.67305
36.94617
23.98549
22.37209
35.42268
23.70542
16.38427
6.179881
16.174
20.86687
26.57581
26.98184
38.65371
25.14339
24.23397
31.1553
23.21828
21.06093
29.84712
26.59833
33.20478
13.65588
38.80681
26.69066
26.5639
20.50874
34.71285
24.61943
24.81969
35.37228
41.18668
30.51404
32.55056
16.12433
20.94071
24.23798
23.84221
42.28465
32.74747
22.09447
25.12954
23.76216
28.55048
43.73956
30.77306
40.55853
44.88412
22.66295
25.48242
28.74654
27.47227
28.49373
21.33837
22.49069
19.69601
28.00742
27.00576
30.18394
24.3228
36.0586
27.77642
24.2263
19.46262
28.25348
29.5562
25.68723
30.95518
22.93743
31.71147
23.28039
31.37903
29.29221
28.42314
31.06937
25.61621
29.63606
27.51207
24.43101
31.2559
34.20754
25.35613
25.07477
32.05157
25.56525
34.14029
33.09316
30.8704
35.45916
34.27278
40.32096
33.80337
21.49188
27.79104
32.63638
22.5023
48.1286
22.74934
23.01989
30.92136
32.81219
31.47638
33.1934
29.69228
39.89254
43.52117
24.71782
24.98267
25.02685
27.07945
21.2227
35.06213
21.49034
18.36085
19.28695
34.26138
24.54212
23.09876
35.94495
39.01784
15.41173
20.45822
33.59386
26.50588
18.04882
40.19954
24.66812
21.9729
28.25252
30.53929
28.21603
17.50132
31.39484
27.06714
13.88963
17.293
23.33296
33.92993
35.92251
33.38147
35.28123
45.5533
34.28516
29.83823
29.77947
17.54316
26.08656
50.12501
31.43779
24.58705
39.26624
32.52771
34.80625
34.29815
18.593
15.98864
19.19132
35.18615
28.8963
30.75615
38.85309
34.74386
34.5269
42.36088
33.95401
39.94555
30.52727
17.54056
32.83961
36.25567
29.61743
39.28306
36.04435
27.04401
23.25305
42.63446
28.25039
32.054
30.57021
38.74564
29.02036
42.44892
23.86472
37.05903
26.70645
38.00269
22.82316
24.64675
25.62128
33.07614
26.00788
28.35306
30.89754
36.94671
39.44728
26.48558
25.31747
34.44913
35.13913
20.66997
22.89531
28.57537
37.08218
24.82237
40.10335
34.00537
32.1846
39.78524
33.19723
30.01196
36.92996
39.96477
33.22306
25.94177
26.32075
34.56385
27.00618
23.89382
34.1235
43.16123
23.3061
38.51221
20.79889
36.18697
33.32258
35.20278
26.05247
37.48779
25.92342
21.2981
31.43946
40.00054
16.06855
34.4602
31.35834
29.24512
34.92716
37.5495
37.8871
34.80936
28.50228
38.53629
25.32912
35.26239
34.44698
22.68655
31.39226
37.82484
42.16335
34.07642
31.97631
34.15343
19.4592
38.56992
35.60829
35.47765
30.92763
