0.5737299999999994
10.792750000000002
10.541473
8.53011
0.8935899999999997
-7.744836
-1.1154930000000007
-4.239880000000001
12.392860000000002
10.588940000000001
4.091616999999999
7.075419999999999
20.86445
7.808967000000001
7.140780000000001
14.646880000000001
11.13286
8.385886000000001
-3.1593500000000017
10.830680000000001
0.07317000000000107
4.451509999999999
8.841709999999999
3.632669999999999
4.151320000000002
11.00114
0.19767000000000046
5.22025
1.4794859999999996
2.9462100000000007
2.1353299999999997
2.3247099999999996
-0.9911500000000011
-5.829289
-6.29876
-9.076768999999999
-0.4746000000000006
1.8717699999999997
1.6488000000000014
9.473100000000002
0.09000999999999948
-3.842525
13.81391
3.294999999999998
4.286260000000002
3.20664
-2.306609999999999
-0.2286500000000018
12.80827
3.6566800000000015
-1.6436600000000006
5.4506
1.2862500000000008
-0.8494960000000003
-4.95626
-9.878948999999999
-5.30917
-0.5320699999999992
7.586169999999999
1.9293200000000006
-8.913858000000001
-0.39151000000000025
-4.863320000000002
-5.94946
-3.7342200000000005
-5.032049999999998
-10.598666000000001
0.8793399999999991
-5.710067
-4.661046000000001
-3.862469
-6.512016000000001
3.8329199999999997
-10.307408
-3.1671390000000006
-3.329801999999999
-6.282896000000001
-0.08736000000000033
-9.554795
-9.030194499999999
3.15845
-7.9224369999999995
-12.643754000000001
-0.5525500000000001
-1.5523799999999977
-8.831933
-19.23392878
-7.479479999999999
1.2943599999999975
-13.212164
-5.715465
-8.698724
-2.4058200000000003
-17.254902
-5.303660000000001
-12.658168
-12.762305999999999
-2.53059
-4.8569900000000015
-1.93037
2.9557
-4.753574
0.990120000000001
-16.543812
-2.4207599999999996
-18.651912
0.09244399999999864
6.778839999999999
-10.569101
7.439020000000001
-15.462637
-3.9782070000000003
-15.5985176
6.783190000000001
-3.421479999999999
-14.718395
7.47983
3.8440700000000003
-12.036514
-11.826857
-11.5110161
4.007210000000001
-8.18698
-6.284773999999999
-14.84957789
-1.1154899999999994
-8.8061311
-1.6401199999999978
5.868220000000001
-6.996438999999999
0.10168999999999961
7.047290000000002
-1.9226959999999993
-6.463710000000001
-8.524741
-6.4959810000000004
0.2813359999999996
-7.114040000000001
-14.6990029
-11.388390000000001
-1.3230700000000013
-6.029914000000001
4.466480000000001
0.3227499999999992
-9.90369
-9.299909
-2.408760000000001
-16.507656
-8.948124
-12.992911000000001
-6.93554
-8.839137000000001
-13.951491299999999
-9.259999
-9.587908
-6.648069999999999
-3.4922000000000004
-20.246488
-7.983180000000001
-6.911376
-9.068182
-1.6433099999999978
5.59423
-4.319777
-5.745994000000001
-2.58108
-3.5299200000000006
-17.766902
1.1055199999999985
-2.7655999999999974
-12.66686
-3.451898000000001
-12.109245
-10.846830999999998
-1.6997899999999984
-0.5061900000000001
0.5869900000000001
-7.542929999999999
-9.910789
-3.0390999999999995
2.0974200000000014
-2.590320000000002
-2.588380000000001
-9.386863
8.456689999999998
-3.831645000000001
-1.0420200000000008
-1.837598999999999
-6.294656
-14.053104000000001
-18.817574
-8.756155
-1.0215899999999998
-6.230207999999999
-7.249717
4.1429100000000005
-2.276910000000001
-2.0433699999999995
-6.915519999999999
-12.796588
-11.806257
-12.781124400000001
-11.1223128
0.19638000000000133
-2.8097250000000003
-5.56264
-14.721543
-1.6184899999999978
0.8943499999999993
-14.657266
-5.02384
-12.141721200000001
-6.37898
-11.860650199999998
-11.57153
2.4986800000000002
-3.4728839999999987
-8.415053
-5.724538999999999
-10.4611181
-3.32634
5.47523
-23.538257
-6.206285000000001
-9.036203
-8.97959
4.051020000000001
-8.726519
4.5198300000000025
-7.80616
-5.919460000000001
-2.241188
-11.731028960000002
-11.381919
3.4802589999999993
-5.375413
-16.2704227
5.532110000000003
-9.849806
6.953530000000001
-12.697765
-19.430475
-6.770456999999999
6.46007
-8.28482
-6.034354
8.595639999999998
-8.935854
-6.521889
-10.067847
-5.246419999999999
7.868269999999999
-1.5450900000000019
-7.238568000000001
-0.3350200000000001
-6.8685849999999995
-1.7080699999999993
-16.227667
-6.092999999999998
1.3300199999999975
2.5923879999999997
-13.517675
-7.666785
-15.163763300000001
-0.48814000000000135
0.24154000000000053
-5.839574000000001
-2.84999
-3.797789999999999
-1.9591200000000004
-12.1677962
-3.528212999999999
-2.9502099999999984
-3.9206600000000016
-2.2382599999999986
-0.9617900000000006
-17.578943
-23.200222
-1.3732799999999976
-5.189036
-8.765547000000002
0.7385900000000003
-4.780289999999999
2.989979999999999
-6.29088
-8.62953
0.05176999999999765
-9.39982
1.79561
-4.612707
-8.962767999999999
-5.605121
-6.860563
-19.401659
2.274549999999998
-5.768000000000001
-9.736780000000001
-4.236640000000001
-9.896634
-1.5403899999999986
-6.49403
-1.1324199999999998
-5.38649
-7.0596299999999985
-1.3503299999999996
-0.15276000000000067
2.2707300000000004
-7.21175
-24.984180000000002
-5.50844
1.4046699999999994
-5.335320000000001
5.197330000000001
-6.936999999999999
-10.683176000000001
-17.076915
4.45745
-11.189457999999998
-15.067828999999998
-3.410519999999998
-15.3238144
-5.628850000000001
0.167860000000001
-12.361054
6.28082
-1.8704
4.02666
-3.0343
-10.038952
-8.657471
-7.455202000000002
2.005049999999997
-0.9443799999999989
-1.2567450000000004
-3.13772
-3.1127699999999976
3.403690000000001
-12.347218999999999
-7.008379999999999
-1.14696
-5.522036999999999
-9.203103
-7.1410800000000005
-14.058283999999999
-5.878412000000001
-2.3334600000000023
14.83973
-6.808580000000003
-0.07490999999999914
-7.56676
-12.694694
-1.1991600000000027
3.6447000000000003
-0.318480000000001
-6.8922599999999985
-4.02032
0.7045899999999996
-2.4227100000000004
-11.472045999999999
-9.188884999999999
-4.17052
10.755329999999997
-3.5044699999999995
-9.031906
-4.478727000000001
-6.10036
1.004760000000001
5.389180000000001
7.554539999999999
-14.429810999999999
-4.61819
5.42333
-0.4743600000000008
-8.107713
-10.52441
2.7808199999999985
4.875440000000001
-13.6535182
-1.5532700000000013
-12.388932
-5.477218000000001
3.4990799999999993
5.58961
2.79251
-8.286392
0.6212800000000023
-0.9938100000000034
-3.7427600000000005
1.958590000000001
-3.426359999999999
0.26987000000000094
-0.55518
4.10594
-7.329637
-7.416512999999999
-8.815334000000002
1.5310200000000016
0.41274999999999906
-10.366890000000001
-8.552405
-6.861464
-3.4658099999999994
6.030639999999998
-1.0349499999999985
-11.059960000000002
-5.152622999999999
-6.068570000000001
-5.480839999999997
1.9067900000000009
-1.0840800000000002
2.934940000000001
11.639709999999997
-4.46739
-4.032197
-0.2551799999999993
3.5221599999999995
1.2379699999999971
6.8839799999999975
-4.0170200000000005
-1.1014799999999987
-8.463377999999999
-4.035968
1.2711999999999968
-8.349422999999998
6.424250000000001
0.3220099999999988
-1.7114499999999992
3.1112600000000015
11.855500000000003
-6.872832
2.03472
-7.772186
-7.84634
-7.033678
6.115309999999997
2.9434299999999993
3.918660000000001
-3.1438299999999995
-5.363387
5.3969999999999985
-5.77107
0.8959499999999991
1.4332999999999991
-7.236733000000001
-1.72016
-9.224458
16.693839999999998
-7.9735130000000005
-7.758580000000001
5.10089
-9.066087
-1.6440300000000008
4.05218
-10.07455
-17.8801322
-4.031270000000003
-5.4887
-4.534109999999998
-4.53416
-3.62453
6.842759999999998
9.718250000000001
-1.784860000000002
-2.10741
6.48095
2.3977600000000017
-5.776142999999999
10.1983
15.77691
0.9755800000000008
2.056709999999999
-12.636388
-2.9924500000000016
-3.982029999999998
-0.8859899999999996
11.595110000000002
3.5105199999999996
-6.634910000000001
8.01819
10.033740000000002
5.2987
3.285529999999998
13.594289999999997
2.833669999999998
-2.042239999999998
0.7287400000000019
3.9591600000000007
0.8543599999999998
-6.243821000000002
3.4424799999999998
-5.489880000000001
-1.0762149999999995
-1.0721999999999987
-0.2232699999999994
-0.2859999999999996
9.75394
3.3557299999999977
0.1546100000000017
-8.51088
-0.247049999999998
-3.112099999999998
0.40689000000000064
7.924519999999998
-3.171989
-9.585345
4.448589999999999
-5.640219999999999
-9.51661
-4.434596000000001
3.1456100000000013
-5.083620000000002
6.41957
4.746139999999997
-1.4456000000000007
-2.87894
-2.3356299999999983
2.72419
9.761560000000003
-9.570753
-5.5434
-0.5942800000000013
4.087980000000002
4.205220000000001
5.310109999999998
-9.286758
-2.501710000000001
8.82462
-6.4711500000000015
10.571200000000001
-0.043079999999999785
-2.392400000000002
8.87021
2.5332299999999996
2.9042299999999983
-11.90296
-7.767075
-12.032156999999998
6.418240000000001
-9.964405
-4.02022
12.126149999999999
9.83125
2.133210000000002
-14.834955999999998
-0.34230999999999767
2.1662300000000005
-7.6969600000000025
-4.51379
-0.790890000000001
-8.223783
-1.5101700000000005
-1.0321500000000015
-7.798119999999999
3.2732600000000005
-1.6026799999999994
-3.9297299999999993
-1.6795299999999997
-1.3045800000000014
0.9223700000000008
-8.42929
13.602979999999995
-4.8218
-6.1442099999999975
5.65973
4.79674
1.2849299999999992
-6.4078
5.042369999999998
7.052099999999999
1.5889300000000013
5.416439999999998
4.443270000000002
3.4625900000000023
8.56871
-2.795729999999999
-5.906799999999999
4.41061
0.40381
-6.766180000000002
-1.6047399999999996
0.1246799999999979
-12.970979999999999
8.53444
9.64761
6.124690000000001
4.730450000000001
1.732990000000001
4.5823
7.1440100000000015
-3.9078300000000006
11.081470000000003
2.641680000000001
-2.37603
14.677689999999998
-3.21762
-2.2053600000000024
-5.742520000000001
3.421240000000001
7.930800000000001
-5.99742
1.8012200000000007
0.5644799999999996
6.95224
-9.480391
-0.5166300000000028
0.9437700000000007
-12.248489
13.809819999999998
4.248609999999999
-7.878350000000001
5.28124
0.5578499999999984
-12.48877
9.03698
3.7914700000000003
-1.3770299999999978
9.931059999999999
7.310549999999999
10.861650000000001
-4.541879999999999
6.5542799999999986
-13.536025
1.8248099999999994
-3.0857600000000005
-2.91272
2.0208699999999986
3.1046900000000015
-3.848480000000002
7.780070000000002
3.1681799999999996
4.082440000000002
-1.6057699999999997
-0.9030999999999985
-2.442449999999999
0.5082099999999983
7.674799999999998
10.900429999999998
3.4739199999999997
-8.92012
5.742660000000001
-3.9208800000000004
0.6300199999999982
-1.1269299999999998
4.677010000000003
1.1160099999999993
4.05151
-6.984119999999999
1.9130000000000003
3.5147699999999986
-1.61172
15.681730000000002
4.21106
6.848129999999998
-8.476012
4.269270000000001
0.370239999999999
-3.469610000000003
14.68113
2.1268600000000006
-2.7064600000000016
1.8610900000000008
1.316480000000002
-1.8438800000000004
0.13255000000000194
0.22464000000000084
-1.6968899999999998
2.202069999999999
4.1998999999999995
4.47869
-2.2699500000000015
5.784580000000002
-3.9616000000000007
1.717839999999999
-5.102779999999999
6.668500000000002
3.0106399999999987
-3.1692
4.09563
7.583009999999998
-0.7091700000000003
13.010559999999998
2.8652200000000008
14.894720000000003
4.685949999999998
4.18854
-1.88626
-1.6052700000000009
-2.6649100000000026
-0.7986499999999985
2.7431300000000007
11.439990000000002
5.109879999999997
1.4061899999999987
8.94454
4.1612100000000005
-1.3298499999999969
1.5246400000000015
4.787290000000002
12.236459999999997
7.719470000000001
2.761759999999999
6.146339999999999
-3.340439999999999
9.00086
4.919710000000002
13.769960000000001
-8.18904
4.144960000000001
2.5953199999999974
-4.23545
-3.9131
-0.9559800000000003
-0.7884600000000006
1.9469400000000014
7.8174199999999985
6.711559999999999
-3.431709999999999
4.68477
0.300889999999999
-1.66986
2.872810000000001
1.262830000000001
7.43168
-2.4071200000000026
11.927600000000002
1.8288600000000024
0.25522000000000133
-3.4947100000000013
15.475560000000005
-3.7039100000000005
-6.0135999999999985
8.563949999999998
1.0760900000000007
7.417260000000002
8.45224
10.817139999999998
10.11281
-0.5736799999999995
-6.96303
-10.588265000000002
7.40803
1.6157900000000005
-4.092320000000001
-4.595920000000003
0.9392999999999994
4.6748600000000025
4.5920200000000015
6.255649999999999
7.78838
2.6969600000000007
5.006140000000002
-2.10661
-11.923921
12.290320000000001
-0.17091999999999885
0.6661600000000014
1.69257
17.730960000000003
6.50244
8.682340000000003
-0.7742199999999997
-0.9760400000000011
-0.11088000000000164
21.740419999999997
3.070029999999999
15.243229999999997
-0.1281800000000004
-2.500160000000001
16.648110000000003
3.4009800000000006
-0.8594499999999989
15.7835
7.822860000000002
5.893949999999997
8.192929999999997
9.916880000000003
-0.6339900000000007
3.5299900000000015
-0.466389999999997
4.526060000000001
1.4320999999999984
-0.7874899999999982
-4.78717
2.0665700000000022
-0.48969999999999914
1.4785900000000005
5.178060000000002
-2.383849999999999
3.2258899999999997
13.393380000000004
6.986229999999999
8.68599
-9.529219999999999
16.053160000000002
10.131929999999997
8.917000000000002
18.946970000000004
7.0901
9.51565
7.344329999999999
14.689000000000004
0.2566600000000001
3.8266899999999993
8.41706
3.7059800000000003
-3.5710799999999985
-7.971479
-6.686140000000002
-2.7579600000000006
7.982700000000001
5.252659999999999
14.306999999999995
3.1036600000000014
-1.9853799999999993
13.261880000000001
-0.47132999999999825
5.594219999999998
5.708960000000001
6.084810000000001
8.19652
-2.0743799999999997
13.647209999999998
3.9717599999999997
1.023530000000001
-0.39372000000000185
11.438350000000003
-3.2018500000000003
4.651260000000001
11.710050000000003
18.622650000000004
8.378030000000003
4.424749999999996
-8.265
2.6843699999999977
2.078430000000001
-1.0485899999999972
13.74991
7.261330000000001
-2.8706299999999985
9.808709999999998
1.0293600000000005
3.8784600000000005
17.362319999999997
6.580159999999999
17.719849999999997
13.654350000000004
1.7917399999999972
3.54092
4.9222
1.3838100000000004
0.6965699999999977
5.267150000000001
3.1396900000000016
-4.4055399999999985
6.742439999999998
7.014609999999998
5.13729
1.3113799999999998
9.103489999999997
2.670530000000003
2.685209999999998
-2.8983600000000003
4.6898599999999995
6.347519999999999
0.11007999999999996
13.632089999999998
-2.9762400000000007
10.203589999999998
0.12488000000000099
8.630880000000001
8.1799
4.587009999999999
10.97633
3.80518
11.10249
7.3406800000000025
4.82423
5.524060000000002
11.39292
2.1294700000000013
1.8269300000000008
9.957799999999999
4.644869999999997
12.29643
7.185049999999997
6.9909099999999995
13.843019999999996
10.969199999999997
15.046689999999998
7.58982
-1.9618000000000002
6.6632599999999975
11.270510000000002
-0.9606499999999976
20.64585
2.572230000000001
-2.73451
7.08961
12.39294
11.991419999999998
7.166739999999997
7.431630000000002
19.171839999999996
17.69511
3.0450899999999983
0.42739999999999867
4.756779999999999
6.01219
-9.7046
12.003300000000003
-1.3535399999999989
0.9924299999999988
-3.6379199999999976
12.449180000000002
5.959960000000002
1.4664399999999986
5.17934
13.0928
-2.2451999999999988
4.038150000000002
10.19142
10.26782
1.277549999999998
16.88833
5.357219999999998
-3.746829999999999
4.860210000000002
4.593640000000001
7.15146
-4.44275
8.38777
-1.4199400000000004
-2.5105199999999996
-3.1729400000000005
5.98902
8.394749999999998
14.184910000000002
10.513950000000001
9.305790000000002
23.7536
11.808269999999997
5.65551
7.879549999999998
4.0564
7.02562
23.898240000000005
8.522770000000001
1.5363700000000016
13.048090000000002
7.170079999999999
2.4869799999999955
13.632940000000001
-8.35154
-4.901119999999999
-5.13184
10.050329999999999
9.241240000000001
5.974830000000001
11.94135
6.687129999999996
7.869299999999999
14.075480000000002
8.260429999999996
16.312869999999997
5.9556400000000025
-6.44867
7.9356100000000005
12.951310000000003
4.096589999999999
15.316319999999997
8.497590000000002
5.081620000000001
-0.18027999999999977
19.261929999999996
3.554400000000001
3.1978800000000014
7.2737300000000005
17.37918
-3.008680000000002
18.25392
0.2166099999999993
7.43102
0.23338000000000036
12.8173
-1.344579999999997
2.1289000000000016
3.9494599999999984
7.862180000000002
1.7950400000000002
4.848769999999998
4.229379999999999
13.980430000000002
12.844279999999998
0.9441399999999973
1.8254100000000015
9.314309999999995
8.854590000000002
-0.3732600000000019
0.3198799999999977
7.02102
13.89407
-0.3124900000000004
16.486909999999998
5.869969999999999
7.454350000000002
15.38822
10.458139999999997
6.424949999999999
11.147770000000001
13.389980000000001
10.015479999999997
1.958090000000002
5.90063
11.121090000000002
2.054590000000001
4.909660000000002
9.623940000000001
15.498060000000002
3.5128500000000003
9.628840000000004
-1.711829999999999
14.105820000000001
5.329510000000003
12.315899999999996
2.041450000000001
11.399699999999996
6.48706
-6.834909999999997
8.655000000000001
15.02852
-4.402380000000001
10.068439999999999
4.90119
6.038689999999999
10.10858
14.141730000000003
19.036769999999997
14.376079999999998
5.1518799999999985
12.251630000000002
-0.5872600000000006
6.419180000000004
5.896250000000002
3.1441100000000013
8.909279999999999
16.96546
18.29157
9.14321
4.817040000000002
6.0029
-2.365780000000001
16.409370000000003
13.382709999999996
7.5859599999999965
8.3018
