30
43
75
99
100
144
191
192
212
216
227
238
373
376
382
386
394
402
407
410
432
457
491
549
575
613
630
652
663
688
689
747
749
760
772
775
777
790
809
825
839
842
859
886
892
910
933
950
995
1013
1021
1065
1078
1096
1100
1113
1158
1171
1187
1192
1210
1238
1246
1250
1277
1313
1318
1321
1323
1334
1344
1372
1395
1403
1410
1425
1432
1435
1524
1526
1536
1539
1554
1557
1608
1616
1623
1640
1645
1652
1658
1686
1730
1739
1743
1774
1822
1823
1857
1859
1867
1881
1884
1888
1913
1932
1935
2013
2024
2078
2086
2124
2130
2137
2196
2248
2260
2294
2298
2299
2300
2305
2306
2325
2349
2357
2370
2391
2394
2410
2427
2442
2452
2483
2525
2583
2622
2637
2657
2690
2726
2737
2757
2785
2815
2860
2912
2950
2952
2991
3037
3048
3066
3081
3099
3120
3125
3143
3151
3188
3193
3205
3223
3233
3278
3282
3286
3337
3361
3372
3396
3433
3444
3478
3480
3494
3543
3544
3550
3551
3562
3565
3566
3570
3585
3594
3605
3638
3644
3659
3665
3667
3673
3680
3696
3786
3790
3852
3887
3958
3959
3992
3997
4061
4077
4082
4097
4114
4163
4188
4213
4218
4223
4259
4283
4289
4290
4308
4350
4362
4388
4402
4407
4431
4440
4467
4494
4502
4505
4514
4574
4579
4581
4583
4589
4591
4592
4600
4682
4716
4765
4779
4787
4855
4873
4913
4921
4945
4960
4966
5028
5049
5069
5081
5099
5125
5140
5190
5219
5223
5255
5256
5311
5313
5327
5402
5408
5413
5431
5456
5461
5469
5508
5545
5575
5583
5589
5593
5606
5631
5695
5703
5706
5713
5723
5781
5795
5863
5911
5913
5919
5922
5951
5956
5957
5970
5981
5987
6027
6028
6032
6045
6054
6141
6164
6207
6251
6263
6268
6271
6293
6312
6323
6327
6346
6423
6430
6458
6496
6508
6525
6534
6538
6543
6555
6569
6574
6581
6598
6606
6610
6617
6630
6632
6639
6643
6667
6680
6707
6733
6738
6759
6768
6810
6868
6870
6873
6888
6895
6896
6946
6957
7065
7071
7077
7105
7107
7116
7119
7146
7151
7178
7198
7221
7229
7242
7251
7252
7270
7280
7284
7291
7293
7315
7337
7357
7378
7414
7435
7438
7447
7459
7479
7504
7530
7556
7608
7621
7624
7651
7664
7699
7751
7765
7782
7810
7813
7849
7851
7864
7882
7899
7911
7965
7993
8001
8024
8025
8059
8084
8115
8122
8143
8150
8151
8162
8164
8165
8169
8214
8240
8292
8338
8353
8355
8399
8424
8460
8461
8476
8515
8529
8542
8550
8567
8587
8599
8600
8609
8633
8656
8666
8676
8731
8813
8876
8884
8898
8939
8944
8951
8978
9019
9048
9079
9142
9148
9155
9164
9197
9218
9223
9249
9251
9255
9261
9278
9314
9337
9373
9374
9378
9380
9402
9403
9423
9442
9443
9473
9484
9487
9529
9530
9548
9563
9582
9602
9612
9628
9660
9709
9736
9748
9775
9776
9777
9778
9780
9823
9826
9831
9846
9875
9879
9936
9944
9964
9968
9982
9984
10033
10056
10064
10066
10070
10084
10128
10129
10182
10202
10230
10242
10252
10273
10287
10295
10305
10384
10408
10410
10457
10459
10467
10504
10509
10558
10567
10608
10609
10668
10681
10721
10738
10819
10889
10890
10902
10910
10914
10958
11000
11027
11062
11071
11077
11107
11125
11131
11158
11162
11180
11196
11229
11232
11256
11265
11272
11301
11315
11324
11327
11337
11381
11406
11459
11500
11502
11529
11533
11534
11544
11545
11578
11594
11664
11673
11686
11705
11723
11725
11734
11739
11742
11784
11799
11845
11920
11935
11937
11947
11962
11975
11985
11999
12025
12039
12048
12053
12062
12131
12133
12179
12193
12240
12249
12252
12277
12304
12324
12330
12360
12381
12388
12396
12414
12425
12441
12456
12473
12499
12504
12525
12588
12599
12602
12609
12676
12679
12709
12728
12766
12767
12809
12836
12870
12897
12973
13015
13029
13034
13035
13052
13071
13083
13086
13103
13105
13158
13167
13231
13265
13275
13276
13291
13333
13465
13472
13480
13525
13540
13546
13559
13563
13583
13639
13658
13664
13666
13672
13675
13680
13686
13710
13712
13713
13745
13760
13763
13773
13843
13844
13865
13869
13874
13885
13890
13906
13909
13931
13948
13987
14058
14061
14073
14124
14143
14215
14243
14282
14293
14306
14316
14344
14365
14367
14368
14396
14407
14432
14454
14474
14479
14486
14500
14519
14521
14529
14596
14603
14619
14628
14645
14651
14692
14699
14724
14743
14787
14833
14889
14894
14915
14933
14945
14963
14978
14991
15007
15023
15024
15047
15050
15059
15090
15092
15115
15116
15143
15154
15169
15236
15242
15252
15257
15296
15297
15318
15322
15331
15338
15357
15406
15419
15484
15500
15502
15515
15528
15546
15549
15609
15615
15621
15622
15652
15704
15728
15732
15747
15750
15768
15773
15812
15855
15920
15934
15982
16025
16046
16055
16057
16077
16200
16207
16231
16237
16251
16254
16256
16267
16300
16319
16324
16325
16382
16431
16449
16499
16577
16593
16609
16611
16630
16639
16694
16706
16707
16709
16712
16767
16803
16812
16840
16852
16865
16873
16876
16889
16908
16912
16929
16941
16943
16948
16953
16954
16962
16987
17007
17014
17016
17060
17079
17080
17087
17106
17119
17132
17133
17149
17195
17198
17216
17226
17280
17307
17399
17429
17432
17437
17608
17624
17635
17636
17641
17669
17710
17736
17746
17799
17845
17911
17928
17963
17969
18019
18029
18032
18069
18082
18087
18089
18118
18124
18136
18138
18141
18151
18154
18161
18167
18176
18178
18181
18201
18211
18225
18235
18239
18271
18316
18337
18355
18372
18377
18395
18405
18414
18431
18434
18443
18444
18454
18490
18497
18500
18532
18562
18574
18590
18591
18615
18629
18634
18657
18662
18692
18753
18767
18775
18780
18801
18815
18838
18866
18870
18883
18887
18893
18928
18938
18973
18996
19024
19075
19207
19216
19223
19225
19232
19251
19260
19277
19279
19292
19295
19302
19340
19353
19359
19362
19416
19423
19490
19501
19509
19528
19548
19554
19557
19575
19612
19623
19628
19650
19680
19694
19699
19728
19747
19770
19807
19860
19904
19918
19920
19945
19961
19972
20033
20048
20050
20057
20072
20080
20109
20142
20145
20150
20169
20193
20197
20230
20236
20243
20251
20264
20294
20301
20307
20353
20361
20384
20415
20422
20438
20500
20505
20519
20526
20558
20594
20602
20607
20613
20619
20638
20658
20675
20696
20708
20720
20728
20735
20798
20803
20836
20839
20881
20884
20915
20958
21067
21084
21094
