12.66778
10.22685
19.69594
9.573929
16.57054
15.34023
14.41862
15.96511
20.00992
15.44786
13.28582
14.62859
15.24002
16.0917
8.086548
10.53883
15.9948
21.99468
22.33412
14.27729
19.17577
24.95962
14.65074
22.88072
28.13021
16.94694
19.79301
20.85235
14.70727
20.10184
10.7587
21.20329
14.63095
23.81085
14.8803
11.40206
13.89195
19.37191
13.30526
17.64724
22.14076
17.35593
24.21419
12.87137
19.40572
19.40062
18.24802
20.1878
18.56606
21.92483
26.57634
17.90492
22.99971
20.34639
17.01553
12.02911
8.700019
2.640711
-1.351639
4.240666
9.375938
5.848995
9.573839
8.240539
4.665623
5.884208
3.720967
13.02973
13.75163
16.76851
15.54161
6.092458
1.141866
10.59622
9.835948
0.7349282
2.58506
4.446179
6.214366
8.306529
13.66857
2.961738
6.769521
7.254083
7.360527
7.972469
3.735965
12.80656
3.423702
12.11944
8.482845
8.146852
9.25248
7.809492
3.080365
12.85066
3.865595
9.915231
11.87833
21.8871
5.046808
5.947769
13.70372
10.91238
6.949877
12.06654
11.62943
7.719767
5.888479
13.2517
9.253536
1.010225
5.202485
4.987346
-0.3333196
8.457864
4.149054
8.675933
2.218709
6.667292
5.183845
5.431191
4.956024
1.046591
7.357769
10.7386
10.63037
4.781654
5.478882
7.979744
14.59809
9.473484
2.815893
3.634556
5.340147
12.12637
6.762392
0.1747673
14.83749
5.404168
6.828912
5.342856
-1.006978
4.314107
1.594823
4.156191
15.32021
4.33798
-2.227533
3.430863
13.87112
2.602363
14.6667
18.34898
2.665608
13.16651
17.80331
12.07778
14.17214
9.650158
10.44212
8.921681
1.667324
4.220844
16.98011
12.85127
11.84247
13.20087
7.571485
13.40053
8.753242
1.340953
10.59213
15.94538
4.935091
2.987077
8.03502
11.53446
6.367193
13.21155
7.159017
10.56273
9.84578
10.11989
11.8928
13.53166
3.069884
14.34584
9.74241
9.07628
7.02161
4.427091
3.935241
8.706925
13.89749
6.531376
8.297098
9.015774
9.933628
20.93275
6.440735
4.522595
11.5267
2.604824
0.6385275
17.15019
13.16419
10.28593
11.69023
7.887017
9.957315
8.825815
8.778224
7.188982
9.362949
13.04121
9.946041
0.05630734
4.976519
11.4817
4.19169
8.58164
15.96701
11.25685
3.828746
9.565707
7.757499
8.164664
5.009676
12.47614
4.465442
8.168913
9.819823
8.804005
6.047533
10.65372
15.19796
5.345931
10.16473
0.9487964
20.43838
10.1588
15.98605
9.0654
9.500903
14.07025
11.49558
11.76674
15.38839
2.925456
5.723484
10.28437
13.59393
17.23416
4.803477
17.22615
9.947769
14.01451
15.57029
14.87941
19.38785
10.68724
10.96071
12.9822
7.645347
4.121062
5.334019
20.05597
10.28006
20.02659
14.32326
17.44611
15.97674
13.20612
12.95309
15.078
11.71511
13.2027
9.047832
17.79298
13.62055
15.7204
16.05938
12.81571
17.11563
11.03999
20.12293
6.316597
11.73292
18.56272
3.370717
7.368384
11.3942
6.749122
5.958019
10.03915
6.285089
19.75281
8.731791
10.58587
20.20602
10.29779
9.319021
11.30956
18.28008
12.95836
19.85439
13.67712
11.32876
15.26518
11.3498
7.817999
14.03617
4.617241
12.28212
15.08376
3.923526
14.33429
8.796626
11.0173
11.01609
19.51088
1.41977
13.82761
-0.2532869
4.543005
5.804245
9.000626
21.50713
14.14746
14.22341
4.473176
13.35097
16.3397
12.14387
16.80575
14.81066
-0.7736415
12.14456
16.11125
17.80616
12.557
20.14328
12.27166
14.64427
19.19256
8.59409
15.66904
14.47928
14.93608
11.43909
10.41275
21.6196
15.00017
20.2947
13.98568
13.08329
13.80503
15.73086
13.87945
21.38083
19.02246
18.56197
11.99719
20.02287
14.51113
14.14681
18.69427
18.27386
16.20519
14.88119
3.672995
13.88173
10.7812
16.23501
14.35479
19.09596
20.92359
14.52208
14.36988
10.79545
12.12148
14.35308
7.648159
18.32549
17.49561
7.614045
19.14212
20.8237
14.22603
16.22948
10.0044
14.94092
9.595525
14.93455
14.74553
15.13328
14.69904
19.37471
12.85355
18.14955
14.94869
12.13289
15.64998
15.46517
19.57484
12.29969
11.21712
18.35169
14.88534
27.09629
13.98411
19.9132
18.27446
13.66675
14.97529
17.58207
23.518
11.67234
18.61115
9.269574
15.39157
19.13885
11.35344
17.97311
26.38245
9.502722
15.14894
14.37087
9.88249
19.51158
16.15583
14.19057
22.56659
10.10847
20.90659
11.12006
13.02478
2.933429
15.08676
10.07992
13.02246
13.88881
17.49008
20.1311
14.57329
8.477664
21.30698
12.33913
18.88219
26.4262
15.42368
18.84346
11.96502
23.08569
21.29046
21.15266
15.39946
18.45378
20.02822
13.41857
23.92349
19.88038
18.40435
21.60924
14.69195
8.935049
22.23504
22.1447
13.55197
21.01138
18.35279
19.86349
10.78354
19.87218
13.15922
29.65698
21.8258
23.1696
16.87273
22.55239
20.26032
21.16686
15.53892
24.79694
19.49478
23.04987
28.51755
21.33167
26.79591
17.1675
22.17164
26.86004
12.43908
12.81084
20.78374
13.66652
26.46341
18.28788
21.52467
23.04932
24.55255
16.68094
21.67918
22.40757
12.80085
21.64343
16.50063
27.88617
14.40439
19.71168
27.20272
22.99293
24.60343
12.19704
21.40418
14.42711
22.50424
17.93639
17.62462
15.02767
10.90189
18.82721
14.27303
22.54095
16.13476
20.42124
28.34471
24.30347
11.26311
15.80577
16.55667
23.96806
20.66257
21.55582
25.72821
13.0648
17.96655
9.620906
19.93396
19.55908
12.66862
17.82455
20.80328
27.82786
20.43571
25.39183
12.08909
11.75645
21.1998
16.88344
15.01218
17.99694
9.131653
16.79768
19.6103
26.04898
20.81903
23.76524
21.54298
25.79635
9.803385
22.46674
22.44287
13.90361
24.53609
23.06602
19.59918
15.88584
15.45441
18.98204
12.80379
27.68717
17.73518
17.16661
17.35697
19.00873
16.35133
21.36483
19.29949
21.25556
18.59261
14.21589
17.54659
23.68679
11.30379
24.8176
19.22902
19.79215
25.79341
25.49551
27.59269
18.84452
16.89071
17.11266
20.58308
21.7011
24.10846
17.88458
16.12645
29.30514
23.18326
21.31349
23.80808
17.52522
23.66909
13.86352
15.09661
19.13333
20.70993
23.91193
26.70236
21.48319
10.83984
21.68758
23.2446
21.12088
17.09169
21.78054
19.56021
14.8529
19.15887
20.76888
17.70685
11.24765
17.91517
14.136
23.51968
19.53239
25.27995
20.18424
20.44067
22.9385
18.82746
21.19588
20.76644
16.75598
16.54583
24.07391
14.55103
17.4942
12.54415
12.63856
22.47096
16.28413
14.55068
15.99115
22.42238
22.87141
16.55626
21.98897
19.79662
23.79461
22.65071
16.4209
25.98476
13.88921
23.78481
26.7302
19.71881
23.71143
17.42837
29.25061
24.81647
31.68078
20.15031
15.78045
29.57472
31.84634
19.19139
25.41057
25.06731
23.78003
21.66215
25.17707
28.70409
17.71907
22.03379
26.47268
31.03456
25.02794
28.22144
25.79154
27.75973
26.97922
20.94124
24.39161
28.56103
16.67762
28.48341
23.78972
28.97531
16.29357
27.33678
23.356
28.20116
21.88229
24.67438
29.95707
28.2201
22.06854
26.44483
19.71414
16.28896
18.9074
30.27536
26.80515
26.00445
21.35287
34.91525
20.78047
21.89633
24.75098
20.54407
26.72096
17.53965
21.42305
28.51387
25.05613
25.52145
25.49464
19.45904
25.43602
24.4056
26.06522
21.78198
20.42419
31.67895
23.36932
28.10442
27.70551
24.59048
15.91164
20.16446
20.70667
22.53091
24.20448
19.30926
22.2925
25.74456
25.22268
15.74796
25.09077
22.46463
23.27612
19.16853
24.39052
27.59949
26.33611
28.11375
24.65588
23.32583
26.02177
25.95927
21.70745
25.96838
26.25693
28.28704
25.8019
32.86899
21.28114
31.66557
25.59319
25.03442
34.13739
26.31339
23.34887
30.7738
22.39545
23.91333
22.71637
30.7928
19.08669
21.83947
31.91897
20.56368
27.47993
32.4289
20.1253
26.53844
20.74688
23.451
20.36336
27.36365
26.22314
27.68331
18.77367
30.48607
25.26192
25.69035
28.38337
26.42451
25.19272
25.15754
29.87219
24.96817
25.16624
31.08513
33.00117
20.74269
28.9532
25.80851
25.34413
28.13709
37.48653
23.9186
20.26137
27.7715
26.02905
28.80007
23.18878
30.44672
25.04542
34.64911
25.22132
24.22556
21.00113
28.8328
23.85586
30.98991
21.94382
30.80946
26.08145
27.36293
33.86778
26.45757
28.15714
27.8276
29.65449
33.8775
30.22236
34.3218
35.58604
23.77138
18.11459
24.2916
27.16626
28.04548
28.63908
32.01515
26.27159
39.1503
24.29959
39.95403
14.86988
22.19093
23.07777
30.99435
32.15027
26.70342
23.41196
33.7015
22.96283
19.52961
23.54054
21.43953
37.52272
25.91026
26.14531
34.87263
24.6217
24.83756
19.9261
31.61261
23.98964
28.57166
28.76753
30.24292
33.37884
26.97163
25.76544
32.55493
32.43202
32.22201
32.62421
22.44099
23.64034
20.90835
23.4826
35.408
32.16221
27.69163
24.23516
25.15052
31.15907
26.60367
30.81622
28.85329
24.93424
31.98256
29.64441
25.98755
36.81205
28.93052
25.05498
32.17897
29.1413
23.11147
34.0942
30.63923
26.4615
31.75037
31.52027
27.02991
31.42576
27.17196
26.87489
34.55467
27.52047
20.43459
33.68466
34.01044
35.7303
24.23069
24.27621
32.84244
32.84952
26.10376
24.31482
24.95405
31.30149
33.23329
23.97623
31.77894
23.89953
31.06284
29.73124
28.16457
18.61921
24.83139
22.96991
34.95524
24.75763
27.05042
25.25535
28.79933
28.19169
25.05234
23.45672
33.59388
28.70474
33.26448
31.14201
19.97266
33.36005
32.97151
28.43035
20.27557
18.0548
27.55348
23.98512
24.92577
37.02096
31.49825
30.46967
23.74081
30.2157
31.85668
28.02473
34.49165
33.53594
23.76061
34.11731
34.1614
34.24348
31.28696
29.27178
28.52887
34.67027
36.51943
30.54125
27.8479
38.42832
39.48387
31.31797
30.93718
33.98363
33.05508
36.1851
35.17066
34.04842
40.81316
28.98161
34.83055
35.37996
25.16399
39.29408
43.57418
25.30775
34.35352
27.2769
31.55392
33.08385
34.37344
37.71162
26.15508
39.01638
24.72675
36.35348
40.99826
29.16612
34.73035
32.21785
34.78354
37.90213
31.39053
30.76753
24.20885
29.30916
34.83786
32.25962
31.0564
32.32357
38.03748
30.36199
31.3076
36.42271
24.02703
36.28566
39.5825
27.73321
34.56297
33.64449
39.68853
32.14406
30.12989
30.6543
39.83906
31.65085
27.80324
34.54297
38.04656
34.00351
32.29577
35.31558
35.51092
38.18591
29.72966
37.94045
25.12103
39.92011
31.71239
31.1844
29.34524
27.03181
32.97163
35.90777
42.29092
27.71617
31.95427
31.93265
38.62499
30.56525
36.69796
34.71564
