7.071214
-1.245168
7.203055
3.914454
0.9708573
1.844509
0.5307561
3.283941
6.148817
4.177936
-0.8976585
0.1892898
0.3556517
-0.6804583
-2.678811
1.594068
3.464007
3.451951
10.89503
-2.191624
2.302946
9.017592
0.8601977
3.553945
12.37495
4.813058
1.956631
5.367834
-0.3006756
3.947658
-1.562556
8.707486
-0.6072652
9.98551
5.080038
-2.770111
2.653836
6.369799
1.873064
1.546861
4.298027
1.839594
12.66032
-3.940656
6.049763
3.981359
5.397107
6.869058
1.869683
1.582404
8.349176
2.287922
5.185966
5.757585
2.852865
-4.732574
-6.263738
-12.63263
-9.237715
-7.775397
-4.313728
-4.62812
-8.503483
-9.203533
-8.94712
-10.44291
-9.431943
-3.415411
-2.748236
2.016293
-5.639295
-7.606125
-8.366876
-3.227181
-9.321308
-12.37703
-13.23558
-12.42223
-5.165684
-7.276107
-2.21647
-8.20587
-2.381544
-1.161926
-1.233933
-6.062951
-7.898063
-5.731853
-8.740695
-4.782349
-5.673826
-11.77735
-1.314535
-1.620727
-10.07681
-11.71696
-5.671358
-4.432457
-5.841175
3.88835
-6.63019
-8.121831
-2.981595
-3.397448
-6.840758
-5.673827
-4.561211
-5.331096
-9.476892
-3.851483
-5.817248
-11.56595
-7.66273
-11.06761
-13.42449
-10.93833
-10.4872
-9.839568
-6.280039
-10.37268
-8.768611
-5.669635
-5.123652
-2.45835
-7.332247
-9.420481
-7.125034
-11.24007
-3.855098
-5.076177
-1.764203
-5.473205
-9.98802
-12.75402
-7.327524
-5.274392
-6.144431
-8.522527
-0.66366
-5.458021
-3.237821
-7.42261
-12.86971
-6.702181
-10.6515
-10.23307
-2.187897
-4.552706
-13.92159
-12.07091
-0.8861304
-8.824575
-6.683714
0.4662221
-13.32073
-7.839335
4.321855
-0.8473209
-2.544185
-4.933819
-3.612641
-4.371367
-8.174239
-8.123998
-2.146431
-3.538711
-5.768939
-3.052867
-9.623181
-5.15494
-4.440107
-11.00365
-6.006029
-0.7992617
-3.026429
-9.541102
-1.788336
0.9842387
-9.479766
-2.178165
-3.556908
-8.192555
-8.457217
0.5715069
-9.744078
-7.405083
-9.886201
-3.233353
-1.054733
-3.002412
-14.08617
-8.114953
-11.70795
-6.989902
-1.768242
-4.065995
-6.697007
-5.891136
-8.424127
0.2739988
-10.07536
-11.31846
-0.8628921
-6.730294
-11.41823
-4.273906
-4.008453
-2.976216
-1.928587
-5.721464
-2.823131
0.5935769
-5.684983
-9.630346
-7.830831
-4.584584
-1.452701
-11.73428
-10.16733
-3.57071
-6.44084
-4.655801
-3.529032
-2.355144
-9.670851
-3.168069
-4.73241
-6.665178
-11.88072
-3.532228
-10.29447
-4.080446
-5.202744
-9.625892
-3.462953
-8.831774
-5.217769
-4.792813
0.6878217
-9.244924
3.127866
-7.895266
-0.9765618
-3.526609
-6.662447
-2.519531
-4.288712
-4.592981
-0.244199
-11.2248
-8.483132
-7.805394
-2.65054
0.402683
-9.487055
1.663945
-5.331684
3.100684
-1.615546
-3.595908
0.3009851
-6.179156
-2.923257
-8.556989
-7.504918
-7.711324
-7.406655
-0.2907095
-1.661345
1.466486
-4.282011
2.07839
0.9726181
-0.4614541
-5.620692
-5.092927
-5.70473
-6.279683
-8.975488
-5.707233
3.387771
-3.676165
-2.376664
-6.152091
-1.531427
-5.21563
-0.8304559
-8.48158
-12.62807
-0.5253537
-13.81785
-8.830259
-8.653342
-11.46284
-5.861916
-5.147815
-9.115029
0.5567445
-6.945648
-3.629464
-0.3605177
-2.911576
-3.586955
-5.172393
-2.481159
-6.554597
-1.945785
-4.900764
-2.108759
-0.7325015
-7.896236
-4.072124
-6.022002
-7.128267
-5.92969
-5.973967
-11.63702
-0.5816943
-4.863098
-6.866095
-3.116118
3.749821
-11.66634
-6.287083
-7.007119
-6.743207
-10.19603
-5.001087
1.124505
-3.190601
-3.037899
-7.784269
-4.301921
2.126592
-0.3546105
-1.539494
-1.712519
-10.16201
-1.864332
0.2088337
-0.2025233
-5.822474
6.218733
-4.251388
-2.326353
-1.120666
-4.903917
-1.756074
-5.519686
-1.612823
-9.051264
-3.574159
-3.619132
-2.202129
1.737401
-0.8241124
-3.236997
-5.971804
-2.427958
-4.258785
2.367864
0.5840266
-2.240514
-0.5643139
2.51343
-0.8901903
-1.232303
-1.399425
-2.465639
0.5319521
-2.12675
-4.512515
-0.6029087
-4.059794
-2.770244
-4.766675
0.469131
-2.717531
-0.9524129
-2.078578
2.103533
-3.558965
-2.845632
-11.17926
0.0106682
-1.3078
-3.810683
4.968911
3.081585
0.0487362
-2.356245
-6.775702
3.896704
-3.923078
-2.487176
-2.962654
-2.771789
-2.337417
2.769791
-5.366348
-3.370704
-3.983088
-4.962421
-1.078461
-0.8608923
1.949527
-2.672366
-4.069876
0.7666997
-2.227003
3.288348
-6.190736
1.708806
-1.946791
-1.663766
-2.328891
-0.4729162
2.310131
-0.7939555
-0.405551
-5.200285
-5.671007
0.9967263
-7.0986
7.342522
3.651281
-7.066772
-1.795817
-3.151172
-3.536852
3.462342
-6.802295
-4.291953
6.112637
-5.547918
3.509211
-7.349082
-6.068139
-9.819431
-0.1686679
-5.735942
1.194798
-6.227735
0.9350168
3.665861
-4.088415
-3.440102
1.967812
-2.591548
-2.623147
1.400697
-1.476303
0.7681771
-5.932721
1.3042
-1.219568
-5.873022
-2.124771
-1.246787
2.954801
-2.00818
0.3879859
-1.184705
-0.3116381
-2.473507
-0.7154599
-6.56729
4.058667
-0.1319171
-3.574585
-1.157902
3.870175
1.870118
-5.302151
-1.90039
-2.122574
7.119567
-1.038257
3.239007
-1.241038
2.969849
-0.1868952
0.0783647
-0.8817365
3.132905
-0.9875823
-0.5519255
7.340769
-2.660001
8.737365
-0.5669351
4.185915
4.207766
-6.369316
-2.39052
-1.21495
-7.274602
1.160728
-0.4798647
3.881887
1.356375
-0.7648773
-1.471035
-0.1774227
2.2765
-4.049151
0.8223041
-2.774754
6.836478
-3.731832
-1.207619
7.024976
-0.8982831
3.627663
-7.875495
0.5638857
-1.301869
1.54199
-1.318737
2.419173
-2.314949
-8.423929
2.9128
-3.043632
0.7463553
-2.30189
5.281467
6.865156
2.938964
-7.616825
0.6346739
0.3246855
-1.248558
0.9419682
-3.595409
4.562018
-3.635198
-3.247319
-5.755342
-1.493283
0.8048341
-2.601864
-0.1266023
-2.663469
2.352567
-2.536244
1.788977
-3.223474
-2.264814
-0.1897718
0.9400041
-2.482773
-0.8292625
-5.565838
-1.487577
-0.8821433
5.518364
1.820012
-2.160435
3.66625
4.210375
-8.45584
-1.22785
-0.1910516
-4.641168
0.8996585
-1.124159
0.8562738
-1.564737
-0.7826286
-2.879838
-6.776379
4.065898
-1.365276
-3.44775
-4.386261
0.5082482
0.974355
-0.9650423
0.6193734
-2.545486
-0.7282625
-2.375273
-0.6165816
0.01123612
-3.889949
0.06087497
2.789938
3.01363
3.268699
5.338199
4.589914
4.78799
-0.5407651
-0.9497697
-4.626528
3.385526
0.9210754
-2.860523
1.631913
9.510851
-4.015276
-1.103869
4.679974
0.03416136
2.47834
-3.374426
-5.722047
-1.647996
1.228802
-1.021751
2.808931
-0.2461577
-2.159735
1.419238
1.456792
3.326905
-0.4513013
1.150009
-2.169086
-2.026118
0.7998251
-1.60894
-0.9685819
-3.503379
-0.3139499
-2.1488
0.104464
-3.079341
7.811328
1.086483
2.017492
0.5348414
-2.188986
4.633161
0.05463677
-3.326087
-4.02885
5.861701
0.07612364
2.401293
-3.948455
-4.13681
4.263865
-0.5845296
-3.141316
-2.375558
2.465325
4.864736
-1.751596
2.352185
-1.815007
4.946658
-1.055794
5.108363
4.935294
0.04643299
3.957116
4.60577
1.609597
-2.192686
-2.769729
5.969139
2.966184
5.576655
-3.800889
-2.393806
6.992075
10.83032
3.221028
5.002397
4.23732
0.8830956
0.2808188
6.420939
7.317594
-1.162544
2.868313
6.601083
5.269231
4.290015
5.684654
5.760895
2.739462
0.01134422
3.003045
8.559753
2.921025
-2.298898
10.00201
3.812434
2.975001
-2.698022
0.9245282
1.372828
9.878753
7.672723
2.097241
4.23171
6.948915
3.68812
-2.010094
6.026898
-4.786214
1.608141
7.676635
0.6387482
-1.86184
3.364683
7.151714
1.464747
4.155232
1.23962
0.6675591
3.844888
-2.981526
2.526017
4.980912
3.335378
3.548691
6.901421
2.216578
4.309707
2.441885
9.426919
3.478123
3.190278
11.94182
1.344535
3.62129
1.903068
4.628248
1.897085
-0.9871124
3.148189
1.680115
2.822025
1.39106
5.908698
-0.2130271
3.957536
-1.785269
5.67364
-2.654225
4.064964
-0.235156
3.522019
5.789466
8.020279
5.315825
6.531967
4.579545
6.374245
3.286557
1.034272
2.075742
7.817115
6.960228
4.600151
7.824192
3.787092
7.640013
6.090628
0.8206489
7.433672
1.630994
6.850687
7.931408
3.075866
2.462552
2.06293
9.921494
2.720454
1.262249
6.827798
4.86434
3.561925
7.783722
3.071443
7.709397
-0.8131348
6.451147
1.235208
4.11101
8.200925
3.201029
1.254584
5.883662
3.310826
2.85167
8.651264
3.567134
6.302038
0.4722292
6.028544
4.589665
0.972189
4.88145
5.379381
1.188612
3.684431
8.305965
5.496772
-0.3987193
12.01078
1.242333
-0.6883674
4.821426
3.48683
5.637395
-1.888344
6.56292
6.46119
9.154246
5.082327
-0.05593442
-1.719281
7.862427
0.7817741
11.08537
-2.539071
5.806587
2.725394
0.7847603
9.036452
2.031827
6.360246
4.629463
6.470789
6.130882
6.527314
9.356703
11.75689
3.858648
-0.3456789
-1.703134
5.743986
2.754407
4.446188
7.17379
1.780605
7.920532
-0.1019305
6.47433
-0.1833895
2.955751
-1.543907
6.608088
9.436453
2.134337
7.340736
4.651571
3.082798
-0.1559252
3.495544
4.402526
7.779593
1.687988
3.783894
10.41744
4.521119
-0.7395889
5.252681
6.650747
4.847092
4.156335
2.418718
5.875729
9.440491
5.341822
4.448175
8.905083
9.728268
8.342522
8.678862
3.42228
5.727974
1.871416
-0.1094385
6.540429
6.443923
3.083571
4.631468
5.66556
8.875582
4.172598
8.261564
0.6787312
6.104236
10.73315
3.501556
1.432278
12.36996
4.731844
7.225013
6.824873
6.309232
1.133302
6.89352
6.976087
-0.3769709
8.16154
6.719453
2.805085
6.779985
6.874308
6.127612
8.633736
3.904281
1.306629
9.797558
10.70172
10.40587
0.8390878
-0.5418684
8.364503
7.671236
4.115669
4.166971
3.291619
5.390395
4.397591
1.487701
7.267792
5.347776
6.63971
8.351733
7.314306
-2.55567
4.343211
0.9548402
13.98412
6.395386
9.951729
6.605281
1.919284
7.502551
7.660328
3.061053
10.60626
7.774717
6.858843
4.613101
2.121791
13.42397
3.34922
8.076178
3.318459
0.4016433
5.286121
1.453234
3.554494
9.835508
7.575431
10.51365
5.119496
6.999018
6.25945
4.111998
12.85358
7.842362
0.5924589
10.76164
10.55428
11.01489
8.544131
4.306339
1.998513
4.51251
9.130847
5.989745
7.15712
13.94297
15.19906
7.797333
5.399171
6.363138
5.640611
11.12727
9.556103
6.193487
15.03248
4.690384
11.37845
8.761488
4.672361
11.79586
17.30314
6.572575
6.186854
1.701601
6.127021
9.267108
12.29698
11.49134
5.597677
11.26879
-0.2103274
8.24403
9.66032
5.245483
8.993942
6.432046
8.588378
12.15673
8.16663
9.324574
6.924054
7.238417
9.459069
10.18196
5.776254
7.827982
11.58763
5.317013
10.3627
10.78086
0.9893892
11.29845
10.67636
3.703923
12.48182
10.08178
14.25092
10.24836
2.381216
8.987967
15.68513
9.621463
6.826331
11.05794
7.859677
10.63852
2.328067
9.256155
8.785595
11.34645
6.984444
11.52634
0.05971045
11.29377
6.891911
8.072076
3.947021
3.71633
9.234113
8.076194
9.561019
2.863966
8.806788
3.646851
8.457761
2.3883
8.806274
7.629984
