13.11412
10.70791
17.62978
13.87159
18.34605
23.57818
30.54843
21.9352
16.97244
7.669469
12.486
1.661916
19.37302
18.68334
2.037105
10.18268
13.39052
27.02512
21.95529
13.67318
14.55606
16.80363
15.70498
17.5679
11.78816
28.32176
20.17651
15.70226
8.297364
23.37274
13.55583
23.59219
14.33501
29.98705
15.6465
8.989279
8.108679
21.30443
19.30009
7.670959
23.42905
9.073296
34.02496
6.070289
18.81502
17.12564
20.93487
16.50812
19.99137
20.11378
31.03543
17.9527
23.61231
15.42974
16.74704
19.12501
-1.524715
11.38351
2.414959
-1.550285
14.04039
11.68584
-5.751318
2.489496
13.71583
9.854174
8.643427
22.06176
9.858611
14.29039
4.635747
7.988513
-0.6238299
16.9138
10.92204
-0.9324295
10.02919
1.040304
1.436646
5.53274
15.12119
8.827502
8.575655
19.01632
6.814376
4.480625
-6.036973
1.893852
4.087254
8.016391
13.32242
13.74833
4.851545
2.013783
0.3131691
-0.4450562
-3.336419
11.45244
13.30636
22.25775
1.329236
4.964547
14.09669
12.3627
6.499154
3.347369
13.53606
14.1608
14.91745
17.89918
8.612834
-8.852694
12.83938
-0.2003336
-1.943335
1.346803
2.599736
3.140404
1.586045
15.66423
9.137128
6.812377
13.82575
-9.513239
6.198978
11.85458
11.3848
11.64681
0.229995
9.196044
20.43236
23.81181
2.417805
-3.279461
-0.3206269
13.13527
13.23293
5.940757
25.41607
8.965543
16.52017
9.252172
-2.39167
1.906773
7.829273
5.089351
23.07423
1.155695
-6.252143
4.752566
11.88284
9.967943
11.07938
15.83558
0.6289839
6.963685
15.7104
11.03453
12.06112
15.83824
12.16647
11.37096
6.86938
3.432327
12.18749
13.84161
20.20664
24.37496
-0.1150777
17.69292
10.15617
7.935387
7.9151
14.34676
10.71874
7.26076
12.43357
1.857054
6.871529
9.869288
3.788131
15.84642
14.98017
12.62433
16.61734
9.951806
-2.45428
11.53219
2.640886
4.495554
9.357853
2.573946
4.96219
11.86616
9.116747
9.900955
7.6259
14.37941
14.30366
27.22975
-1.545487
3.774392
14.39079
-2.298428
4.772197
17.92921
4.520683
4.216594
1.747533
8.411998
13.34877
13.66028
3.936958
11.49628
9.23512
3.131457
12.29309
-2.866686
1.573544
10.92645
8.522991
8.286707
16.82973
17.20768
6.269728
5.490715
17.18399
12.53921
2.482778
8.824315
10.06412
3.507068
9.272617
11.37068
5.370019
23.53652
12.14885
13.98003
18.64599
-6.109067
13.62933
14.03033
11.98205
7.129214
8.370147
22.87064
22.24437
14.20095
6.202685
-1.284786
5.024985
9.370851
0.8990809
20.49874
5.044579
10.63374
6.635296
11.28945
21.1033
16.88762
18.75942
11.1317
1.346769
16.48303
14.63759
7.360228
0.4598084
17.09754
6.162225
14.76231
12.50337
17.87805
15.68015
11.42932
8.347937
26.63618
12.01333
7.724719
9.962818
15.17291
18.61589
15.94903
17.80911
18.72971
12.35617
7.451938
26.15105
17.98183
7.435091
10.20558
4.161567
10.85615
5.775851
7.958172
8.602389
8.433862
13.19646
18.96877
15.82783
16.06788
19.74591
15.8173
3.762984
10.49676
11.69988
17.14134
14.87542
10.959
6.025066
16.68726
13.91072
1.087402
20.68643
3.895768
3.304278
17.64721
0.2367356
6.065917
4.561985
13.70862
8.026563
18.73942
6.917584
21.18992
3.408965
-1.071875
11.25748
11.31904
30.76888
24.04309
19.26636
0.9674312
19.66336
18.16734
15.35607
24.93471
23.60842
2.463256
10.08609
17.39674
21.0408
8.405449
17.92343
2.339532
13.15761
13.17215
14.98844
15.92214
23.15663
21.65308
17.39596
14.96918
32.73288
14.04985
25.69848
21.12519
12.24735
5.899944
16.45728
15.25049
18.45128
20.15385
15.91777
17.25677
19.18745
22.56821
24.65351
11.06136
20.22559
13.62726
19.24529
-2.620648
7.236363
5.573276
22.36427
14.44482
16.0277
14.82196
19.62092
9.816669
19.0384
6.296205
11.13831
5.292582
21.84796
15.56565
3.203549
16.59756
24.49785
5.412462
11.38208
4.347331
20.7519
18.24132
20.72862
11.34047
16.28772
11.97976
22.86674
10.93642
15.54201
10.68352
10.50032
11.32985
3.425196
27.65189
11.45679
9.163703
14.8606
9.660905
32.47633
10.13751
21.87163
21.39687
13.5229
11.45174
16.45195
36.46073
10.922
18.95264
16.73503
15.57448
19.32384
7.935977
17.58376
30.19881
5.866992
14.26166
6.825195
9.383372
18.50808
6.840947
10.37077
21.31744
10.16388
17.64617
10.30018
26.05692
2.518141
14.1964
4.734192
18.69283
23.87848
19.78267
17.74424
16.07931
3.944257
20.31889
4.031267
11.81986
23.55097
15.92997
16.61078
9.995451
30.84417
18.46064
30.38807
16.7225
20.01444
19.69606
6.571953
30.26344
23.22757
18.24081
16.24525
2.578316
6.096925
21.02559
22.37514
13.88053
10.53606
17.21656
26.01801
16.14509
21.51173
16.0265
25.96597
26.49947
31.03873
15.07734
22.46343
24.28594
19.88939
15.74698
22.41566
12.46207
24.44718
28.80629
19.74767
26.67189
23.03218
22.66319
19.91372
14.09465
15.24041
23.09324
20.5444
24.21192
14.18898
23.41073
15.36254
29.28549
22.19923
15.64794
18.59169
8.424883
19.90997
16.8879
30.80363
10.35802
17.84668
21.12652
23.83556
19.61255
9.517953
20.22389
13.83541
20.5698
20.95834
13.71228
15.43012
9.740475
20.33195
18.10253
9.004467
17.63655
18.16117
31.54423
20.24277
8.242428
10.21153
21.07719
20.61682
15.21566
24.1393
29.99081
11.32493
17.5148
0.895256
26.63861
21.27105
9.557462
16.89812
19.26831
32.56794
18.03052
26.48599
11.91457
11.64854
17.56041
25.07763
11.7066
12.81401
-0.5621821
13.59467
15.07214
20.08064
20.01208
19.55618
22.664
22.13315
13.32821
23.9409
15.92366
7.587809
22.11859
18.73228
21.59027
13.94024
19.39661
14.94941
13.98589
28.06454
10.66351
16.80277
20.7556
10.50223
6.671758
15.02149
14.62062
28.15864
17.72495
21.33185
22.80945
27.02107
17.98313
24.76521
22.44263
19.18995
19.39376
23.05868
29.70295
12.82793
14.71165
14.35889
16.31297
17.69288
24.81658
19.86043
19.78227
29.7877
26.49911
20.73903
27.87475
22.0265
22.16422
12.12591
9.052402
21.41829
18.06004
23.66282
33.18743
19.14613
5.749956
23.37723
30.04343
23.46572
14.6115
25.08629
15.12088
22.8367
8.215019
19.31513
5.025264
-0.4227992
22.20689
10.79614
28.41982
20.40408
26.77939
16.58085
23.58799
30.66052
29.09221
20.19835
11.10645
5.673856
10.66087
22.47274
11.63392
15.46219
14.05015
15.53923
21.4735
12.42553
14.11111
12.36494
17.7212
25.52155
25.78903
23.71541
24.6696
23.0062
27.99882
26.21929
24.40101
17.37668
30.88402
22.53303
24.09349
26.28551
21.47019
26.07248
24.05236
38.24235
18.84842
22.75293
29.65665
40.87372
16.86361
29.85685
22.90653
30.67011
28.82642
19.6217
22.87446
13.74651
30.95182
26.81031
39.92776
23.89399
33.81924
25.12482
26.15332
29.05208
27.51274
23.31115
35.86071
13.48209
27.20765
23.2998
30.7876
7.31916
27.70524
20.88897
39.43694
19.6878
31.09792
32.69051
34.3044
17.63872
17.83681
19.13677
18.56819
13.06381
32.62997
33.76011
26.4145
18.43948
32.45593
19.51059
20.04258
35.70731
27.97598
28.01511
14.92198
20.97509
19.20477
20.92232
21.90084
20.13731
13.53856
28.05012
15.25562
32.57711
20.51458
26.06616
30.98746
17.9005
33.59855
39.81379
23.60059
25.52618
12.55739
20.53791
16.52515
27.15527
24.32204
20.15061
30.96373
18.33266
22.26235
20.69528
22.51969
30.90845
14.85077
26.04343
20.25047
20.15952
32.46931
23.06853
22.64466
33.06176
25.94237
20.93372
26.4303
38.96477
26.73601
21.11134
24.00236
10.65869
37.75012
24.90105
20.20965
30.33365
25.84171
16.64139
38.26792
18.32317
23.65515
25.99022
21.64431
20.47184
17.0171
35.87933
10.19221
39.21636
29.32563
21.26867
16.48648
16.77284
18.51735
25.94913
27.41937
24.12857
31.59357
22.69714
39.90983
18.82864
19.79795
26.9539
22.28613
22.11657
26.15145
29.69222
29.48866
25.00081
28.19725
33.87408
9.023859
32.65259
18.84781
31.41747
43.70483
41.92921
23.14129
20.53433
39.60497
26.07299
22.0343
22.58417
21.05999
20.25143
32.82457
24.12883
17.00443
14.57162
30.72769
27.42653
31.08302
21.70717
38.5406
32.65785
30.39301
37.13615
29.21363
24.19431
25.68353
29.14339
35.72815
35.12243
22.09447
37.18841
19.16749
9.914021
18.62254
28.3129
30.59595
30.77306
36.24118
25.0107
44.88412
23.1758
45.91433
17.75385
18.52824
17.75754
30.80437
46.24326
25.9599
21.33837
38.81835
13.79086
24.65671
24.22733
23.77119
30.48126
16.61333
24.94202
28.14586
20.7877
25.68723
15.42231
37.89858
24.26437
37.15067
27.62335
19.34643
38.86477
27.15435
32.06405
25.57787
24.4016
30.8704
32.52965
21.87679
28.69642
11.94635
23.87697
43.31743
34.60902
16.2543
27.99577
31.47638
20.1435
19.17978
36.06732
30.93175
21.89085
28.65255
27.35869
24.98267
39.17314
36.31631
19.42752
28.72746
29.93084
19.94553
38.86912
41.30803
26.23584
35.19318
32.64733
30.3769
25.60974
24.29436
31.80623
40.88228
16.16682
29.36779
35.41255
34.04037
42.37341
20.41557
20.93094
22.10099
32.99099
26.50833
22.0346
16.50056
31.28423
35.15729
20.33673
31.65815
16.54148
35.07517
25.75969
21.59853
13.95132
25.39491
17.19687
31.45168
25.47701
29.05945
21.60472
29.56534
30.63949
34.68753
23.76089
35.43606
32.27043
27.88852
37.73692
13.86544
33.39255
33.75057
30.93567
21.96999
21.81089
12.68638
17.93658
22.89673
36.17656
34.17944
29.63437
20.66689
33.37833
42.92768
30.20468
35.08201
33.95401
24.48615
41.63879
30.90709
31.97318
36.00447
33.65663
24.04713
31.63344
41.61483
42.90146
28.91285
37.56048
42.10016
33.78337
31.93372
37.63548
29.94217
42.3993
33.17361
39.32068
39.54267
28.88045
35.24789
34.9619
19.88491
43.61903
49.88226
24.39461
36.20986
25.47155
30.78141
31.13029
29.11168
35.18318
33.76497
40.98837
24.32745
33.92629
44.00893
30.55343
36.51495
28.30339
41.98244
36.35107
35.49685
31.3175
29.842
26.71906
32.562
37.87076
45.95881
34.73643
29.99911
30.11834
37.6738
31.89626
14.26665
33.18597
39.08841
29.48633
36.18697
39.10298
30.72548
40.10301
37.37789
34.48853
46.40166
26.08371
26.44241
33.07908
25.8065
36.257
29.72031
36.00058
39.47843
42.46854
30.19766
35.03145
17.05718
42.18788
38.04826
32.61612
36.01059
25.08262
30.37577
35.81075
42.96145
23.94179
34.42567
29.70911
36.65765
23.22943
35.47765
32.69748
