7.517554
-0.7641100000000005
5.136890000000001
8.212115
2.7463700000000024
10.08246
16.66057
9.254029999999998
3.1113399999999984
-3.6004510000000005
-1.6974799999999988
-12.777384
4.48865
1.9111800000000017
-8.728254999999999
1.2379149999999992
0.8597200000000011
8.482390000000002
10.516200000000001
-2.7957400000000003
-2.3167600000000004
0.8615999999999975
1.9144400000000008
-1.7588799999999978
-3.9671000000000003
16.18788
2.340130000000002
0.21774000000000093
-6.710585999999999
7.21856
1.2345699999999997
11.09639
-0.9032
16.16171
5.846238
-5.182891
-3.1294310000000003
8.30232
7.867900000000001
-8.429411000000002
5.586320000000001
-6.443044
22.47109
-10.741731000000001
5.459060000000001
1.7063800000000011
8.08396
3.1893800000000017
3.294999999999998
-0.2286500000000018
12.80827
2.335699999999999
5.798570000000002
0.8409399999999998
2.5843799999999977
2.3633300000000013
-16.488475
-3.88983
-5.471117
-13.566345
0.3507200000000008
1.2087200000000013
-23.828638
-14.954574000000001
0.1030899999999999
-6.472936000000001
-4.5094829999999995
5.616620000000001
-6.641249000000002
-0.4618299999999991
-16.545163000000002
-5.710067
-10.1325719
3.090399999999999
-8.23522
-14.0443895
-5.791449999999999
-15.828106000000002
-9.943404000000001
-10.0499
-0.7638499999999997
-2.340107999999999
-0.5754099999999998
10.600311
-1.7800839999999996
-9.554795
-17.671003
-16.644558
-8.077146
-8.885398999999998
-0.8342500000000008
-6.175879999999999
-5.715465
-7.416435999999999
-12.8440109
-25.0126762
-12.873372
-2.8952500000000008
-4.41314
4.259
-10.347764
-9.105053
-2.58863
-1.94712
-7.291486
-14.393000999999998
-2.6545900000000007
1.10994
-0.4479199999999999
0.7959899999999998
-6.457946
-21.428863999999997
-0.02582999999999913
-16.2552936
-15.034505
-18.049387
-12.036514
-15.375096
-6.9127030000000005
-1.3757400000000004
-4.815332
-4.2884530000000005
3.7460699999999996
-13.018180000000001
-8.491042
-8.304499999999999
-6.370600000000001
-4.374920000000001
-9.103985999999999
-3.859876
4.070069999999998
8.865120000000001
-10.386105
-19.668041000000002
-12.9882969
-4.265489999999998
0.3261099999999999
-2.756537
9.91492
-1.8966469999999997
6.4534400000000005
-3.5132980000000007
-14.2544
-9.109517
-4.417057000000001
-9.299909
5.5661200000000015
-7.734991000000001
-17.946203
-10.749214
-2.874410000000001
-1.458997
-10.27103
-2.047180000000001
-15.3573561
-14.042155
2.2289499999999993
-1.8905700000000003
-4.655199999999999
1.2542600000000004
-1.8882899999999996
-1.922089999999999
-2.972183000000001
-8.912513
-6.939049999999998
-2.548370000000002
2.595230000000001
8.121220000000001
-17.3097477
-0.8625499999999988
-3.037180000000001
-4.409212999999999
-8.683060000000001
-2.3978800000000007
2.7572210000000004
-5.26742
2.610213999999999
-8.693166
-8.975431
-5.520422
-6.927789000000001
-2.908859999999999
-3.3228300000000015
3.075946
-5.01953
-10.984934
-15.41036
-6.04701
-8.156254
-7.583136
-11.749927000000001
-9.968094
-10.681000000000001
-3.8306699999999996
-6.548983
-0.696415
-7.3682
-0.5274999999999999
-4.054089999999999
6.570999999999998
-18.061577
-12.066657999999999
2.001190000000001
-11.633547
-7.284563
-3.4948799999999984
-12.651957000000001
-9.045546000000002
-11.871286999999999
-5.196482
0.5683199999999999
5.428042
-10.526252
-5.32305
-7.95866
-14.494343
0.8943499999999993
-14.657266
-13.570306
-4.125959999999999
-2.109539
-4.950733
-2.666319999999999
3.5956799999999998
-7.229871999999999
-7.243065
4.694080000000001
-2.29063
-14.407622
-7.184054999999999
-4.695789999999999
-8.742291999999999
-5.749953
-7.05922
-4.140467
4.051020000000001
-8.26688
3.841289999999999
9.169085
-16.302787000000002
-3.6811800000000012
-4.0237300000000005
-4.980560000000002
-5.462796
-7.793203000000002
6.280850000000001
6.46007
-2.1587699999999987
-9.429905000000002
-15.435036
-9.181635
-8.718908999999998
-15.3453891
3.667270000000002
-9.245951000000002
-4.928470000000001
-8.644154
0.3756199999999996
3.917460000000002
-1.587690000000002
-0.32745000000000246
-5.734699999999998
-12.537201
-5.056160000000002
-0.5126800000000014
-4.472162
-12.2808616
-3.2491400000000006
-5.779184999999999
-3.797789999999999
-6.1019000000000005
2.5103300000000015
0.676029999999999
-2.2382599999999986
-10.225843
6.465250000000001
-5.406510000000001
-11.757660999999999
-8.060501999999998
-8.3273
8.38311
-3.44754
-0.626929999999998
-0.2380899999999997
-6.29088
-8.803682
5.197660000000003
3.1836499999999983
-16.925899
-8.882489999999999
-13.027002999999999
-5.3424900000000015
-14.271689000000002
-10.253788
-3.2175510000000003
-6.753108000000001
-2.2036599999999993
-0.2272999999999996
0.1503899999999998
1.852549999999999
-0.8206300000000013
2.6079299999999996
-9.142996
-5.985190000000001
-9.06136
-2.37162
-6.924750000000001
-7.61889
-7.412453999999999
0.6895799999999976
-5.335320000000001
-10.802717999999999
0.6282600000000009
-7.849741999999999
-14.907532
-3.410519999999998
-15.3238144
-8.850062999999999
-9.097735
-4.174780000000002
-6.105647000000001
2.9783599999999986
-6.168526
1.0752300000000012
-3.3448670000000003
-12.358085
-4.742800000000001
-2.68267
10.38626
6.705030000000001
2.005049999999997
-11.2900188
2.0104700000000015
3.954229999999999
2.85759
6.589469999999999
7.085239999999999
-6.925111000000001
-3.92281
1.4943200000000019
3.0321200000000026
-9.974021
3.9988799999999998
-14.183518000000001
-3.8130100000000002
-7.1410800000000005
1.49043
-1.5029699999999995
3.15766
5.1041799999999995
-3.0943900000000006
0.9822699999999998
7.494140000000002
-3.1524500000000018
7.1411799999999985
6.3154
-4.0729299999999995
-13.876896
-1.7015399999999978
-2.8877500000000005
-0.5616799999999991
1.7154199999999982
-4.884709999999998
4.695259999999999
1.678009999999997
7.16689
9.2744
-9.032339999999998
-0.5139099999999992
-2.04598
2.2373499999999993
-10.806158
-7.248277000000001
-9.267724
3.359020000000001
-4.676649999999999
-2.599119999999999
-8.81916
4.146430000000002
-6.6317910000000015
10.346480999999999
-9.384245
-6.060399999999998
-13.534838
3.5331399999999995
-3.2377599999999997
-8.221181
2.4243500000000022
6.755739999999999
-8.764838000000001
-7.203639999999998
-12.432769
9.70769
4.7227200000000025
3.306889999999999
-6.3677199999999985
-1.6173499999999983
-5.056700000000001
6.26182
-7.283479999999999
-5.978240000000001
-8.24826
-6.594990000000001
-5.398589999999999
-12.900874000000002
10.026570000000003
-3.515270000000001
-6.123297000000001
-2.7243900000000014
-7.451435
8.668389999999999
-10.037339999999999
3.6672399999999996
1.1756199999999986
-1.80762
-5.85244
-1.60304
15.252869999999998
-1.5442999999999998
-0.06406000000000134
2.2651699999999977
-5.488100000000001
1.181720000000002
-10.516062999999999
6.953170000000002
7.467640000000003
-10.702497999999999
-2.6830999999999996
-10.696845
-4.035968
2.458849999999998
-16.117173
-8.11175
4.863490000000002
-5.492509999999999
0.24879000000000318
-8.16897
6.964000000000002
-10.234719
-1.05903
-11.081668
6.865170000000001
3.761939999999999
3.2276099999999985
1.279
-2.5824
-7.9735130000000005
0.97973
-10.899413000000001
-9.68548
-1.4745300000000015
-0.9700199999999981
-1.4645100000000006
-7.902289
9.062679999999997
-4.049389999999999
3.3623899999999978
-0.8017399999999988
0.31388000000000105
2.62265
-8.854797000000001
6.72794
2.1624799999999986
-0.4751800000000017
-7.837500000000002
-12.829094000000001
-9.405415000000001
2.8492200000000025
0.09852999999999668
-3.246030000000001
-11.63322
2.733950000000002
8.024640000000002
0.05940000000000012
-0.26084000000000174
0.7446999999999981
3.4285499999999978
3.6354100000000003
11.108140000000002
-3.0364299999999993
2.8808899999999973
3.8387199999999986
-1.199110000000001
-0.6736699999999978
0.7516199999999991
-8.020299999999999
0.8453799999999987
7.62951
-4.244
8.61334
5.297750000000001
4.67747
-2.7385599999999997
-4.713749999999999
0.03905000000000136
1.094540000000002
-0.3967300000000016
-1.0907699999999991
-4.578759999999999
5.767950000000003
-6.330400000000001
3.9680599999999977
4.047260000000001
-6.20866
-1.5393800000000013
-8.425117000000002
-0.9111499999999992
-2.387490000000003
9.75394
-7.778200000000002
-3.0726200000000006
0.9487699999999997
-0.05564999999999998
-1.3632200000000019
-10.554577
-0.6164099999999983
-1.8935700000000004
-0.3924500000000002
1.7032099999999986
-1.493170000000001
-1.9124999999999996
-9.585345
4.417529999999999
0.7858700000000027
-12.790123
-0.8001000000000005
3.0213899999999985
10.06468
-1.121739999999999
-10.637512000000001
-4.959569999999999
4.845210000000002
-4.599789999999999
-4.504950000000001
-1.011930000000003
8.82462
-5.375069999999999
-3.699069999999999
-14.480994
5.211359999999999
2.5168
-5.713028000000001
-1.0530299999999997
-4.1984400000000015
7.092639999999999
-4.94144
2.8831300000000013
-3.39799
-2.372729999999999
-3.829159999999998
9.1342
-5.788349999999999
-6.01219
-15.2596721
-4.690580000000001
-5.420299999999999
-0.44998000000000005
1.0130599999999994
-6.369489999999999
4.787270000000003
0.5471800000000009
-4.931019999999998
0.2463099999999976
-6.71026
-10.956971
-1.5178399999999996
-5.457900000000002
2.847360000000002
-3.5103399999999993
3.1595699999999987
-6.912469999999999
-5.5942799999999995
4.443270000000002
-8.436950000000001
-3.8115900000000025
-0.9876299999999993
-7.998249999999999
-8.705222
-7.30838
-4.059499999999998
4.357589999999998
-1.5959199999999996
4.740690000000001
4.646279999999997
3.345510000000001
2.789389999999999
0.008489999999998332
6.003550000000001
2.4114299999999993
-3.1309499999999986
2.90137
6.70018
-1.2286000000000001
-2.71983
-3.7035399999999985
-8.896640000000001
-0.6226900000000022
1.6291899999999977
-0.8846699999999998
5.28773
9.99341
-0.6994299999999996
-1.678329999999999
8.74664
4.535439999999998
0.9734599999999993
-5.112029999999999
-11.766258
0.6369599999999984
-1.4210899999999995
-1.270859999999999
9.29401
-2.5832200000000007
-7.249624
3.1088900000000024
8.25562
5.671749999999999
-2.93149
4.455750000000002
-6.608409999999999
5.95768
-10.144031
-3.06269
-13.650165999999999
-15.1738292
3.9777699999999996
-5.488660000000001
5.004610000000003
-2.207650000000001
9.310769999999998
-2.5168999999999997
5.164810000000003
8.256860000000003
8.075770000000002
3.635640000000002
-9.60536
-14.408214000000001
-9.913810000000002
4.260530000000003
-2.8409899999999997
0.36927999999999983
-2.442449999999999
-1.236139999999999
3.266400000000001
-4.443129999999998
-3.5808800000000005
-6.0017700000000005
-2.2358499999999992
7.514870000000002
7.481169999999999
4.078619999999997
3.0579800000000006
4.158249999999999
4.29232
14.90676
3.35154
3.5339100000000006
11.056329999999999
0.40859999999999985
5.984279999999998
0.3813899999999997
1.2720899999999986
2.79101
2.202069999999999
12.13823
-5.102779999999999
4.578669999999999
7.074009999999998
19.857699999999998
0.8932500000000019
9.448680000000003
2.0765400000000014
7.77317
7.445079999999997
0.8655700000000017
1.4879599999999975
-5.135099999999998
11.786340000000003
6.93872
14.16243
3.15606
11.28245
5.0941800000000015
1.1330500000000008
2.084199999999999
9.574540000000002
7.479290000000001
10.220699999999997
-5.494420000000002
8.72625
3.322510000000001
4.787290000000002
-11.672429999999999
1.2929899999999996
-1.0942000000000007
21.11453
5.47823
8.520779999999998
6.965150000000005
13.03321
-0.7417000000000016
-10.618120000000001
5.449519999999998
-2.5069899999999983
-4.23545
10.03124
7.593709999999998
-1.451789999999999
0.4512900000000002
4.692390000000003
0.19487000000000165
2.3014800000000015
12.19595
8.09947
5.139040000000001
-5.599190000000002
2.078050000000001
-4.328189999999999
-0.7984299999999998
-0.0719200000000022
1.5440900000000006
-3.7039100000000005
6.92381
-6.708099999999998
15.938809999999997
2.2107199999999985
8.832249999999998
11.250329999999998
-4.124279999999999
9.115420000000004
14.011349999999997
3.6383599999999987
11.51162
-8.59418
2.9794300000000007
-4.32564
5.772820000000003
6.403840000000002
3.7668099999999995
5.006140000000002
-2.932489999999998
4.729120000000002
1.2781500000000001
-2.5991599999999977
11.697289999999999
-4.552910000000001
5.17493
-1.5595500000000015
1.8436900000000023
9.671389999999999
4.9446200000000005
3.89837
13.41424
3.269660000000002
0.26055000000000206
2.537659999999999
20.52495
5.409200000000002
-0.0904100000000021
-1.0424399999999991
-6.835360000000001
13.724570000000003
5.398480000000003
-4.00412
3.629929999999998
1.1593199999999975
0.14320999999999984
15.425529999999995
-0.9964099999999974
2.2043800000000005
5.336780000000001
0.7729999999999997
4.105609999999999
-3.5601200000000013
10.788150000000002
-5.50713
15.298360000000002
4.68045
4.21481
-2.342559999999999
-4.78717
1.5175000000000018
6.820969999999999
4.166730000000001
6.106349999999999
7.11129
5.178060000000002
15.30742
-3.1224500000000006
-3.04073
7.221800000000002
-0.5712399999999995
3.2258899999999997
1.4661399999999993
5.848579999999998
9.11015
0.8067600000000006
1.9935700000000018
6.252289999999999
-10.530221
7.3838199999999965
1.3452699999999993
11.570120000000003
15.16902
16.453449999999997
0.46502000000000265
-0.4153999999999982
16.65489
3.5307700000000004
-1.1283699999999968
-2.49296
-2.8238100000000017
1.6671999999999976
7.3297000000000025
3.989840000000001
-7.277060000000002
-8.148790000000002
9.75731
4.352450000000001
11.17849
-2.7757199999999997
13.537729999999996
9.301790000000004
3.8148400000000002
12.30482
4.787889999999997
2.3974100000000007
2.4853900000000024
5.959689999999998
7.981529999999999
11.427390000000003
-2.8706299999999985
13.359259999999999
-0.745239999999999
-8.546249000000001
-7.37219
6.890619999999998
5.304879999999997
6.580159999999999
11.399819999999998
0.5197199999999995
13.654350000000004
-1.2257200000000026
12.434629999999999
2.7005800000000004
-0.7069399999999995
-6.864140000000003
6.418109999999999
23.52944
1.3908100000000019
5.267150000000001
9.768420000000003
-6.089170000000001
4.971170000000001
4.18234
6.734190000000002
0.7381299999999982
-7.6089400000000005
2.5806000000000004
3.6906599999999976
0.6871200000000002
0.11007999999999996
0.7488899999999994
12.936720000000001
5.12182
12.735349999999997
1.2745299999999986
-5.020759999999999
14.92642
5.524550000000001
10.746780000000001
1.9280299999999997
1.697849999999999
6.9909099999999995
8.584309999999995
2.858080000000001
10.78406
-7.090580000000001
0.28492999999999924
14.449860000000001
8.890730000000001
-8.353759999999998
8.39207
11.991419999999998
-2.139990000000001
-3.2513000000000005
13.512670000000004
2.7571900000000014
3.060850000000002
7.4031400000000005
1.2158300000000004
0.42739999999999867
14.731049999999996
12.117640000000002
1.5975500000000018
3.3733600000000017
7.098769999999998
-2.032639999999997
11.668440000000004
17.644890000000004
-0.6026300000000013
11.604349999999997
7.846509999999995
6.152079999999998
0.9639600000000002
3.99671
11.05895
14.961350000000003
-7.449369999999998
10.239829999999998
11.525450000000003
10.731650000000002
17.04898
-2.9760300000000015
-3.8871399999999987
-2.376950000000001
7.812699999999996
4.520240000000001
1.8867500000000028
-5.16187
5.37313
6.321590000000004
-2.1518000000000015
7.147009999999998
-2.0102800000000016
10.65204
4.380179999999999
0.7482600000000019
-7.223560000000001
4.90673
-4.818200000000001
10.48056
7.11476
11.960759999999997
2.954650000000001
2.685299999999998
9.95035
17.295520000000003
3.3652200000000008
12.448439999999998
11.340409999999999
1.4828800000000015
11.208009999999998
-3.985430000000001
13.45647
4.128280000000004
10.581499999999998
5.012879999999999
4.15774
-9.58098
-4.595300000000002
1.5254600000000025
8.991110000000003
10.256619999999998
9.678350000000002
2.045569999999998
10.161649999999998
17.330450000000003
6.29195
13.443929999999998
8.260429999999996
1.3179899999999982
18.28312
7.299970000000002
8.744589999999999
13.261639999999996
8.69118
-2.4832199999999993
1.4756800000000005
14.226239999999997
18.34996
8.222069999999999
13.075129999999998
17.815350000000002
10.262729999999998
6.395710000000001
10.014990000000001
2.5276999999999994
17.341469999999997
7.559049999999996
11.465750000000003
13.761980000000001
4.589220000000001
11.795779999999997
8.343430000000001
-0.6067199999999993
16.120810000000002
23.611210000000003
5.65943
8.04319
-0.10374999999999801
5.354510000000001
7.313549999999999
7.0352299999999985
8.962900000000001
13.207569999999997
13.240780000000004
-0.6096300000000028
5.816840000000003
12.67099
6.6328
10.77854
2.517579999999999
15.787279999999996
10.60567
12.272950000000002
9.87455
12.557199999999998
4.648319999999998
7.183209999999999
15.793109999999999
20.67867
10.240849999999998
3.5492500000000007
5.073360000000001
16.72891
6.254420000000003
-8.77099
8.198759999999996
10.182280000000002
5.457039999999999
14.105820000000001
15.540270000000003
5.287870000000002
18.207309999999996
9.62922
12.822199999999999
22.24773
4.054320000000001
5.465499999999999
9.59405
-4.380379999999999
12.892009999999999
-0.24738999999999933
9.94116
12.753100000000003
15.629079999999998
7.452449999999999
8.617339999999999
-8.00414
13.56154
13.22778
9.503790000000002
10.612370000000002
1.7671399999999977
6.638249999999999
7.97917
10.231540000000003
-0.9104099999999988
11.278189999999995
1.4233100000000007
6.490419999999997
-4.947520000000001
7.5859599999999965
5.611819999999998
