3
42
43
56
72
81
85
96
151
167
191
196
240
243
266
359
370
387
410
414
477
518
523
548
568
622
654
666
685
704
710
777
780
782
828
832
835
842
846
855
861
896
905
915
925
941
945
947
962
1046
1050
1058
1064
1089
1100
1127
1134
1154
1156
1160
1185
1193
1205
1261
1284
1286
1303
1304
1309
1315
1321
1343
1447
1455
1478
1480
1482
1496
1497
1522
1533
1594
1611
1617
1627
1635
1673
1703
1735
1766
1782
1788
1811
1832
1852
1865
1868
1887
1888
1900
1918
1957
1968
1974
1999
2018
2038
2069
2084
2101
2126
2127
2199
2242
2305
2314
2319
2325
2328
2351
2368
2401
2440
2450
2473
2493
2516
2533
2548
2577
2581
2587
2598
2617
2630
2643
2675
2693
2707
2739
2769
2783
2784
2804
2819
2851
2863
2872
2910
2912
2932
3006
3019
3029
3071
3170
3202
3219
3234
3261
3280
3331
3334
3335
3405
3419
3421
3422
3433
3515
3589
3595
3628
3635
3648
3665
3667
3671
3700
3716
3760
3761
3797
3802
3835
3860
3861
3869
3888
3914
3930
3957
3971
3973
3975
3978
3981
4003
4041
4072
4100
4103
4117
4276
4277
4281
4305
4321
4345
4395
4432
4446
4455
4472
4482
4510
4514
4532
4541
4554
4556
4560
4593
4597
4600
4643
4649
4676
4679
4683
4688
4690
4707
4720
4742
4758
4802
4845
4887
4889
4894
4897
4914
4951
4953
4957
4975
4982
4994
5012
5047
5052
5054
5067
5079
5102
5131
5147
5185
5193
5195
5219
5301
5304
5311
5327
5333
5336
5368
5379
5384
5392
5393
5399
5403
5428
5474
5516
5540
5564
5603
5663
5684
5722
5739
5772
5797
5802
5822
5825
5845
5847
5855
5857
5887
5898
5902
5911
5940
5949
6007
6038
6047
6097
6099
6105
6109
6113
6169
6171
6176
6200
6202
6243
6280
6322
6331
6346
6372
6373
6374
6386
6395
6400
6417
6421
6464
6493
6506
6510
6544
6563
6625
6628
6649
6657
6743
6772
6787
6819
6822
6833
6846
6865
6876
6894
6919
6927
6956
6959
6972
7016
7018
7031
7087
7124
7160
7177
7180
7213
7259
7277
7296
7302
7311
7431
7432
7455
7462
7480
7501
7517
7524
7528
7557
7582
7595
7607
7622
7652
7699
7707
7718
7723
7738
7750
7765
7792
7845
7860
7886
7907
7926
7957
7971
7990
7994
8080
8103
8117
8141
8196
8212
8257
8259
8268
8273
8276
8282
8288
8319
8327
8347
8427
8438
8468
8470
8490
8497
8506
8510
8555
8579
8586
8594
8600
8616
8622
8635
8639
8647
8652
8704
8714
8748
8812
8819
8829
8834
8893
8908
8911
8923
8927
8930
8933
8964
8972
9022
9049
9053
9065
9076
9087
9098
9118
9135
9149
9155
9166
9187
9196
9205
9206
9216
9259
9262
9274
9335
9340
9356
9361
9398
9419
9490
9495
9502
9510
9513
9589
9603
9620
9633
9645
9648
9651
9655
9661
9672
9674
9681
9691
9709
9717
9724
9726
9733
9797
9844
9899
9921
9923
9953
9977
10018
10041
10161
10167
10178
10199
10243
10250
10251
10296
10317
10362
10364
10409
10427
10432
10486
10544
10566
10594
10612
10628
10644
10645
10654
10659
10666
10677
10678
10713
10723
10725
10738
10768
10798
10799
10809
10810
10847
10852
10908
10909
10922
10948
10954
10978
11040
11051
11069
11091
11096
11120
11194
11214
11222
11239
11273
11274
11283
11353
11371
11383
11416
11431
11453
11478
11486
11526
11528
11543
11562
11587
11588
11590
11632
11635
11638
11646
11687
11720
11727
11738
11769
11778
11779
11780
11797
11809
11853
11877
11883
11916
11917
11924
11932
11946
11953
11957
12062
12106
12112
12129
12154
12156
12183
12192
12213
12227
12246
12268
12296
12320
12322
12336
12387
12426
12429
12433
12456
12514
12523
12548
12563
12587
12610
12614
12625
12642
12674
12677
12701
12710
12714
12724
12730
12743
12749
12771
12785
12798
12818
12823
12828
12829
12867
12899
12964
12966
13051
13061
13066
13118
13133
13153
13180
13182
13235
13239
13281
13287
13299
13323
13371
13374
13388
13395
13406
13436
13441
13442
13449
13474
13481
13486
13566
13586
13602
13621
13636
13652
13670
13687
13691
13704
13734
13752
13761
13767
13772
13878
13879
13919
13936
13960
13968
13970
13980
14043
14049
14053
14054
14059
14106
14115
14152
14159
14161
14183
14205
14212
14217
14263
14326
14377
14402
14461
14473
14482
14483
14491
14496
14533
14536
14539
14592
14618
14627
14633
14641
14670
14699
14701
14704
14725
14800
14807
14825
14853
14878
14889
14893
14902
14911
14932
14966
15027
15029
15052
15077
15079
15081
15116
15123
15131
15166
15213
15217
15218
15226
15241
15251
15255
15327
15374
15419
15423
15442
15469
15474
15477
15483
15490
15502
15504
15519
15532
15535
15536
15539
15561
15604
15624
15636
15679
15692
15700
15707
15709
15714
15747
15791
15797
15838
15841
15842
15876
15891
15910
16004
16009
16018
16037
16057
16083
16092
16112
16130
16149
16153
16154
16165
16169
16176
16195
16240
16247
16268
16295
16322
16338
16373
16383
16403
16460
16470
16497
16549
16597
16598
16635
16668
16694
16710
16728
16773
16790
16815
16833
16859
16879
16890
16928
16932
16981
16995
17026
17038
17053
17054
17064
17077
17103
17110
17124
17126
17153
17169
17280
17283
17293
17296
17315
17352
17358
17359
17371
17422
17460
17501
17502
17530
17531
17587
17605
17612
17635
17658
17672
17687
17696
17708
17788
17830
17848
17874
17878
17894
17917
17955
17958
17973
17988
17995
18023
18040
18066
18076
18124
18136
18146
18215
18230
18239
18243
18251
18289
18298
18324
18338
18342
18350
18362
18380
18411
18413
18415
18437
18447
18456
18488
18496
18503
18545
18559
18564
18571
18572
18608
18637
18653
18685
18704
18727
18735
18739
18746
18769
18777
18781
18783
18794
18799
18872
18881
18942
18989
19010
19050
19051
19059
19066
19102
19117
19125
19185
19217
19241
19271
19275
19287
19292
19293
19324
19336
19337
19344
19382
19394
19409
19426
19427
19454
19468
19476
19486
19494
19504
19545
19556
19569
19615
19658
19676
19679
19698
19726
19758
19760
19761
19779
19814
19819
19821
19830
19838
19869
19878
19886
19920
19952
19963
19967
19994
20067
20068
20070
20086
20121
20187
20194
20199
20258
20295
20305
20342
20351
20387
20449
20458
20474
20478
20500
20501
20512
20546
20573
20611
20620
20635
20662
20680
20690
20700
20702
20708
20720
20809
20826
20858
20863
20886
20901
20911
20941
20967
21007
21037
21053
21064
21068
21071
