15.56251
18.84977
10.22685
12.35301
22.68244
17.03974
24.37903
24.96662
13.14305
29.82776
14.41862
16.33457
17.82939
16.26979
14.66353
22.6772
19.70252
16.17606
14.27729
17.69003
16.8526
26.5525
14.75447
20.20845
16.18113
8.738358
21.8714
20.99809
15.1754
13.87205
17.35746
13.89195
8.683239
17.78277
14.31227
19.91206
16.09666
17.35593
10.89895
25.00964
19.31259
19.87127
16.20369
15.78465
23.45861
23.33056
10.268
17.48342
28.07243
16.24233
16.43868
22.85588
18.15713
13.74316
17.01553
13.44829
9.417797
1.227792
2.440769
9.214787
3.192361
3.038229
10.44207
8.197872
15.20432
13.13896
10.70161
8.094339
11.24108
3.999615
13.02973
13.22831
15.53464
15.45592
13.19632
1.151298
9.25444
7.257399
9.993613
6.106543
6.944586
5.710149
12.3126
-7.871487
-5.145471
2.214452
-3.431042
0.4471444
5.536341
20.01517
14.50022
-1.312811
9.085747
-1.46287
10.07745
13.47099
1.649914
7.786435
10.91238
5.887274
-0.7215103
10.68078
13.61694
2.127281
3.761983
3.906593
7.906936
1.611963
18.43349
13.4383
-5.635057
4.215703
3.117097
2.859428
5.431191
7.763001
-0.4200248
1.046591
4.480438
8.084786
12.68444
12.45165
7.355811
13.30212
12.89422
11.29062
13.85953
6.447888
5.192223
5.881161
-0.03899175
18.82477
7.595985
14.67352
0.7033184
13.90325
11.09776
6.632146
-0.09587698
1.118941
17.7036
9.952754
2.561714
3.857886
4.501022
3.225966
14.03997
-1.275646
7.684801
15.32021
5.769771
8.688062
8.745171
4.021717
8.342643
13.1524
2.191566
19.82348
16.08222
8.962071
8.252743
6.819317
9.085085
7.2296
7.865394
15.4441
10.68316
11.17478
1.340953
6.158786
11.2395
9.971411
14.61478
13.51667
9.542809
7.02161
4.427091
3.822739
6.629264
11.76116
11.64196
9.045235
8.840713
2.929453
19.53126
9.312804
9.644333
7.061344
0.06464692
5.742944
11.51882
16.48083
11.29553
7.95262
13.01232
8.04762
1.13203
14.21864
9.346229
8.031393
12.59155
14.77248
14.89166
4.227395
5.805207
10.62138
2.379134
3.922112
9.912771
8.606807
6.797552
13.91046
11.85241
9.225807
4.896312
4.681117
12.47614
4.261863
0.1505229
18.09395
7.557456
6.1935
15.21632
9.486183
5.345931
3.091395
8.709018
14.76955
16.66039
17.72642
6.084564
4.109454
13.08321
11.73654
8.411615
3.042645
4.537685
8.377504
12.72489
7.080389
3.254085
4.453885
11.42651
12.41006
16.0011
14.79488
9.847289
17.13264
6.268389
1.860465
5.739569
8.196509
16.25038
8.844616
8.668709
12.24369
12.7716
20.23184
11.24947
3.159849
6.558153
15.57029
9.583421
8.517114
10.96071
7.645347
2.801231
11.72432
16.03135
24.68727
19.31699
15.24418
16.97935
16.38324
10.56681
16.15522
4.550609
8.787836
27.75583
7.482799
13.28502
5.592034
6.109376
17.14799
12.92733
23.42235
22.37204
13.79616
10.18681
11.87115
18.24896
13.01889
19.89907
2.657237
1.65492
9.970306
6.66799
11.73292
12.63277
17.9879
19.4401
11.80934
10.73504
4.917819
6.926308
13.21258
8.578933
15.43217
6.451458
10.91451
10.7104
6.268021
16.94203
17.25575
16.7877
12.77688
16.82359
12.28212
19.67569
19.14579
20.21493
18.08736
18.0644
21.23068
11.63639
23.19568
10.85341
16.1377
11.18104
12.62261
6.144031
17.69353
3.116271
13.86114
11.86286
9.470198
18.93905
11.73387
8.944335
13.43638
9.899984
13.10898
12.149
11.28498
16.42232
14.4592
8.978557
9.432219
11.04556
17.45905
21.7137
13.07823
16.19623
10.65356
8.461751
19.0059
12.64685
12.08622
13.39458
21.2096
14.63173
8.243174
10.53773
12.7726
12.01209
6.567873
15.82826
23.3302
11.06685
13.86503
18.13147
8.861401
21.91508
16.37549
16.00173
11.36343
17.80598
21.9656
27.22349
11.69007
10.0044
18.51658
21.03677
20.11355
15.02185
14.63603
9.595525
3.580834
21.03327
16.578
10.62068
20.80762
15.72177
19.74851
16.50476
11.04131
17.69526
11.07597
6.885875
10.42809
11.49369
13.72621
21.79267
15.93129
14.01491
12.89764
15.37329
19.34708
19.55883
8.104204
12.26129
15.37555
13.51376
11.04081
18.62481
15.75701
26.85193
10.92719
16.24492
20.11557
16.77053
14.42862
15.51246
13.69871
19.60866
13.02478
12.46774
18.77369
13.30791
21.0511
18.5536
21.81774
9.409504
17.23306
19.49172
15.14958
14.82069
23.32986
10.52655
21.50335
21.6576
13.95704
15.91805
16.14934
10.47559
6.443278
19.30125
13.76141
9.21503
16.93915
17.14187
8.462038
19.28334
17.01281
19.23618
10.46109
14.72837
23.61623
15.39946
11.85177
15.95688
18.10178
16.09207
23.57853
15.337
15.10397
15.8465
24.9499
18.63481
18.47799
17.73398
21.08879
14.45962
9.835636
23.92365
14.91165
22.30338
17.42892
12.41993
17.7365
24.30169
20.05274
12.77374
13.31828
27.17092
17.21599
17.62094
16.93865
11.86418
19.3627
21.13641
16.00461
17.1675
13.3353
20.23946
27.47793
10.83046
19.95216
16.09035
17.07288
12.916
12.90697
21.11977
17.46875
19.80921
26.97977
18.93022
13.2634
19.42099
12.58778
16.48833
20.38042
21.28437
16.65652
19.9535
15.86586
12.66003
9.642462
22.72951
21.35866
11.10354
22.43243
14.54156
10.13682
15.51865
15.97819
15.43805
17.07886
20.12791
15.71253
19.21406
17.1552
8.159569
22.6518
16.93327
17.81598
17.82455
16.47758
14.82236
12.50189
18.44673
17.31829
12.30223
23.67976
23.64385
14.65351
17.95889
26.04756
16.90515
15.66478
13.95451
21.35676
16.02587
22.86461
17.14049
18.98839
22.71308
23.3767
23.18887
10.82798
21.82981
23.50677
12.62464
21.75103
14.27939
27.02446
18.24646
13.23503
22.25116
25.88662
18.18523
19.33287
20.17348
21.42382
19.14913
27.10795
26.83377
18.54861
19.68329
19.16704
23.01085
21.70789
15.68698
27.69575
22.33058
17.69559
23.93638
21.19613
16.69988
19.24862
28.96968
30.68753
17.51623
14.20665
27.82811
14.24154
18.75376
28.61868
13.71289
21.39381
31.94359
16.36544
19.13333
14.45417
22.21793
13.41539
26.49328
18.55427
22.49012
23.95237
17.61882
19.74425
22.73291
24.7466
26.86774
22.71816
24.26993
24.53088
22.4202
18.73061
15.88427
19.43759
23.51968
26.87499
15.15164
16.29593
25.9784
17.5875
26.95221
20.90952
28.31354
19.51333
14.9829
25.1088
18.22855
23.6402
19.00279
24.15739
13.41108
24.21975
16.13244
14.69641
22.23431
18.35342
25.28142
14.69831
21.74246
15.17313
20.57293
21.63778
16.73907
23.05105
20.78861
22.06393
18.24897
25.52938
22.54878
24.88874
24.94376
26.62591
24.68123
13.60541
20.75308
22.98897
19.39532
27.76715
24.28416
18.55352
22.7637
19.46329
21.14795
16.0087
24.89095
25.044
29.92179
17.99276
27.3677
30.34576
34.56183
28.96658
23.02567
24.17918
29.59404
27.1137
28.27954
19.77285
21.6917
28.00241
26.2032
17.33196
24.19141
25.09204
27.67174
24.52983
23.15296
22.087
22.86904
24.86477
27.46991
24.30359
18.4349
17.43055
33.10906
20.69183
23.1893
23.40895
29.22416
17.90689
18.50698
17.04173
27.81646
15.04334
22.66521
25.70364
19.62406
17.57642
24.18914
29.7684
27.89469
19.65369
19.98575
23.83896
38.47756
28.53538
25.2122
25.58378
19.17186
24.93742
21.71931
29.97263
28.88893
26.37913
14.4995
16.9983
20.70667
18.10885
25.68132
21.10546
27.92736
30.46988
31.02156
19.01046
19.81048
25.74456
26.28855
23.0526
34.40405
20.83193
24.76305
20.76363
21.51162
21.01795
16.24573
19.4212
29.8617
26.25693
32.13709
30.4637
24.3783
29.87615
21.33381
27.22839
32.3622
26.55297
30.61743
29.6471
27.88991
25.4796
19.08669
23.74467
29.92338
32.07512
24.43179
24.88458
26.06588
22.38028
20.56368
19.42741
25.58871
24.73896
22.78337
25.78708
31.64131
35.64461
23.53122
27.7914
23.72647
33.90999
33.73467
24.85681
24.61175
31.47495
26.13478
25.26192
36.43633
25.44459
20.87913
32.48283
26.75691
28.86662
26.06726
31.16684
23.71034
27.48062
24.62652
27.26759
28.9532
32.31908
31.45298
23.66835
29.03482
23.99653
23.53843
20.35616
25.77916
26.91838
31.97611
32.79175
26.01504
27.19104
30.24035
35.84555
29.41152
33.48543
29.45227
23.3717
35.34756
28.49618
23.7654
30.19874
29.6689
28.5147
33.48015
29.89096
25.98388
33.86778
20.82634
23.24334
25.27578
21.14417
20.95121
27.03285
37.59998
25.35818
28.09401
22.47933
27.15085
29.74774
28.81671
27.83563
34.22831
20.75414
34.96894
22.44939
32.04673
27.88052
34.90351
24.54219
27.61477
44.92746
26.77883
23.98964
32.49125
28.84116
29.09972
29.75104
27.78548
32.95837
27.86047
28.46932
25.62206
26.12619
26.2896
26.04073
37.28089
28.05992
25.20018
31.98779
25.33515
32.43202
24.34601
32.73503
33.28131
30.02011
30.85344
36.40993
28.46826
20.28149
30.0817
35.78087
28.67914
29.69193
29.42385
26.94491
35.43453
21.30238
31.98728
31.9508
29.62935
18.00615
23.95742
28.93052
25.05498
20.91527
27.82364
24.82058
27.52047
23.47107
25.37315
19.01834
26.56228
22.76004
30.09147
30.50767
24.14471
26.43164
35.21402
24.9804
26.14105
29.77459
28.07126
22.71727
32.59599
27.68427
26.73486
29.39045
29.52481
28.56427
33.70672
32.90625
26.26463
21.42101
31.81664
28.39227
26.93286
18.1302
26.93489
30.17462
29.55262
28.39272
26.8693
23.97108
33.85237
36.78403
27.67734
24.5308
41.13306
30.3924
30.23333
22.18314
27.7198
27.4449
21.65257
20.05833
25.32308
28.96512
27.97286
34.22239
38.64869
29.0671
29.58455
29.65582
33.40138
34.87693
34.24348
34.59175
30.44427
29.73333
36.87268
32.11632
35.40695
30.63627
32.91823
34.07286
32.16803
30.50696
31.75375
41.23159
33.33586
31.75807
24.29214
34.86011
28.66556
31.83382
36.57908
25.57324
30.32398
26.13862
27.89455
38.30831
32.15649
37.45607
31.57367
29.25216
39.23831
30.5456
30.70944
33.94703
28.60471
23.18672
33.10775
24.06086
26.15508
29.18204
30.22056
28.84114
32.25908
23.19994
25.60697
27.26034
27.612
36.96624
30.62872
32.05741
37.77765
38.12995
33.1737
35.86775
36.64869
37.08657
22.35226
30.52223
24.76338
35.92604
25.38783
30.6543
16.98551
26.84477
33.3533
32.04196
37.78601
35.68372
30.70131
37.09818
39.82695
35.46882
25.76582
31.58333
39.92011
31.71239
38.56602
36.47644
33.95727
27.65709
34.81663
27.3581
38.36781
29.46455
33.07345
37.04275
33.89841
31.76436
33.62459
30.13173
33.73211
