1.966676
-0.2129923
-1.245168
1.961439
7.807717
4.83695
5.378661
6.377763
0.4336352
10.84642
0.5307561
2.108466
7.890491
3.446833
-0.6241889
2.467334
2.639147
0.6045155
-2.191624
2.269062
7.777345
8.393672
3.902544
6.217864
7.269484
-1.730391
7.668753
5.418247
4.409775
5.465995
6.059741
2.653836
-1.347646
5.798434
3.14547
7.583142
1.120978
1.839594
-1.887844
3.343163
0.5409627
3.155814
1.771058
1.360538
4.339835
9.162013
4.178719
3.233937
12.39334
5.172726
5.050372
0.6540869
3.392708
0.6471321
2.852865
-1.464399
-4.937048
-15.03397
-10.73055
-5.769166
-6.913681
-8.084957
-3.868038
-7.169869
-1.189474
-5.677858
-1.874608
-3.324454
-0.2761159
-8.157826
-3.415411
-2.425381
1.004314
-0.3782666
-1.271231
-8.462708
-3.93298
-7.572043
-6.253201
-12.42538
-5.663708
-5.587589
-1.801955
-13.08985
-10.63013
-12.20006
-14.38455
-6.97086
-4.425068
-1.390291
-4.054904
-8.936503
-7.58817
-9.603432
-3.742713
-3.92159
-8.987598
-7.51373
-3.397448
-9.663384
-12.58841
-7.399144
-8.1895
-7.604176
-7.390831
-9.425895
-6.075567
-9.173681
0.8688637
0.7975394
-14.92742
-10.69359
-12.22043
-12.69564
-5.669635
-5.667845
-9.325935
-2.45835
-7.66552
-6.114906
-4.778895
-4.401194
-5.988918
-5.123162
-2.077858
-6.433834
0.1514595
-11.92258
-5.350496
-9.632914
-12.30747
-4.229574
-9.685822
-3.552063
-7.541581
-4.42055
-4.79952
-7.2433
-14.84936
-10.67388
-1.917928
-5.739927
-14.18666
-9.143545
-4.993716
-10.1032
-5.407065
-14.75146
-7.356987
-2.187897
-8.111995
-8.179218
-1.099454
-10.70244
-9.045793
-0.5776929
-10.10487
-1.424066
-0.07769292
-6.363653
-5.91289
-8.798735
-0.7478937
-5.946614
-7.458602
-0.6141044
-5.0049
-4.236785
-11.00365
-8.346168
-6.969234
1.047083
1.976852
-5.710449
-4.149514
-14.08617
-8.114953
-9.337567
-8.18285
-4.609524
-3.17903
-4.129845
-5.621033
-9.145438
3.087947
-5.682891
-7.719873
-7.424306
-8.081169
-4.939755
-6.67577
-5.08424
-4.284456
-6.912392
-3.251059
-3.550336
-15.0466
0.6627824
-9.980168
-8.868386
-3.437873
-1.127983
-2.121897
-12.15922
-4.26251
-1.503382
-6.252425
-4.508755
-2.294522
-3.170566
-6.261833
-4.014112
-5.28952
-4.51611
-6.522776
-6.423413
-3.532228
-9.294614
-10.42582
5.377632
-10.27585
-6.616812
-2.404004
-5.353262
-4.792813
-13.00713
-8.747627
-3.170825
1.962752
1.402434
-11.0225
-9.045287
-2.63605
0.619023
-2.963786
-10.22094
-6.653174
1.049588
-4.951658
-0.8952727
-7.900532
-10.55953
-4.83065
-1.83565
-0.2347145
-4.687769
-4.346816
3.865048
-9.117932
-9.782196
-8.425182
-8.401419
-2.469043
-3.729616
-3.110723
-2.561647
-1.712616
2.505566
-7.61274
-11.43401
-8.548149
-1.615546
-6.126886
-6.987056
-2.923257
-7.504918
-9.808066
-4.638713
-2.142483
-0.8743345
3.926334
0.4853755
1.349096
-2.779773
-3.487654
-2.447625
-12.80541
-5.291655
4.358779
-12.86419
-2.736182
-7.207752
-7.778499
-0.3384004
-7.73666
8.170694
0.9401792
0.2033316
-3.229593
-5.077141
0.4980024
-3.584714
1.165691
-11.33929
-12.68176
-1.373303
-11.06515
-12.62807
-1.209274
-1.521269
-1.196838
-4.942238
-5.983119
-10.35078
-2.549318
-6.178883
-5.348128
-3.59713
-5.658357
-1.838346
-7.521936
-8.237156
-2.694245
-4.606078
-5.527392
-1.314959
-7.196712
-5.92969
-2.73654
-2.676122
-1.913763
-2.502086
0.5357764
4.05797
-5.199251
6.113821
-7.892408
-2.643955
-6.721367
-1.019576
-4.819715
4.665731
-7.058008
-0.6995577
-5.01841
-6.351092
-0.4997926
-5.144321
-7.476955
-5.52526
-6.333695
-7.306397
-1.185098
-8.28937
-2.002894
0.6994594
-2.845249
-9.818162
-8.829428
0.6426441
3.799375
-4.399103
0.7368342
-5.69041
-5.777306
3.968457
0.4721839
-2.870243
1.527079
2.613705
-3.228934
-10.77189
-4.668256
-3.350425
-4.562311
-8.047296
-3.658598
3.50742
-8.734955
-3.886004
-6.830406
-3.884113
-1.74545
-1.205575
0.2598303
-4.12996
1.501092
-0.6835393
7.0418
-0.5112598
-6.775702
0.6131689
4.78805
3.850963
-5.059694
2.965938
-3.923078
-6.886519
-2.622888
-0.4533184
-2.791413
-0.1281625
-0.8354489
-6.99724
-1.948688
-4.967353
0.9825941
-1.100433
-3.346867
-6.76356
-3.838297
0.7956012
3.126914
2.263327
-3.486574
-4.663992
-0.9943597
-2.793281
0.6683436
-6.562415
-5.618975
-2.097165
-3.120842
-5.354311
-0.5585979
-6.851505
6.675546
-5.421948
-2.254014
3.287874
-1.764202
-3.440807
-1.751225
-4.702679
-3.110241
-6.068139
-4.429856
6.183991
-5.160583
3.54177
2.000918
2.455831
-3.456793
-3.95635
-0.328743
-2.103873
-2.070244
2.698401
-1.831877
1.264987
-1.144378
-2.612567
-4.463457
2.093759
-4.521937
-2.994089
0.8065959
-3.013995
-7.198715
1.218922
-1.822304
-6.860474
3.956021
-1.899626
-4.626738
-4.262598
-5.737635
0.6362064
-2.124771
-6.190686
-0.3775615
4.176707
1.024151
6.733209
-0.7701924
0.3718574
0.0218835
0.1066078
3.67636
1.942178
-5.553222
0.8786003
-5.891465
-2.838777
5.462714
-5.605899
5.543148
-2.945629
-6.734958
-6.463218
-0.2321106
-2.41191
-0.3717171
-2.222141
4.541004
0.5463144
-1.097639
-1.569763
-7.928105
1.518064
2.174043
-0.5461159
-0.5669351
-6.217938
-0.1923633
-1.264946
-4.991122
6.32142
-2.08142
-3.916325
-5.763395
-0.832659
2.209812
-3.05836
1.38847
4.247014
-4.080351
-3.008782
-2.631552
-3.671544
-3.773331
-1.990485
1.182193
1.54271
-0.2412752
-5.757877
-6.780622
-4.368422
0.5143976
2.873173
-5.990627
3.195698
-2.939943
-8.266273
-0.5128942
-2.372993
-0.9334154
-4.108092
3.0577
-4.516167
-1.999131
-2.156933
-5.60856
1.287659
0.9293405
0.2963769
-0.1266023
-1.29073
-6.992333
-0.7411894
-0.771446
-1.01664
-0.6383823
2.633725
5.843403
-2.250205
0.2067503
3.01105
-3.61236
-4.777245
-0.01076339
-2.806955
-5.336271
4.620198
-0.7811751
-0.8059636
3.299502
1.880115
-2.966035
-7.012899
-1.992759
3.73874
-5.99011
2.085293
0.1781916
2.519319
-0.3893034
-4.81561
2.778945
2.655945
0.9315816
1.06435
1.793269
0.2840906
3.516566
9.320784
5.926726
-4.547987
1.497683
-0.534073
3.159573
2.164566
-2.66593
4.590881
3.948732
0.4910091
5.627729
-0.6950322
3.310407
4.025999
6.92999
12.30981
0.1766281
-0.01042694
4.876022
-5.304138
-1.285686
5.980541
-4.736904
1.425393
7.042556
-1.732005
-1.647996
-0.6125972
1.774264
-2.571829
1.130902
0.9671592
4.149523
2.371773
1.738166
6.247873
3.089937
3.555025
7.35766
5.884395
5.382005
4.23481
0.1014261
-0.9169307
-0.3712292
0.2657633
0.104464
5.652437
1.608863
-2.519049
4.149758
-1.50363
4.890719
0.76036
10.72845
2.300696
-2.370509
3.356277
0.1698646
1.023301
-0.122345
2.501767
-1.212276
4.987859
-2.401597
-7.881458
5.635069
-2.047814
1.427061
-3.19165
1.026442
-5.549938
-0.249966
-4.043242
0.3157219
1.838447
-0.8911233
5.439099
-1.181182
5.224813
1.054856
5.070217
3.557321
3.907673
3.177783
-1.08719
-0.1634127
-0.1595755
-3.798727
3.791106
0.5532997
2.088457
4.194429
3.404109
2.720569
-6.048259
9.211025
6.670968
7.482102
0.3547058
7.452588
7.081155
9.18809
10.33726
3.793058
5.286736
4.610658
4.667853
7.436944
2.75062
3.357422
5.410167
2.91246
1.637501
1.22134
-0.9191061
9.581097
2.354086
1.753217
0.8177802
1.372902
2.455071
4.345777
2.737156
1.205767
-2.429827
8.746487
1.329403
5.973939
-0.4264499
10.05518
1.076039
-2.567261
0.6148189
5.048677
-3.634916
2.904611
3.149753
-3.85881
0.5895314
-0.702164
6.055399
4.194794
0.240481
4.34907
1.98873
9.548876
10.49055
6.274339
4.994711
0.1793388
-0.5344825
-1.000762
3.21359
1.521083
4.28863
-2.671687
1.343903
3.148189
-1.636434
2.885311
-0.6610934
4.95338
9.191544
5.476037
1.753045
-0.8096237
-0.2130271
2.381791
4.166648
6.410361
-0.05444255
6.868256
2.595381
1.309747
2.319648
-1.155278
1.060289
7.086541
7.817115
4.254544
8.678516
1.16902
2.83546
3.45648
7.881184
12.82071
0.4443466
8.544046
6.25172
2.294075
5.754868
2.720454
0.2141975
8.746114
3.002884
5.956551
0.8093685
8.078206
-3.487488
4.86434
-0.7551146
5.495103
1.548172
-0.9317846
-0.5696149
8.140533
12.78974
-1.389162
8.826361
2.730778
9.524817
9.204691
4.628227
6.259749
2.113485
7.688094
3.310826
9.127014
1.268055
1.093135
7.282761
2.777325
7.049732
7.991604
7.154693
1.880776
6.965016
5.467919
5.122697
3.684431
6.179936
5.02582
3.450002
7.866705
5.403421
4.651465
-1.347002
6.095172
1.777147
12.7047
5.682776
0.6942154
2.523859
8.342609
10.25277
10.84095
14.33633
6.261999
5.460304
9.418409
7.940658
1.315533
8.335185
3.184415
5.808252
9.125843
6.876706
1.583858
9.036452
0.5787534
2.675499
5.332473
1.202093
5.032811
5.630762
10.96217
1.14259
1.158488
1.943932
-0.6585387
5.923398
4.650675
7.18907
10.16318
1.066573
12.51568
4.507088
11.92975
7.932048
11.45837
3.070715
5.257007
18.80686
6.720442
4.847092
6.886107
5.779339
6.513994
9.814424
3.27081
11.05903
5.646302
4.319208
7.088489
2.875094
1.558961
-1.022355
9.882935
6.336336
2.84821
6.453872
0.5267629
9.728268
5.077707
7.460758
9.746193
7.712045
12.22219
13.5609
4.595494
1.1322
5.946029
7.649939
5.661665
6.5253
8.823898
2.201154
12.14216
6.167004
9.81847
11.66927
8.908658
-2.124157
1.319738
4.731844
7.225013
-1.170384
3.79858
4.22543
3.904281
4.884197
8.870932
2.694868
1.255786
2.399592
8.744127
4.555164
1.648604
1.978508
6.903401
1.444557
9.720982
6.637394
7.568291
1.939165
11.13671
1.700493
8.428391
0.6173596
4.397046
3.915766
8.164129
11.77941
5.381898
0.1879602
7.264183
9.051339
7.578601
5.333643
6.771078
8.41744
7.673586
6.637005
5.502816
4.192115
9.773017
6.913637
6.960087
6.498756
13.25819
6.236378
4.356068
1.704152
5.085905
5.112389
0.1226443
-2.707767
2.705766
6.514931
6.883108
3.658327
8.854389
7.095519
10.52003
4.370527
5.441876
7.829135
11.01489
9.687755
5.64165
2.011435
9.927058
10.52038
11.30026
7.960631
8.119507
9.333603
6.379236
1.825507
7.123216
7.373856
10.64649
4.793912
2.971853
6.508823
7.986255
10.55431
14.0095
3.327303
5.226683
4.004953
3.192421
6.308783
4.872827
10.85307
6.726096
3.304175
7.65678
4.276728
7.592883
9.867802
3.729419
-5.076584
8.896847
5.404714
5.597677
3.474346
10.5804
4.884245
6.088659
3.540988
2.110016
8.349371
4.030372
11.18405
5.944348
11.38612
16.15489
7.516054
6.534971
10.4486
3.011367
12.41172
4.382188
3.909154
6.327224
9.740244
5.117439
8.987967
-1.807094
4.573202
7.943656
6.003555
12.30006
14.23523
7.870747
7.828177
7.140983
12.93845
8.423234
7.244229
11.29377
6.891911
14.81239
8.517855
8.912229
1.454641
12.43809
5.197868
14.20971
4.622143
15.22541
14.05059
5.74788
5.540998
10.99104
-0.2082347
11.57156
