13.66332
22.9402
10.70791
16.15895
29.30201
27.47274
30.83127
27.97206
17.29619
31.43807
30.54843
16.04006
32.22668
27.51806
2.63137
20.89264
14.15952
15.90846
13.67318
15.16451
17.46114
21.21674
10.92509
23.26704
19.5649
8.642139
23.0688
16.13242
11.20041
8.932289
19.99672
8.108679
10.17616
14.30905
11.40072
24.4432
16.22141
9.073296
7.275425
15.36771
22.03067
24.92207
17.32493
14.05589
34.26544
21.82364
15.7058
20.25621
20.80921
13.79336
10.64014
30.42244
22.42608
13.17775
16.74704
11.0275
4.619637
1.538998
8.026136
14.9129
6.463278
-1.259499
5.324882
9.672092
16.151
17.16753
10.49311
3.843188
10.6012
8.976827
22.06176
23.36432
8.587754
9.814689
8.174152
-1.655317
6.815094
7.179279
6.426284
3.145021
6.379221
7.852978
14.23087
5.163065
-0.4260788
4.238816
2.121577
-7.595647
13.41719
9.235398
16.12919
9.791307
15.41838
-6.10254
14.16966
7.570992
-13.11977
8.648529
12.3627
1.984661
-2.436514
4.673875
22.10678
2.295219
2.893347
4.940716
5.013053
-3.780968
12.23345
19.03624
-4.842231
4.340199
5.376152
1.853134
6.812377
10.91622
-8.017474
-9.513239
1.052886
8.367369
21.33871
9.694783
12.22924
3.606076
5.373096
7.193084
13.62466
6.333488
7.44178
12.11909
-4.856894
11.20033
10.47275
15.7257
4.639314
12.53728
8.93179
7.379469
1.301093
9.537688
24.12139
8.384628
3.633274
6.670529
15.46269
10.86884
13.94508
1.226518
-1.465866
23.07423
-1.213875
14.99515
13.04413
5.783985
13.8272
15.33564
2.060039
19.12069
7.091728
9.359835
8.820171
0.03869567
14.03704
3.934639
5.438169
6.252432
16.30822
6.037272
7.935387
12.80516
11.09793
5.285083
13.89232
9.216782
1.641269
9.357853
2.573946
3.593164
9.403456
18.15529
10.69833
8.743027
10.55748
-10.1955
15.18276
10.30365
3.367492
-1.188176
-0.1355426
9.561171
10.44067
15.80643
3.72199
2.1654
13.79315
6.112287
-0.9723336
14.03601
11.82474
-0.8398125
7.306372
13.86336
10.85223
-0.9465658
1.822126
11.68464
0.5832204
11.01878
10.68026
10.17998
-0.7677729
20.24318
13.26359
9.411964
4.52896
0.6434119
8.824315
-1.24939
-10.09828
15.5631
7.779732
10.608
19.47766
6.07657
13.98003
9.812474
5.043037
16.22915
1.262593
18.4926
5.387408
-0.8141364
7.183924
16.4072
6.446291
-5.742455
10.35553
6.098036
9.085746
-1.145101
-2.117769
2.315655
9.486703
16.41612
22.75288
8.853747
3.818763
19.75518
5.815406
2.15612
3.4061
4.680295
25.98147
13.53095
13.75763
14.70302
9.750256
26.06246
13.24792
-3.783565
9.935615
21.1033
5.592631
7.837385
1.346769
14.63759
0.1201591
19.0887
16.54616
31.28284
28.53089
18.9686
9.790676
17.61068
6.834546
20.64184
-3.758207
3.819191
27.4241
7.510176
14.96956
6.727649
-1.880992
11.03688
9.511121
22.32837
29.13622
15.38844
11.36273
17.17911
24.56507
17.47647
26.68643
8.519798
-2.310232
-0.5265553
9.946514
7.435091
15.42813
21.78372
23.44256
12.51493
0.6460628
-5.975384
5.799487
8.95325
2.495805
19.61145
11.99476
14.79894
15.92517
5.713546
18.48453
18.18679
19.1447
12.23355
27.77483
3.304278
19.84619
14.58462
13.62962
11.87454
24.47471
16.89027
7.940591
22.25682
17.84169
23.12001
6.031574
12.1943
7.419336
14.2987
1.683005
18.35072
11.82194
11.08666
21.89774
11.55543
1.18896
18.04496
8.12938
17.38485
5.632763
13.31097
18.4003
17.38085
13.79698
0.9252539
9.348277
31.65614
21.87817
12.08142
20.11504
3.031091
13.92058
19.44931
17.45478
10.78594
7.563174
18.71084
13.39019
3.985215
10.34624
7.938999
23.75346
1.673266
14.86867
35.27442
14.5612
10.41467
14.80754
3.333852
19.95995
11.53645
22.57999
5.248338
13.25475
21.19993
37.68069
10.38863
4.347331
24.20711
15.41876
6.597533
21.60841
21.23968
18.24132
5.142077
19.24524
26.69357
17.41874
27.6488
13.17384
15.30936
17.89827
3.822656
8.575841
11.56808
9.586515
8.844935
3.740467
6.346977
33.37211
11.58859
12.25357
22.64834
7.477503
14.11807
17.22606
6.300455
8.337012
11.90261
12.46787
9.929211
17.88195
6.801511
43.37236
17.47259
18.82094
21.58954
32.33332
21.76424
15.57413
14.74337
18.17217
26.05692
7.950947
15.28381
11.76765
16.4983
21.52002
25.47722
4.712552
26.73268
14.04939
18.69758
22.29629
32.68603
8.222866
24.75479
23.37537
12.81049
23.92937
22.92388
16.68093
6.712723
21.88143
16.79227
11.9101
25.88719
25.09921
13.43991
16.5572
16.6615
17.05855
9.166487
11.19624
22.96942
16.7225
4.955897
20.33889
23.40881
12.79065
17.124
16.9555
31.41276
15.0631
15.82005
18.22703
23.67781
18.68504
19.99256
20.52364
-1.232123
15.4523
9.71554
28.95328
15.7997
9.134532
14.93685
23.63653
21.80853
18.50909
14.82999
19.4164
18.63746
19.40291
24.97385
17.05268
27.52179
21.19627
14.79798
23.03218
16.28889
18.65379
32.18597
12.53348
13.17948
20.00621
17.68202
7.387234
19.04125
33.31328
21.11906
19.21638
19.62065
24.56114
18.2241
19.80078
8.799241
17.29052
21.41383
24.04677
21.73362
16.60454
14.75825
24.18679
4.426615
22.46796
10.84974
13.6815
22.31575
12.51634
20.93632
19.93558
17.52965
21.16536
15.71038
26.92455
7.478526
9.139764
10.82656
2.172493
26.50381
16.66935
5.61664
16.89812
10.27033
12.32307
16.89721
16.57972
17.17818
9.27741
19.21022
30.75644
16.90418
15.64733
36.1446
22.10413
14.97989
12.4551
25.61979
17.61801
21.51767
3.482344
21.8496
22.08081
26.31206
28.02557
18.22698
29.91457
26.41071
9.071142
18.62164
6.97211
24.52573
19.75126
15.14348
17.87454
35.33972
20.23895
22.50907
24.95342
28.99022
13.55849
26.45204
27.49275
19.43226
17.59862
16.22125
20.39925
24.20909
21.56098
30.87813
17.40009
12.46152
22.82695
26.03878
25.92424
11.33982
23.21031
27.94719
20.83764
13.37823
21.08064
13.54826
21.59428
21.24472
18.82781
23.23317
31.6828
22.05065
21.41829
12.4575
27.44871
15.97097
25.83513
17.81114
22.74863
20.79705
24.91763
25.41831
23.43444
20.4947
26.53414
30.55468
22.5501
28.85207
21.80709
26.2771
17.19121
15.03606
28.41982
23.13935
17.61441
13.2692
19.32806
19.75719
31.21768
19.40324
29.37913
10.40195
3.947473
19.20713
21.79975
22.70101
18.84129
24.01725
13.25606
23.31433
10.52902
20.03001
22.1095
19.27561
25.2405
11.56143
16.9774
10.2345
17.76659
14.17226
17.18087
25.67837
23.68545
19.99231
22.80131
27.26744
27.10878
18.66621
26.73463
34.62911
21.2344
11.64588
21.20846
23.75688
14.84676
24.35752
26.69824
22.13246
21.21317
22.17335
13.0933
28.43229
30.78865
29.82717
31.63377
19.35712
21.51512
38.73389
29.08791
23.53778
23.91857
23.72979
23.30936
21.72856
33.04054
9.018935
20.26
31.55078
16.41303
13.80624
23.60919
30.54582
30.60806
37.34366
14.76177
28.38103
28.69583
23.30909
28.67363
24.32819
20.81074
22.05555
41.59261
20.24544
30.98532
13.33596
26.49267
17.10512
12.18074
22.21343
26.94815
9.626333
18.80462
29.01619
21.32712
15.5638
24.70552
28.09155
29.54563
23.27985
12.9569
29.95277
43.21826
18.44617
21.50538
17.79507
21.22355
32.20509
26.28105
37.13746
38.18499
32.24707
7.759215
12.73228
20.53791
20.36342
21.77597
20.17088
29.8487
30.93436
31.80118
20.74276
22.27027
30.96373
21.80015
18.91938
37.53167
23.46369
28.35183
22.99614
20.21573
19.71303
15.5574
17.39286
25.22356
38.96477
31.34452
27.9513
17.92115
31.01521
20.07357
27.37244
32.28653
29.11982
24.1406
26.87885
22.72739
22.79476
20.47184
22.49719
24.81174
37.26517
37.29653
28.48511
24.50944
24.34406
10.19221
23.99518
25.01398
30.2886
15.51937
17.85442
37.35211
31.61951
28.59458
25.37564
21.66619
37.57791
33.7351
32.40462
33.75754
22.91856
20.99314
18.82864
34.76528
28.25085
14.42639
36.39286
32.72176
21.74063
19.29654
25.39183
22.08735
19.75635
35.16115
27.40031
32.65259
17.1301
38.96242
31.17366
35.43525
26.57581
25.47765
18.39216
25.56167
30.44344
28.34593
37.23031
28.20622
21.05862
23.89358
39.7177
27.83311
25.16729
26.79363
25.97291
33.68244
18.53266
16.76688
27.97456
31.42333
28.72316
50.94339
30.68554
24.42713
37.13615
29.25338
16.90339
32.4293
24.86498
23.16072
33.55963
46.02278
34.02763
31.94776
17.72978
29.92434
28.74654
23.92976
35.91586
40.19517
17.01783
40.17237
15.61281
25.81362
36.93751
35.1919
16.31442
28.33579
51.43403
31.35847
24.26437
23.47825
28.68418
31.92973
32.14691
30.96559
40.25918
26.6741
21.33798
29.63606
24.93921
23.05238
21.49741
26.57924
30.6971
20.46917
37.29033
28.67409
24.4016
29.64768
40.32096
31.56338
38.87913
36.13399
37.5549
24.93263
13.47658
31.42155
32.88542
35.65222
19.606
30.19916
27.09187
41.17749
18.47994
31.84563
31.40429
39.89254
12.60245
28.51724
36.31631
19.42752
28.85349
26.98651
17.486
16.16682
26.56228
31.92547
25.13915
26.84575
32.13359
22.08833
26.84143
33.31036
19.30823
27.19139
19.57501
20.45822
32.34141
28.15041
27.40092
32.08694
29.71036
35.53835
33.28977
25.99188
18.47204
29.76058
22.90803
21.96812
25.40215
29.95308
36.19674
27.87143
18.26019
20.16736
34.18224
28.90143
25.05713
38.50463
18.3397
33.37682
36.06414
26.56431
20.84872
35.27247
28.14537
32.47142
28.68455
24.55372
27.2711
20.57973
14.70601
26.35498
30.41271
26.16813
31.47947
35.80812
26.37113
28.09635
23.21636
31.64809
42.92795
31.97318
32.83961
39.73589
37.03151
36.69578
34.48723
41.83766
26.90407
27.29347
28.16887
29.28927
37.02923
27.03257
33.52814
32.56752
27.20863
26.18469
34.37284
28.1764
34.3854
42.57318
31.29405
20.55664
24.56261
30.78845
33.35452
33.29431
39.44728
35.89206
26.84245
37.03427
28.42764
31.54628
41.99101
30.41609
20.97008
32.66116
24.50628
33.76497
19.04889
29.54964
26.71956
36.89186
18.01319
14.93496
23.50208
23.58347
36.92996
22.31656
32.47237
25.43254
29.97084
31.61162
33.92237
26.7816
37.89086
17.25324
22.98492
21.90932
37.92612
31.48438
34.48853
24.44321
23.67375
32.81765
28.22565
35.83111
44.26671
29.20405
33.00227
33.40676
22.1531
31.37106
28.48539
42.18788
38.04826
32.82073
42.30819
38.53324
21.79675
35.4021
28.42066
40.95568
29.42546
32.29826
33.09477
34.15343
35.85817
31.90114
31.99709
38.56992
