0.06749000000000116
3.87744
-0.7641100000000005
5.767380000000001
14.42729
15.269950000000001
11.8309
9.383199999999999
4.58677
12.45673
16.66057
1.8139500000000002
22.287777000000002
14.695109999999998
-12.65635
0.682780000000001
-2.9038499999999985
0.3369199999999992
-2.7957400000000003
-0.2564600000000006
8.385886000000001
3.0579100000000032
0.07317000000000107
9.276450000000002
10.653251000000001
-1.8266109999999998
8.866159999999999
0.5525699999999993
0.43477999999999994
0.5262340000000005
8.699
-3.1294310000000003
0.14527999999999963
2.3247099999999996
0.23391999999999946
12.11428
1.2457199999999986
-6.443044
-5.511365
-6.29876
3.259050000000002
8.206620000000001
2.8922999999999988
-0.3682200000000009
15.146659999999997
7.655090000000001
9.616516
6.006729999999999
5.13012
2.723749999999999
-0.74817
8.220650000000003
7.6616599999999995
0.0817199999999989
2.5843799999999977
-3.8851899999999997
-9.735202999999998
-14.722771999999999
-5.145174000000001
-0.07104999999999961
-3.6427620000000003
-12.382689
-8.985228
-5.695648
-0.24279999999999902
-1.6492900000000006
-2.0831099999999996
-7.575602
-0.915989999999999
-3.1806129999999992
5.616620000000001
7.710619999999999
-5.942565999999999
-6.019501
-6.293398
-11.269324000000001
-6.372325999999999
-7.650161
-9.820526000000001
-15.386899
-6.229069
-3.444761999999999
0.11631999999999998
-0.055303000000000324
-5.9107378
-10.175704
-8.831933
-15.013652
3.455781
-12.170062000000001
-2.425939999999997
2.1676149999999996
-1.255539999999998
-14.243102
0.3495000000000008
-9.821587999999998
-23.75728
-6.651641
-1.94712
-13.565999000000001
-14.303414
-13.406045000000002
0.30034000000000205
-7.436238000000001
-8.259463
-8.391774
-8.969446999999999
-14.566608
-5.331180000000002
6.395479999999999
-14.134594
-10.569101
-9.961368
-13.701936
-4.2884530000000005
-2.5146300000000004
-16.923385
-13.018180000000001
-11.093074000000001
-5.832321
3.87538
-7.158067000000001
-1.1154899999999994
-14.819204000000001
-9.598984
-10.531376000000002
-0.08340999999999887
-12.036982000000002
-3.1009399999999996
-3.39499
-17.125374
-11.85401
-6.809060000000001
-2.499880000000001
-3.6055850000000005
-5.786519999999998
-6.965490000000001
-6.4959810000000004
-13.452387
-2.2551320000000015
4.499860000000002
-7.308052
-13.115096000000001
-6.330900999999999
5.967952
-2.460329999999999
-5.501950000000001
-12.249302
-16.507656
5.5661200000000015
-15.095645
-1.8721300000000003
3.1995049999999985
-8.940175
-3.5612399999999997
1.6055499999999991
-10.236401
-2.126850000000001
-9.068182
-5.965885
-5.345459
-15.579354330000001
4.204061999999999
-9.241570999999999
-9.885831
-9.805778
0.6201599999999985
-9.374288
-4.409212999999999
-1.6997899999999984
-7.110809999999999
-3.639244999999999
1.254389999999999
-10.010337999999999
-12.051051000000001
-11.749927000000001
-9.968094
-9.567146000000001
-5.408654
1.7846100000000007
-4.12266
-4.432053
-3.9042700000000004
-22.27039
-1.2605500000000003
-4.69205
-13.996718
-15.673826
-8.2813586
-1.1215290000000007
-7.753920000000001
-5.758639999999998
-11.858
-12.69961
-2.4702199999999976
-5.485673
-17.150963599999997
0.4801500000000001
-7.501659999999999
-17.7395925
-8.723058000000002
-2.0371000000000006
-6.161329999999998
-17.3331758
-8.245594
-0.4401200000000003
-8.0483386
2.5879119999999993
-1.5270299999999999
-1.597389999999999
-13.827162900000001
2.3186099999999996
-3.878339999999998
-4.329956000000001
-6.890130000000001
-10.4611181
-7.184054999999999
-14.80587
-20.67463
2.8467800000000008
-10.053568000000002
-2.202309999999999
1.857330000000001
-8.76287
3.841289999999999
-6.286056
-12.413603
-1.7112200000000009
-13.435046999999999
2.1686200000000007
-11.719662
-13.968876400000001
-8.535336000000001
5.28969
-4.929109
-19.006045
-0.8353300000000008
-1.2298800000000005
-8.590803999999999
-9.120763
-13.272389
-12.697765
-6.770456999999999
2.1704099999999986
6.51707
-10.628903
-10.375347
6.487589999999999
-9.570913999999998
-9.48654
-10.75865
-11.917635
7.262050000000002
0.9567200000000007
1.978200000000001
-0.10231999999999886
-4.733953999999999
8.336180000000002
-5.6142900000000004
-18.377415
-5.170684999999999
3.917460000000002
-10.117678999999999
-7.666785
-12.537201
-0.5126800000000014
-12.489140899999999
2.725670000000001
-1.627679999999998
5.721240000000002
13.140239999999999
4.209799999999998
-5.839574000000001
-1.5523300000000013
-7.219914000000001
2.038999999999998
-21.114227
-10.260299
4.027049999999999
-12.836814
-1.0516500000000004
-6.072140999999999
-15.768861999999999
-6.44951
-11.152868999999999
7.07671
7.704350000000002
1.79561
-2.05368
0.23082000000000136
6.8141099999999994
0.8728699999999989
7.953050000000001
-5.476732
-16.646912
-11.8701653
-7.786625999999998
-16.925899
1.586079999999999
2.274549999999998
2.805620000000001
-4.236640000000001
-16.0720972
-21.243983999999998
-3.676139
-10.438209999999998
-11.431255
0.5821500000000022
-0.11505999999999972
2.0460899999999995
-2.307170000000001
-8.791633999999998
-1.1517400000000002
-3.6750400000000027
-3.170390000000001
-1.8582900000000002
3.7545300000000026
-14.907532
-2.566040000000001
-7.23729
-8.49907
-8.71491
6.946090000000002
-0.2824399999999976
-8.895049
5.174960000000002
-0.9041299999999985
4.3383600000000015
-11.870836
-1.4478899999999992
-3.544413999999999
1.270900000000001
-8.491275
3.7900199999999984
-5.059330000000001
-4.734629999999999
2.4589
-5.322760000000001
-15.23233
-0.9166799999999995
-8.1043
-3.030519999999999
-7.701337
-6.26338
-0.024919999999998055
3.621109999999998
1.9731699999999996
-18.3251261
-10.526713
14.83973
3.9638500000000008
-5.395909999999999
4.65565
-13.312878999999999
-0.318480000000001
4.41187
5.280109999999999
-4.17052
-4.304326
0.11495000000000033
-4.470469999999999
-15.029855000000001
-4.85974
-8.184031000000001
7.17906
-12.941904000000001
-4.61819
15.451639999999998
-5.24061
-7.3363700000000005
-10.154330000000002
-9.411658
-3.700580000000002
-6.0446100000000005
6.838089999999999
-10.245052
-3.0501400000000007
-1.4492100000000008
17.499
-1.8127000000000013
-12.432769
6.303699999999999
-0.829959999999998
-9.665057
1.5268699999999988
9.56959
4.7227200000000025
-5.325273
-4.410910000000001
9.66226
4.0066500000000005
6.71302
-3.3833800000000007
-11.436390000000001
-0.55518
-12.186013999999998
-8.136819
-0.6083199999999991
-0.6462249999999994
-8.346715
-11.591522999999999
-6.583633
14.70636
-2.079370000000001
-5.247910000000001
5.08671
-8.890147000000002
-8.022290000000002
-1.6644199999999998
-8.366164999999999
-9.543258
-5.5701
-4.166729999999999
-6.465908999999998
-1.3014599999999987
-15.806999
23.19597
1.1234500000000018
0.3220099999999988
4.761839999999999
13.79859
3.8948199999999993
-1.6895600000000002
-3.6580199999999987
-4.54673
6.964000000000002
-8.946643000000002
2.6941100000000002
-6.7008399999999995
-1.011029999999998
4.96734
6.115309999999997
-8.153748
5.54327
-5.77107
1.4441299999999977
5.405359999999998
12.054570000000002
-4.1355640000000005
4.51643
0.5733899999999998
-3.759120000000001
3.5478699999999996
8.8683
1.6834000000000007
-2.724644999999999
3.3867800000000017
0.016859999999997655
-4.50365
10.16696
6.13504
-1.8826
1.2298800000000014
-2.25094
-6.804359999999999
-5.5572029999999994
-9.269770000000001
-0.010600000000000165
-0.8017399999999988
-13.086562999999998
4.0044499999999985
9.48373
-2.2772700000000015
0.2786799999999978
0.8483000000000018
16.68065
-0.7615099999999995
-9.02324
3.26858
7.1419999999999995
-4.602159999999998
-0.21762999999999977
0.1725600000000007
-13.906533
-3.0086400000000015
-10.80201
12.19304
-4.57485
-10.020358000000002
-9.26286
-0.8972699999999989
-0.6561299999999974
5.36364
-0.7104299999999988
-3.2135099999999994
1.9677900000000008
0.6843299999999992
6.465439999999997
-2.7396100000000025
9.67716
2.2338999999999984
-1.7527500000000007
5.297750000000001
-3.2643500000000003
-1.7780400000000007
3.443089999999998
-3.2881
-0.45125999999999955
1.8344400000000007
-3.3071899999999985
-11.292156000000002
5.3016200000000016
14.403319999999997
0.5919500000000006
0.7956400000000023
-3.112099999999998
1.5505700000000004
1.9519200000000012
-2.251760000000001
-7.460078999999999
-2.9711399999999983
-0.9570699999999981
3.944589999999998
6.6198099999999975
-3.5902299999999983
-6.865490000000001
4.746139999999997
-9.584265
0.2528400000000026
-7.635749999999998
-3.4126699999999985
3.07902
-4.965160000000001
2.5332299999999996
3.904040000000002
-0.8215299999999992
4.793900000000001
-5.476569999999999
9.85434
-12.750174000000001
-12.073426000000001
-8.485579999999999
-11.595637
5.139660000000003
0.665420000000001
-11.90296
-1.0530299999999997
-7.49798
-9.491629999999999
3.6541300000000003
-2.638460000000002
-1.1567499999999988
-3.6632099999999994
-1.8358099999999986
12.95599
0.00046999999999997044
-2.1048100000000005
13.108089999999997
1.58662
-5.46213
-1.5101700000000005
1.45608
-3.7441299999999984
3.2732600000000005
-14.439316
2.0552399999999977
2.66723
4.815469999999998
1.870669999999997
0.38610000000000255
6.092000000000002
6.642680000000002
-9.543608
-1.0441000000000003
-7.129090000000001
0.020589999999998554
1.1154999999999973
-2.907160000000001
-1.5976800000000004
12.10905
2.9853099999999984
4.2405500000000025
6.5732099999999996
7.850490000000001
-2.074069999999999
8.66487
6.585699999999999
-3.6643399999999993
-0.5869900000000001
-3.4798699999999982
0.5479699999999994
4.665769999999998
3.2080699999999993
7.7732600000000005
-0.9817600000000013
-4.74306
4.5183
4.14762
12.534770000000002
-3.8827999999999996
1.1706199999999995
9.569469999999999
3.49803
-0.8388399999999994
-1.8714399999999998
-5.99742
1.5548300000000026
-1.393419999999999
0.37801999999999936
3.264750000000003
6.781760000000002
3.9532000000000025
0.6369599999999984
-2.6092700000000004
7.0050399999999975
-0.016250000000001208
0.4727499999999978
0.22403000000000262
4.40804
-0.7835500000000017
9.03698
11.921930000000001
3.7914700000000003
-0.6968799999999966
7.024060000000002
13.72091
3.6621799999999993
8.556000000000001
-0.5116800000000019
6.6295600000000015
0.9357100000000003
-4.135769999999999
5.004610000000003
1.916800000000002
4.071629999999999
-5.545779999999999
-2.5005799999999994
0.6660600000000017
9.156180000000003
-0.7459199999999981
11.79403
-6.810680000000001
-13.405937
-2.545390000000001
3.7410700000000006
0.08410999999999902
-0.2838499999999975
2.3616300000000017
-1.3673000000000002
4.082440000000002
-8.005010000000002
-2.54786
5.510259999999999
-1.125630000000001
1.386140000000001
-6.328529999999999
-3.7386100000000013
-10.48857
-3.05631
-11.50877
0.7575199999999995
4.465770000000003
2.00572
3.3674800000000005
3.3711599999999997
6.962870000000002
5.614850000000001
-1.1523199999999996
5.348189999999999
11.910869999999996
-0.26905
-3.0467200000000005
0.2919699999999992
0.6083399999999983
-8.347290000000001
0.3814799999999998
2.9673799999999986
5.667399999999997
2.643900000000002
6.114169999999998
-5.33408
6.375329999999998
15.108730000000001
11.454139999999999
9.19409
1.719059999999999
1.600010000000001
15.46929
3.7141699999999993
4.908450000000002
4.685949999999998
4.837350000000001
-1.6740199999999987
-0.7172899999999984
12.197949999999999
-8.003295
1.9257200000000019
8.95854
-6.87771
-1.8882199999999987
0.6391200000000019
4.534669999999998
12.517419999999998
15.167919999999999
-6.637980000000001
7.111809999999998
7.19969
0.8993900000000004
5.549499999999998
2.761759999999999
3.5816099999999977
2.195170000000001
17.23003
0.8830099999999987
13.769960000000001
-10.49944
7.323689999999999
0.2742699999999978
-8.8935
5.786519999999999
4.18037
-9.051927000000001
-0.9559800000000003
6.462310000000002
-2.1557499999999976
-1.4230899999999984
-0.18578000000000117
4.378550000000001
5.845739999999999
3.8666400000000003
-2.679780000000001
8.102540000000001
14.28958
0.4013399999999976
2.5675199999999982
-2.7940000000000005
2.2310300000000005
6.733189999999997
3.5609800000000007
10.378419999999998
10.817139999999998
10.156570000000002
-9.411974999999998
-2.9221200000000014
2.9794300000000007
0.6181300000000007
-1.020039999999998
-1.5956699999999984
6.87472
9.656030000000001
6.255649999999999
3.4853400000000008
1.6501699999999992
5.006140000000002
-2.10661
0.03342999999999918
9.537979999999997
2.5773200000000003
10.45703
4.82789
0.013850000000001472
1.0147300000000001
-1.84361
-0.9680500000000016
2.4483999999999995
20.52495
3.461970000000001
6.166119999999999
-5.288119999999999
3.9745199999999983
2.1962399999999995
8.02523
12.745049999999999
3.011189999999999
2.0672099999999993
3.4834700000000005
-2.8684399999999997
3.070029999999999
4.105609999999999
-1.0332800000000013
3.63448
8.192929999999997
18.821289999999998
4.4099
6.52177
-1.5237100000000012
-5.50713
3.812660000000001
4.920369999999998
7.097809999999999
-8.19579
-8.502279999999999
13.851330000000004
8.76464
3.674199999999999
6.410610000000002
0.6705000000000005
13.192730000000005
9.205120000000004
12.17604
15.405539999999998
-6.442910000000001
2.5464599999999997
-3.1224500000000006
7.4559599999999975
4.07432
-5.359610000000002
11.192789999999999
8.742180000000005
-0.07626000000000133
1.220880000000001
1.3796800000000005
0.25778000000000034
-0.7592599999999976
16.00255
5.255420000000001
7.3838199999999965
-9.009050000000002
12.535260000000001
10.95531
14.267130000000005
7.982700000000001
6.590690000000002
-3.311
5.877679999999998
5.302209999999999
9.07452
10.121330000000004
2.885399999999997
-3.608559999999997
1.9958400000000012
14.124929999999999
9.262550000000001
6.018190000000001
3.6033599999999986
8.061509999999998
7.75329
-2.0228600000000014
-5.682980000000001
6.111000000000001
4.938839999999999
6.01671
26.589090000000002
7.671289999999999
0.02710999999999686
12.30482
9.005790000000001
-3.6644599999999983
12.485989999999997
4.922909999999998
7.242320000000001
12.157539999999997
19.384969999999996
9.812040000000003
5.0122399999999985
-2.8056199999999976
2.1149500000000003
4.9222
-0.23626999999999754
15.269300000000001
16.130049999999997
-2.669740000000001
17.71911
-2.32949
5.696650000000002
16.989040000000003
11.746759999999998
-5.157060000000001
5.97803
25.31344
11.30009
5.12182
-2.126899999999999
5.6223600000000005
9.343999999999998
12.210289999999997
6.45092
18.359840000000002
4.45993
-2.81213
11.10249
1.6881199999999978
-1.6782600000000016
-5.56568
-0.8187200000000026
8.97352
-1.8828000000000031
11.756409999999999
3.8657000000000004
1.697849999999999
10.379380000000001
15.046689999999998
8.02826
16.571070000000002
17.502739999999996
14.705870000000004
1.0598600000000005
-5.67271
7.285879999999999
4.754490000000004
12.63475
-3.5606299999999997
9.59921
2.3481099999999984
17.88512
3.3445599999999995
9.67682
11.12277
19.171839999999996
-7.527849999999999
5.8795600000000015
12.117640000000002
1.5975500000000018
6.76784
2.9614499999999992
-3.1091499999999996
-7.449369999999998
7.97541
15.423259999999999
8.81567
1.5392599999999987
11.773149999999998
0.74099
0.8889199999999988
10.814250000000001
-5.144900000000003
-1.1192300000000017
-3.9608300000000014
4.038150000000002
9.204220000000003
7.64744
6.622809999999998
10.627659999999999
3.7265900000000016
17.23188
4.516679999999997
0.8641199999999998
-6.176459999999999
4.21799
1.7811899999999987
1.0853900000000003
4.1691
5.40063
16.855809999999998
8.51717
5.463630000000002
0.003539999999997434
12.425059999999998
7.022400000000001
3.3014200000000002
17.13815
-1.4392600000000009
9.29747
6.193740000000002
5.847059999999999
2.8166699999999985
7.397599999999997
3.9893399999999986
6.594160000000002
8.205560000000002
1.9198199999999979
4.938590000000001
-0.9501899999999992
-8.060090000000002
3.7376700000000014
7.962520000000001
5.078380000000003
0.9154099999999978
6.013810000000003
4.399550000000001
9.031840000000003
-2.068929999999998
3.688579999999998
15.880160000000004
8.744589999999999
7.9356100000000005
14.933269999999997
9.309619999999999
9.750159999999997
12.891279999999998
17.73097
4.2284299999999995
2.49474
3.4296099999999967
3.50047
8.347779999999997
2.40203
-0.3295999999999992
9.878150000000002
0.24446999999999974
4.8644099999999995
6.021549999999998
7.49709
13.105889999999999
20.003600000000002
9.048109999999998
-4.540649999999999
2.4289400000000008
6.086320000000001
1.3549900000000008
6.010650000000002
12.844279999999998
11.04449
0.8944699999999983
5.452739999999999
2.1587700000000005
8.42972
17.911780000000004
5.540800000000001
-7.293230000000001
8.450250000000004
5.85014
13.207569999999997
-6.658809999999999
9.909479999999999
2.76267
10.721440000000001
-1.6457599999999992
-8.561989999999998
4.59112
0.0018399999999978434
11.147770000000001
-2.367810000000002
11.801089999999999
3.80978
-0.643060000000002
4.972899999999999
8.503220000000002
-6.855720000000002
13.216010000000004
-0.7168299999999981
-3.6281500000000015
3.47316
11.740329999999997
11.213990000000003
12.822199999999999
5.65061
1.4021799999999978
7.408010000000001
2.1872500000000024
10.345150000000004
22.818220000000004
6.37349
3.7322700000000033
0.720799999999997
-0.37726000000000326
14.028469999999999
4.1462900000000005
13.56154
13.22778
9.067089999999997
14.349600000000002
13.488199999999999
-4.4056999999999995
13.023559999999996
6.260430000000003
16.79758
4.58305
14.450219999999998
10.102619999999998
6.0029
9.634810000000002
9.267580000000002
1.657119999999999
16.409370000000003
