13
36
40
44
60
98
99
122
123
131
175
235
255
280
294
329
352
379
400
429
433
462
467
582
587
611
615
621
630
637
642
648
670
693
696
717
743
752
758
767
812
816
855
870
878
890
903
905
917
946
949
956
964
1028
1057
1107
1114
1132
1157
1183
1188
1215
1236
1251
1273
1276
1288
1291
1305
1319
1321
1329
1372
1379
1419
1455
1481
1508
1510
1607
1671
1679
1692
1705
1709
1717
1742
1757
1780
1803
1814
1824
1837
1839
1866
1881
1888
1906
1921
1982
1993
2016
2042
2045
2046
2095
2100
2136
2149
2189
2298
2304
2327
2329
2341
2352
2407
2432
2434
2440
2446
2455
2497
2525
2532
2574
2588
2597
2600
2618
2624
2658
2659
2663
2676
2678
2683
2705
2769
2793
2807
2846
2847
2920
2922
2941
2959
2971
2983
3029
3032
3060
3061
3082
3089
3167
3207
3209
3223
3261
3275
3288
3292
3320
3346
3381
3396
3425
3454
3458
3463
3516
3556
3562
3563
3606
3632
3636
3642
3647
3681
3689
3745
3747
3774
3776
3780
3831
3856
3870
3887
3903
3905
3924
3956
3957
3979
3994
4010
4011
4015
4030
4065
4077
4097
4105
4107
4139
4161
4191
4215
4318
4358
4361
4369
4372
4384
4406
4411
4455
4492
4517
4526
4548
4552
4594
4657
4669
4670
4675
4693
4709
4715
4718
4733
4761
4764
4765
4789
4851
4858
4861
4864
4907
4930
4939
4945
4958
4959
4982
4984
5026
5028
5054
5082
5145
5162
5176
5177
5190
5221
5256
5257
5266
5271
5307
5320
5380
5381
5389
5397
5419
5432
5485
5500
5548
5556
5558
5566
5579
5583
5588
5634
5646
5653
5693
5710
5726
5753
5787
5807
5927
5931
5940
5969
5999
6010
6030
6032
6098
6130
6142
6146
6167
6185
6196
6203
6232
6236
6251
6266
6274
6275
6279
6354
6373
6404
6420
6434
6457
6463
6492
6494
6499
6513
6520
6529
6535
6561
6577
6651
6655
6670
6682
6687
6702
6714
6721
6739
6792
6806
6834
6873
6874
6884
6897
6912
6920
6943
6963
7024
7040
7042
7048
7052
7112
7164
7196
7223
7260
7263
7286
7290
7349
7357
7359
7395
7408
7412
7419
7424
7446
7448
7491
7537
7544
7572
7582
7583
7603
7639
7656
7701
7722
7723
7746
7753
7789
7803
7807
7847
7856
7881
7888
7926
7950
8000
8016
8066
8067
8083
8135
8152
8183
8187
8192
8198
8206
8221
8252
8253
8286
8287
8323
8337
8342
8421
8431
8443
8461
8485
8516
8530
8558
8605
8606
8611
8617
8636
8717
8718
8724
8736
8740
8742
8746
8770
8780
8789
8793
8823
8848
8890
8898
8900
8919
8928
8978
8989
8995
9031
9037
9060
9069
9095
9102
9103
9115
9124
9148
9170
9191
9261
9313
9336
9347
9376
9418
9437
9460
9469
9484
9505
9514
9516
9526
9539
9557
9623
9627
9634
9638
9664
9668
9680
9681
9717
9742
9786
9792
9806
9814
9822
9843
9863
9865
9868
9890
9894
9897
9898
9923
9943
9953
9973
9991
9995
10037
10099
10131
10169
10183
10192
10214
10217
10226
10250
10265
10272
10374
10387
10437
10452
10465
10472
10480
10486
10495
10511
10531
10548
10579
10630
10635
10731
10756
10781
10789
10820
10831
10893
10902
10906
10921
10930
10941
10989
10998
11041
11065
11068
11080
11088
11091
11095
11104
11121
11132
11135
11142
11161
11162
11165
11172
11279
11308
11309
11310
11337
11353
11416
11437
11445
11447
11478
11497
11520
11560
11583
11589
11613
11638
11658
11675
11682
11725
11735
11776
11786
11791
11817
11824
11830
11831
11855
11876
11880
11910
11933
11941
11986
12017
12027
12040
12043
12116
12121
12138
12164
12167
12229
12234
12235
12264
12314
12325
12334
12339
12369
12385
12398
12424
12488
12503
12535
12547
12628
12629
12635
12641
12655
12675
12677
12681
12687
12718
12727
12762
12791
12794
12867
12870
12895
12905
12912
12923
12943
12987
12990
13018
13078
13081
13092
13097
13098
13105
13116
13172
13180
13187
13192
13222
13250
13255
13264
13265
13296
13299
13329
13359
13383
13396
13409
13442
13455
13470
13487
13525
13553
13566
13568
13575
13596
13620
13635
13639
13674
13687
13696
13705
13742
13800
13823
13833
13859
13880
13881
13907
13908
13912
13924
13942
13945
13976
13996
14000
14013
14034
14042
14055
14059
14063
14082
14084
14097
14120
14145
14175
14207
14250
14285
14287
14307
14340
14352
14356
14396
14415
14420
14437
14448
14457
14461
14501
14503
14504
14566
14580
14659
14671
14675
14707
14708
14748
14794
14807
14811
14814
14842
14843
14888
14915
14927
15027
15050
15128
15142
15152
15167
15242
15253
15258
15272
15275
15284
15308
15309
15311
15319
15374
15394
15420
15445
15453
15466
15479
15514
15535
15556
15574
15590
15593
15599
15605
15623
15634
15686
15695
15699
15707
15728
15750
15762
15781
15784
15794
15838
15847
15855
15890
15925
15927
15934
15959
15960
15965
15973
16080
16083
16088
16094
16109
16115
16159
16191
16229
16241
16262
16277
16281
16302
16310
16312
16358
16367
16388
16392
16408
16414
16456
16543
16551
16633
16668
16717
16727
16745
16760
16763
16771
16791
16797
16815
16852
16860
16921
16938
16951
16958
16965
16976
16981
17037
17092
17095
17125
17132
17138
17172
17197
17202
17211
17213
17216
17247
17250
17277
17283
17326
17350
17372
17376
17400
17417
17484
17489
17549
17559
17589
17600
17602
17649
17668
17697
17700
17763
17776
17791
17807
17856
17870
17884
17909
17910
17942
17948
17963
17964
17994
18022
18045
18049
18073
18075
18084
18095
18137
18142
18166
18167
18181
18190
18209
18220
18245
18291
18304
18318
18320
18353
18363
18379
18388
18409
18416
18445
18462
18498
18546
18567
18626
18647
18651
18656
18739
18750
18777
18787
18805
18808
18817
18830
18854
18859
18866
18874
18903
18905
18907
18912
18922
18996
19014
19045
19070
19148
19190
19204
19210
19233
19258
19275
19314
19321
19337
19344
19366
19374
19381
19427
19457
19461
19478
19523
19569
19583
19586
19599
19614
19615
19629
19645
19659
19665
19715
19775
19785
19786
19831
19850
19871
19876
19880
19899
19914
19934
19980
20029
20033
20069
20076
20082
20102
20148
20155
20174
20176
20190
20219
20232
20245
20273
20289
20307
20373
20374
20404
20414
20425
20448
20472
20473
20487
20518
20541
20558
20602
20609
20612
20614
20660
20666
20694
20695
20700
20727
20739
20756
20759
20766
20777
20778
20809
20815
20824
20829
20850
20859
20945
20953
20955
20956
20967
21044
21074
