14.75681
11.12086
18.92201
15.33033
12.59505
10.82635
9.573929
20.23675
28.52177
22.6584
24.32358
21.13521
23.33558
9.301276
14.63776
11.90482
24.50671
11.10046
20.44967
16.96924
14.62746
19.84713
9.53014
27.89351
9.709774
20.75397
15.55632
18.29294
19.79301
14.60228
20.04279
21.71075
14.86746
26.84193
19.61245
17.20776
11.43771
18.75474
16.30042
12.1567
24.19468
11.79768
25.00964
18.73299
13.07999
27.13803
11.2648
16.20369
15.83748
11.91708
23.34821
18.4366
27.40356
18.73946
18.77759
5.724304
8.566889
13.08892
9.211716
4.935332
4.871064
16.49524
10.25156
8.805938
12.1838
7.600129
8.788148
17.60978
5.505777
6.01308
13.02973
8.595277
6.092458
4.820444
15.15179
15.45592
9.866573
9.65122
5.150652
5.092304
0.725629
3.21899
10.80215
-6.963727
-1.397144
8.011813
6.670913
0.05986755
9.434663
10.91372
5.168949
4.29334
6.630588
-6.857209
3.004006
5.947769
10.91238
6.254035
10.97085
0.7285573
2.638456
13.56856
12.85838
6.542625
9.829183
17.89038
2.359347
2.230923
4.657067
9.5309
2.218709
7.054966
2.098555
3.451019
5.273787
19.83441
5.646885
11.29549
7.709698
7.355811
2.809183
5.784651
6.117937
5.340147
7.306411
3.052512
8.77474
3.766339
-2.625732
9.58478
7.857898
15.42169
9.255806
5.861638
6.139111
7.933453
5.205418
4.394148
17.7036
13.45471
1.5507
3.579593
2.578151
10.33521
5.181547
7.562866
7.759735
5.623697
8.01629
4.021717
11.06355
1.580436
9.928018
15.53243
11.10527
12.72626
9.225161
17.89279
1.667324
8.962071
12.94016
15.59511
8.621235
8.061972
8.715327
3.272361
8.753242
13.85595
5.718588
5.085054
4.242994
14.72797
12.36547
7.159017
14.20511
3.234573
7.603303
7.965384
11.6194
-0.09357977
5.185244
12.35903
5.469405
8.452894
1.130772
3.243595
7.091801
17.18358
6.510466
7.244345
9.933628
13.42455
9.516807
10.39238
5.05156
16.48083
4.453043
4.534122
10.36561
13.67223
5.343907
19.34947
0.8648864
0.6385275
13.16419
9.007537
8.789495
12.52958
11.36661
6.717086
1.046371
0.8908639
11.80757
3.713397
6.178586
7.286702
7.393426
19.18945
11.0271
11.85241
7.349534
2.627138
13.73133
8.040115
7.904482
7.378562
11.7607
3.394062
1.316971
7.945443
10.06989
12.74858
4.69936
-0.5982035
15.5845
2.995769
9.886306
20.43838
8.197377
13.19582
9.490576
18.37703
9.46202
16.86594
4.072319
7.921299
11.76674
6.647247
10.70509
17.13264
5.82276
8.786545
5.723484
16.25038
14.2935
12.30139
11.00758
17.88324
7.748135
14.01451
11.44071
10.68724
16.62526
21.44486
10.4747
9.563502
6.68541
11.3122
9.333209
20.08319
6.472752
14.14125
18.36334
12.22969
8.876937
18.62214
7.654916
14.05663
3.086554
10.99212
15.078
10.08673
12.66616
7.191499
12.89971
8.628374
14.75369
7.787766
10.41096
7.53272
8.504564
8.811049
13.15947
12.63277
6.379109
20.5445
13.23212
16.16502
20.20602
15.60509
11.92254
6.819777
9.006978
1.234696
11.76615
14.81807
7.411563
14.47068
1.278452
19.85439
12.68181
15.17103
16.17911
18.78381
11.44827
19.14579
9.128052
15.94567
29.83941
6.952823
8.969406
12.07711
17.34583
7.819636
17.25543
14.37655
5.829453
20.32969
10.71318
9.067158
16.04437
12.04807
11.57169
3.008827
10.49996
10.83321
14.12141
14.97684
17.43676
14.89698
21.30101
12.97746
8.59409
7.280446
17.62603
17.79151
12.98024
11.55007
11.92561
17.19698
13.1098
10.46965
12.02859
13.91016
16.30476
11.08739
17.2639
19.27123
15.61789
18.67397
8.822875
18.17138
13.09776
9.973787
14.35479
21.21929
23.15903
10.82559
12.38299
17.08176
21.53184
17.86625
11.92128
21.87426
10.34034
12.15596
21.76897
11.36343
15.08245
15.92745
12.92471
19.16616
25.07652
7.696753
20.11355
16.38009
21.2203
5.167292
17.87283
18.87558
18.34096
19.17964
18.41434
18.56797
15.72177
23.61192
24.33805
19.91453
17.57743
12.45879
10.71276
14.73329
15.97471
22.71134
15.79565
13.87213
18.72742
17.64153
12.73477
8.772633
18.46912
12.3965
10.51479
19.54629
19.00043
14.49496
9.262398
17.02032
20.16672
14.37087
8.085921
15.55062
11.43163
16.91091
10.01918
22.35399
19.60029
12.18137
18.28682
18.93158
9.52386
16.55891
16.60308
11.37625
11.79069
15.96729
10.93946
7.759811
15.62728
11.29156
17.15242
19.04008
17.56912
21.30698
12.97757
10.08949
9.221467
15.42368
11.43084
13.17805
20.48451
18.42861
24.52266
11.71255
12.66917
20.17531
28.19579
25.21659
25.12836
21.15266
14.18832
18.76286
14.69195
26.22631
15.22349
19.31897
18.80061
20.87067
17.50937
13.93204
25.29669
16.87273
24.62626
18.00221
8.594129
19.97991
17.22095
22.71267
18.18683
20.03628
18.72158
13.27335
13.28934
17.11312
21.60938
21.13641
13.3353
15.80144
10.18668
21.69856
16.42209
17.34602
11.5459
22.5389
10.67165
17.07405
18.69823
18.2243
16.57877
18.74655
15.79434
12.90697
21.04983
21.11977
14.2937
17.6214
16.18094
16.57395
22.91002
12.07392
17.57422
14.99652
11.7062
18.36778
23.57981
13.88469
20.38042
18.72714
12.44647
16.33595
16.53007
10.61858
16.47562
15.67121
16.4881
12.17786
11.10354
22.04457
14.05037
15.96398
23.57042
17.35986
18.72122
21.55857
24.86208
24.3627
20.08054
21.84019
25.99589
21.00022
26.61024
25.39183
19.93827
15.94228
21.41768
11.96703
23.66137
16.08678
13.94958
18.94874
15.80042
21.51546
9.465562
22.86461
15.37805
11.26146
10.01712
20.962
18.8095
25.74226
24.95747
21.54298
22.82405
25.67409
23.37692
22.07294
23.89321
19.02123
12.80379
21.75103
18.24646
19.33158
20.32278
24.6957
25.88662
22.21403
21.49997
25.17712
19.1636
26.75949
18.76338
23.01085
19.31442
23.83266
19.4687
25.79341
16.92275
12.9611
20.1305
22.32002
18.39728
15.98631
21.12507
19.50521
20.15048
31.8193
25.83779
18.57618
22.0656
25.64284
13.22807
19.09575
15.26647
22.57169
22.23862
14.24643
23.44646
21.57993
19.15572
24.71886
21.03497
17.81826
22.4123
29.66172
20.13271
20.03654
24.29601
15.76609
23.11791
19.56984
22.76776
26.0835
12.68453
15.52187
17.95362
21.4261
16.55259
22.1645
17.50863
9.631106
13.64356
17.6119
25.1088
19.81027
25.93266
15.70252
19.90926
19.74239
30.41454
20.20124
20.57293
16.28413
19.23597
17.99102
22.35377
18.59337
21.61542
22.57578
18.29418
19.18558
17.64663
12.16055
20.48175
19.73534
18.011
13.88921
26.12433
20.55543
24.94376
29.57407
22.46699
24.61044
19.29772
12.54527
22.70775
23.71143
20.50768
19.39532
23.50039
32.9527
21.51924
20.64961
21.83456
25.044
27.8236
27.97425
28.11446
31.84634
24.26677
34.56183
21.93568
15.61985
30.72476
15.1354
29.6008
25.17707
22.95058
19.77285
27.90331
24.81736
20.00695
14.89247
20.15402
21.41982
19.18644
22.71024
27.91093
19.91414
22.01911
32.17303
25.74322
25.07791
11.25735
28.3781
26.37824
22.43374
13.2426
30.2779
23.86059
20.34415
23.40895
27.46461
25.30085
22.67385
20.72802
21.2485
27.11577
18.46249
25.32216
21.94151
21.98026
26.12382
25.08042
15.57001
22.70804
21.88142
21.42305
25.25034
27.54531
20.1186
30.79129
24.0412
19.65369
21.24661
24.80392
20.49111
29.01933
28.58121
28.21651
22.00282
22.91899
20.94788
22.78379
25.01175
25.46733
30.46988
23.19729
24.16848
15.97416
25.88067
20.91272
15.74796
25.1883
20.76363
23.32583
25.71776
33.57569
30.16149
27.32756
31.66557
29.90431
30.17083
30.06443
23.79856
14.95266
25.21625
33.84919
19.11451
28.29559
25.4796
32.32513
21.82823
27.13799
27.8972
35.50536
19.24657
36.31837
22.78337
25.68444
30.16286
22.68222
33.01159
23.92918
29.09674
22.72979
30.5401
25.09311
26.6497
23.41365
24.61175
18.77367
25.69035
22.6172
22.42602
31.2183
27.38168
20.87913
25.38483
25.15754
30.30219
29.01925
22.69357
24.96817
26.89992
20.46302
30.83885
31.37813
17.92954
32.31908
29.95075
32.7708
27.9829
25.14563
32.20078
29.7657
17.44762
27.40047
30.28349
21.98103
31.96652
28.71201
26.91079
24.95098
30.30285
19.82442
29.43808
32.79123
33.17532
31.5367
24.15005
25.81629
31.45005
29.72191
25.98388
29.04777
27.00325
28.41174
23.31688
30.55231
16.6136
29.65915
24.05373
20.95121
23.77138
35.05976
31.96525
25.22784
24.65907
30.24413
23.41564
26.35755
29.74774
30.58279
25.2258
23.11756
24.47669
25.91026
27.67127
26.17616
24.18575
29.5418
32.38327
26.69153
19.9261
29.42181
27.83029
32.542
32.49125
34.50264
34.59696
24.4096
29.04697
35.06226
21.87879
26.55286
30.7187
33.80532
35.53389
32.21656
32.15135
30.96165
36.42362
26.43953
27.64555
24.7272
26.7753
29.21524
27.65333
26.52767
27.78591
26.5623
36.43213
27.58855
26.39972
26.89695
33.2827
25.15052
31.08402
34.4197
27.52622
22.58325
35.16164
22.56133
24.77081
27.21054
33.53591
30.89756
34.88428
20.71322
26.4615
27.02991
26.38818
34.38393
20.54884
30.33421
37.25024
36.68279
24.95804
30.66946
31.29339
36.44411
28.32126
31.75435
16.61928
35.7607
25.31165
34.47614
29.33002
23.58782
27.38564
34.35804
27.82105
26.51583
24.21293
29.55262
29.70798
23.97108
29.25081
17.50236
34.37175
31.37976
29.5038
28.58757
32.23748
33.36005
34.787
28.17228
30.95973
28.41661
32.19167
27.88022
37.02096
27.37675
26.49056
33.87556
31.79074
32.04639
29.46914
40.12752
34.51461
24.34497
33.40138
34.05144
28.01644
36.87268
32.11632
29.4048
31.44656
30.51696
32.16803
33.74864
26.56113
36.74856
28.1065
31.83382
26.95482
27.1555
33.27138
23.64443
36.57908
34.98204
24.07041
39.14663
26.97875
36.30957
31.11019
31.73954
29.14188
30.95909
32.00005
24.91349
34.51983
35.38194
34.01596
30.78445
33.79539
31.23019
45.55366
40.99826
29.78567
34.7893
38.67684
36.64307
27.87792
29.88797
32.91915
28.54149
37.48103
29.51455
39.0242
25.82724
22.37598
28.82507
39.5825
44.51597
33.10197
33.6566
27.97589
26.2999
21.18062
25.77683
32.66127
33.58075
25.15324
32.47776
34.54297
34.00351
37.1358
38.03797
32.89091
31.15902
30.98375
33.37131
30.60589
25.76582
33.97073
34.37791
40.16659
30.07528
32.97074
31.33407
28.72136
38.56602
23.07415
30.3258
43.49602
30.69207
31.12796
30.35838
40.8232
25.74453
20.59198
33.07345
23.22598
27.91715
