2.917787
-1.649888
7.557659
4.289837
1.956913
-1.365731
3.914454
4.237042
7.8048
3.486672
11.38648
7.175554
1.607809
-2.608951
0.9142001
-3.240829
8.680678
2.130189
5.184848
1.56681
-2.48769
2.968371
-1.843692
9.682158
-3.754592
6.661947
0.89924
1.799603
1.956631
3.452561
0.3453748
12.15661
1.382374
7.720854
7.022419
1.259105
-4.527149
6.317345
1.896375
3.534969
9.84203
-1.925248
3.343163
4.609682
0.6992175
8.897984
2.733163
1.771058
5.46232
-1.134304
1.927005
-0.8325937
10.20026
2.722834
6.174092
-9.954001
-5.867591
-3.781854
-2.302614
-6.567614
-6.205543
1.813467
-3.687284
-8.804206
-2.217821
-8.196377
-8.97447
-5.665797
0.2899489
-4.472123
-3.415411
-4.457264
-7.606125
-8.122985
-8.653577
-0.3782666
-3.061776
-6.653616
-5.667394
-7.492917
-11.61524
-10.556
-3.253872
-13.79501
-7.182793
-4.324919
-5.270497
-8.479574
-8.213634
-1.087071
-6.849013
-3.928994
-3.111278
-10.81475
-9.021681
-8.121831
-3.397448
-8.178448
-6.334786
-9.622917
-9.914573
1.753691
-5.816461
-9.825389
-0.9373071
-4.404094
-9.886675
-8.517554
-5.618909
-5.986911
-6.280039
-4.2291
-8.483351
-7.136731
-11.65702
-0.2893733
-8.520998
-3.317398
-5.401371
-5.988918
-14.40687
-12.33875
-7.147344
-7.327524
-12.23866
-6.291634
-7.838174
-12.57143
-15.0993
-6.227261
-2.784141
-4.026333
-5.745423
-4.622293
-5.582637
-8.34726
-6.714031
-8.345604
-1.917928
-2.40057
-8.816087
-11.00805
-8.75778
-4.992036
-9.293289
-4.55024
-5.02668
-8.855753
-9.687481
-10.70244
-1.43379
-6.612788
-5.008732
-1.357083
-6.244592
-2.026832
-5.920942
-1.630104
-8.174239
-6.363653
-7.786286
-2.965692
-1.75197
-6.800184
-7.104833
-7.02629
-4.440107
-3.534225
-7.751544
-7.107306
-10.54969
-2.338134
-2.044619
-3.556908
0.9656973
-6.167645
-5.372605
-7.797045
-4.431367
-7.839856
-9.483255
-3.765093
-6.729993
-4.090118
-10.42602
-9.955299
-3.485328
-5.295473
-7.926797
-8.23285
-8.424127
-2.675806
-9.045761
-5.842983
-9.866123
-5.08424
-5.213862
-11.74884
0.2605601
-1.936227
-10.10028
1.43084
-10.71633
-11.41823
-4.008453
-4.137671
-5.356904
-7.015719
-8.472036
-6.862609
-7.925223
-10.2177
-1.98013
-7.45129
-6.641587
-6.687843
-7.626744
5.915298
-2.015978
-5.28952
-3.048046
-7.719211
-3.125339
-4.615488
-7.659858
-8.926917
-4.880477
-11.00218
-11.84517
-10.8566
-7.849979
-1.7669
-12.13434
-7.389919
-2.815076
-8.408194
-10.23894
3.127866
-3.760447
-4.461042
-7.389603
-0.4708728
-6.670406
-0.2255982
-10.14739
-5.052577
-4.592981
-8.500821
-0.1853552
3.865048
-4.15603
-4.630818
-8.483132
-2.469043
-0.2388502
-1.487859
-5.082503
4.111058
-2.443495
3.100684
-3.628483
-6.179156
-0.8295356
2.605925
-3.549636
-7.949329
-5.911004
-8.789658
-3.057217
-0.1148775
-12.83085
1.717982
1.969413
-6.474798
-2.322855
5.148438
-9.104961
-4.506646
-16.82372
-6.380901
-5.092927
0.2112196
-3.725045
-7.501407
-4.920263
-4.780631
-2.658523
-7.175014
-7.32961
-0.9885948
-7.150491
-7.447017
-3.114713
-1.209274
-4.779552
-0.8959554
-2.322103
-2.35214
-0.3605177
-5.144185
-9.537727
-8.831786
-4.417434
-9.32042
-5.760414
-2.792905
-7.16694
-1.196661
-9.674466
-1.945785
-4.056346
-5.04036
-2.900177
-3.777301
-6.822963
-2.676122
-7.211521
-1.475573
5.439366
-6.603437
-5.685243
-3.332359
0.8274113
-11.41436
-2.980791
-3.96209
-5.706394
0.9321977
-6.232153
-11.13771
-2.135683
-3.766664
-2.721615
-9.542003
-2.115859
-6.081621
1.846728
0.4693077
-1.526155
-2.467696
3.743896
-3.30695
-4.903917
-6.834438
-2.071628
1.473949
-0.2758636
-4.058113
-3.758035
2.49595
0.4337197
-8.304564
-1.500883
1.88209
-6.274884
2.344266
1.074495
-2.597251
-4.787381
-0.03184898
-1.930009
3.451719
-1.642634
-5.117975
-4.766675
-1.487532
2.965276
-5.259773
-5.624243
-0.1239818
3.480835
1.283069
1.713305
4.408399
-6.458335
0.8569461
2.341666
-4.12996
-4.412672
-1.357663
-6.477796
2.266933
3.27934
-5.870208
3.850963
-2.297022
0.4110485
-8.850296
-0.7910207
-3.1027
0.9695427
1.795114
-0.072333
1.836762
-0.8354489
2.724193
3.081289
-0.8086673
0.5076138
-2.093553
-3.233176
-2.654643
-2.437906
4.854848
-5.225731
-7.900188
2.169504
-2.714289
-3.767111
-7.513109
-5.664264
-3.352761
-5.50516
-1.303772
1.41299
-5.108377
-3.125326
-1.589634
2.555182
-3.151172
-1.866014
-0.7363493
-8.197094
-1.316202
-6.367043
3.023505
-0.7925356
-0.814622
-0.6826973
2.046234
0.1864527
-1.101348
2.517518
-4.956432
-3.522201
1.201069
-7.2066
-6.586321
-2.299102
-4.753796
1.447546
1.717663
-1.612522
1.967812
-4.756808
-8.539718
-2.387368
-1.476303
-1.957871
-4.919034
-0.3681256
1.055417
4.287031
-0.0752025
-2.998643
-3.827854
1.761398
3.310472
1.878913
-5.873022
-2.00446
-1.418739
-0.7154599
3.099482
-0.2934628
-0.4417111
-4.334037
0.3426329
-3.132213
-7.391075
4.853375
-1.241038
1.543486
-3.819165
-8.435495
0.009085012
-2.465162
1.640341
-3.342832
-0.9021374
3.402579
-3.111842
-4.378505
-2.195427
1.112477
2.174043
-6.217938
1.662536
-7.776873
1.120001
-0.5595029
2.014569
-5.166548
3.164683
-5.396443
-2.731471
3.881361
2.37125
0.3101793
0.4414912
-2.572486
-0.832659
3.347105
2.209812
-0.06303906
-0.7410173
-0.8946397
-2.481317
3.286448
-5.197303
-1.406038
-2.126784
-5.488407
-0.8206853
2.668194
-3.84167
-1.990485
1.157738
-4.779603
3.416297
-1.117482
-3.928612
1.664528
-1.082213
0.8732035
-4.89991
-5.990627
-2.620035
-5.454308
-2.58104
3.957825
2.669095
0.9971973
-0.1601258
0.7066072
2.126424
-0.5576534
2.522303
-0.8483233
0.1198272
5.31596
1.788977
-1.593144
0.8969421
-3.901223
-7.36542
0.6653415
0.02743923
-0.01050979
-0.3736635
-0.1649415
1.475557
-4.443528
4.620198
-2.006885
-4.857534
-0.0558948
4.370385
0.1373321
7.883345
4.947252
3.66625
4.010377
1.047744
0.4873274
1.425808
4.157137
-4.9506
-6.776379
2.085293
-0.3893034
-0.2047231
2.03587
4.604657
2.655945
2.981437
4.345227
2.1213
-1.548471
3.678035
0.9001505
3.159573
-2.992936
3.610578
-0.6525252
3.268699
4.269727
-2.451918
1.095603
1.087271
-2.795093
-3.093703
-0.7123575
1.103339
-0.6662829
4.984408
4.769069
-0.001696937
0.2196728
3.062125
-6.276024
-2.030851
-3.177769
4.075009
5.963066
-4.096135
-2.317454
0.6402035
-0.5100152
6.455922
1.991319
1.698413
4.909449
7.90702
-0.4046121
1.298627
2.824712
-2.034609
2.97335
-0.7088853
0.5512769
3.714102
-0.3086407
-4.630016
-1.049393
-1.078861
-3.50867
5.333872
1.6483
-4.268687
-0.266811
-3.009071
3.356277
4.36843
0.7402553
-3.627726
-1.649009
0.3810429
7.933579
0.4079496
-0.249966
-0.5845296
0.2269519
1.756427
3.238465
-2.730934
2.14862
3.459313
0.398239
1.174477
-1.505359
-4.882864
1.710842
-1.184679
0.1126463
0.04643299
3.595232
-0.5805516
3.557321
2.917518
1.017462
0.8945677
2.676037
-0.1666334
3.714593
-2.192686
4.916324
-3.798727
1.295123
8.762502
-0.4266974
6.818639
2.133929
6.670968
5.268438
5.71499
0.3873255
10.83032
6.564113
9.18809
0.447947
0.2217355
6.394289
-5.061014
2.408734
6.420939
-0.1088805
2.75062
4.499548
3.695458
1.728986
-1.752292
3.296584
-3.722455
3.108932
-0.9968086
7.199135
3.41814
3.093291
6.778034
-0.3678336
1.894577
-3.55427
-1.088106
4.349126
3.660868
-3.184249
5.961632
5.683245
-2.893231
-0.4264499
1.483832
3.799721
1.558194
2.629544
0.4154116
7.395683
2.299706
2.992459
-2.793134
-1.961217
-0.07287157
3.699897
-3.506903
-2.239582
3.030659
2.526017
4.872963
3.470512
-0.4186932
5.338797
-0.5610288
0.240481
-4.40939
3.293092
1.772656
7.746565
5.091813
4.753779
2.759251
4.318547
-0.7325568
-0.3101788
3.861522
8.625259
9.191544
5.793479
6.826321
0.8496106
2.331586
0.6493563
-1.785269
4.396185
2.595381
4.579545
2.088739
8.481258
6.605378
5.184058
7.640013
11.91981
4.242738
3.252067
6.53372
-8.731096
5.732552
14.45654
5.629068
9.254435
5.754868
9.430618
1.400943
6.013036
4.957684
4.604047
1.119651
13.34218
-0.9317846
3.484262
9.047187
2.172626
9.459151
2.048609
1.966204
7.853283
3.401148
5.619341
3.11564
2.170676
6.259749
1.254584
2.85167
4.43213
-1.1137
4.496877
2.137627
1.093135
6.425516
0.4722292
2.51654
3.067269
-1.035266
4.589665
8.354523
1.313983
7.33782
7.89203
3.778176
6.179936
4.643868
7.69107
6.516211
4.907396
10.35993
5.579741
1.793886
6.583782
7.455083
1.503581
5.747175
3.132182
-3.108804
4.734012
2.479654
0.1210432
6.403271
7.01429
11.70724
5.879564
3.36952
2.399703
9.104084
7.398601
1.583858
7.241589
4.875135
4.558927
0.5871411
11.73313
-4.171714
6.071962
-0.8033154
5.032811
3.858648
8.356832
8.860967
2.615483
0.8699752
4.567068
2.983732
1.038894
5.923398
6.829882
2.795494
3.558404
0.3512545
1.687988
2.979394
7.251636
2.588311
2.267882
6.717925
8.399305
5.252681
3.508139
5.244355
10.90291
6.886107
11.09728
5.774144
4.848186
6.553053
6.151264
1.700286
3.625139
9.04536
11.0667
9.748604
9.861114
6.460971
8.745655
8.51118
3.212286
2.037746
-0.8581991
4.350719
7.378756
8.731902
5.021903
2.251699
1.59196
8.627356
7.288167
6.620223
5.015352
11.38179
5.66556
9.04818
8.576778
6.43747
1.894827
10.89906
6.210696
2.295422
9.96079
7.980512
8.374755
7.1369
0.7210295
-0.3769709
2.805085
1.753716
6.52577
-0.5184208
4.81958
7.529219
14.23307
7.069948
8.768895
9.892298
16.52704
3.548915
7.9874
-1.692697
8.286397
7.929545
13.42022
8.535237
1.864291
3.799951
8.217162
6.184698
7.809129
0.9799425
7.673586
8.328648
4.192115
10.30641
4.015608
11.74711
11.88079
13.59148
5.214496
7.795224
13.42397
2.908586
5.467202
6.017485
3.363355
3.248348
4.050657
9.835508
3.807866
2.167396
8.17398
5.273258
4.600643
1.168925
13.92555
12.18302
1.780765
5.441876
9.095168
3.804501
9.927058
10.52038
5.439335
8.500928
5.089526
6.379236
4.255117
3.652469
12.76583
9.258092
10.55431
5.862789
3.762711
6.76874
1.987316
14.0095
8.941873
-0.09733354
13.23135
5.449808
15.17264
4.99238
9.891974
3.600438
10.24198
3.699206
2.386607
11.74079
8.375281
7.785615
2.752014
11.31572
8.024587
13.71712
9.66032
11.14246
10.14051
13.43666
9.697838
7.541731
7.373169
7.101343
10.90585
8.810644
8.120302
10.68811
3.890997
3.391816
4.091886
10.67636
14.25032
9.436865
7.419637
7.477557
2.93494
-0.5198963
4.731593
6.554446
8.419116
1.127869
6.389669
11.05794
10.63852
14.02644
9.4165
11.32248
6.283486
7.894899
7.273469
6.860576
8.423234
7.97204
6.71884
7.561157
6.90565
6.645943
9.03319
9.34202
14.81239
2.609842
5.768645
12.64117
7.272566
6.203687
4.76587
8.719492
4.482794
1.764111
15.22541
4.753948
5.685967
