12.0171
19.32532
19.57566
16.31281
6.042471
13.22577
13.87159
22.39441
24.59596
26.96576
29.71325
17.16831
22.56056
2.416453
4.255589
10.24824
23.27882
10.03315
16.68838
24.14116
17.8199
28.01162
16.50703
34.4942
15.66911
18.69247
24.55314
17.80933
20.17651
16.63076
9.210138
22.52675
10.91138
27.25068
20.20582
22.27769
19.98591
22.06182
13.97846
13.53423
23.76132
13.72092
15.36771
21.63769
0.7985561
10.46794
14.32667
17.32493
12.02396
9.208855
35.23511
19.28994
18.55852
19.34773
23.25972
9.144033
3.695689
12.35477
10.98226
-5.647806
9.115588
15.79944
9.987842
13.50935
17.55381
11.20061
4.868969
25.50699
9.521964
9.554836
22.06176
10.62794
7.988513
2.305219
13.86973
9.814689
8.065633
2.133115
5.524572
6.999631
3.534489
2.341082
5.336857
-6.380883
2.591106
1.666089
5.494395
-3.84244
10.21029
6.017776
8.487814
-0.6799399
3.945582
-11.00158
9.540942
4.964547
12.3627
-0.2226556
15.05933
-2.06875
11.9234
15.79154
10.70215
6.921156
13.20651
12.1072
-4.860034
-7.191492
-6.721414
5.808576
1.586045
5.705623
3.978475
13.44209
9.39891
24.13099
12.01297
22.63133
15.72013
12.22924
7.610294
7.602047
10.6432
-0.3206269
5.091721
-10.88432
7.575273
4.188488
-5.410204
10.88956
7.13737
13.25852
13.70765
3.101257
4.93404
5.123966
2.5698
8.786807
24.12139
13.67976
1.587742
0.4329823
2.832444
1.148927
9.562496
16.78995
15.02472
3.90525
5.153049
5.783985
12.92108
-4.830622
20.64001
12.83619
8.332298
8.924264
-3.44763
12.92864
6.86938
9.359835
12.11246
9.569122
6.664425
5.620133
3.636546
-3.205548
10.15617
6.871096
9.68114
9.088535
7.869618
9.408684
19.1555
3.788131
11.33118
0.3231512
-0.9497604
1.090212
19.04178
-2.889282
7.513231
14.46099
11.15738
7.333031
2.279755
4.442735
6.86776
9.891583
4.42684
17.82794
14.30366
5.672165
5.862312
11.06289
-1.793375
15.80643
-2.139352
6.234145
17.16482
11.18101
3.321947
15.27469
0.2819238
4.772197
4.520683
6.573356
3.418041
10.61164
17.82254
5.907026
-7.633513
1.390281
15.64818
12.00962
8.305511
0.4267571
20.39588
29.93447
20.85324
13.26359
1.265642
1.343885
15.14043
3.954151
9.549497
3.730636
12.75521
-0.5615092
-1.458983
5.026749
14.79495
17.74139
3.602658
-7.909304
21.31283
-1.975109
9.932888
13.62933
8.228075
11.53301
15.89482
20.29316
6.015219
18.19885
-0.2417707
8.959336
14.20095
7.00622
10.95105
19.75518
4.360235
15.2811
5.024985
25.98147
31.1467
13.53574
10.97914
17.06154
7.447282
11.28945
14.09378
11.1317
17.42831
17.93386
18.35983
13.47613
6.915114
11.59609
10.14908
14.70447
8.231554
11.01751
16.67726
-0.006904603
13.33974
24.38317
6.550607
6.415345
-0.5141417
10.12094
26.63618
10.21491
18.61205
17.5385
16.21902
11.67844
12.42206
4.507174
9.379878
6.888869
13.69095
15.38226
17.05202
15.42813
1.298124
18.75488
21.82173
14.36095
19.74591
4.528256
13.13623
8.45875
10.2946
0.5958146
13.40304
17.28558
-5.965705
18.28817
2.464658
14.87542
13.13381
13.72902
13.02046
29.56245
11.8399
14.58462
4.124838
20.1644
19.12173
3.146217
6.234568
12.76623
16.68628
18.66408
6.21689
6.41617
-0.6045587
22.95225
25.42869
11.86759
19.96853
6.103329
17.60481
-6.392145
14.83894
13.61005
14.06228
19.97864
4.958179
6.311863
24.36585
16.30231
14.98844
2.847285
12.62755
19.84277
6.212471
16.04054
8.961392
15.55081
12.65898
8.89106
10.59706
12.70069
8.905591
9.435517
15.71907
20.59892
11.27062
22.79436
7.180833
24.96674
12.33568
16.09652
14.44482
24.56757
27.10356
12.80937
20.1347
18.55832
26.10905
21.84478
20.11337
27.50276
6.890916
12.57393
29.7194
5.248338
14.12401
9.945866
13.83921
17.24583
31.72168
-5.626367
6.597533
19.494
18.04916
17.58002
23.76366
13.76154
19.8838
27.33395
13.16676
27.65688
13.17384
26.28999
29.35053
18.72592
17.15141
5.999935
12.2032
12.35206
13.4492
26.06824
16.69915
5.841061
22.27993
18.07126
13.7058
6.790867
18.78947
15.71891
14.03785
14.09432
9.69355
6.364053
12.29243
12.97897
32.29112
6.825195
13.59623
20.12607
13.64815
18.79361
8.191402
26.39105
24.75314
5.494263
22.55993
13.74152
11.23428
10.93465
17.49432
16.91105
5.608945
6.358748
11.66138
2.208345
22.72589
10.57005
9.120206
20.64418
20.42024
20.31889
13.16591
8.506842
9.724113
15.92997
12.42019
11.84969
21.49633
16.92978
18.128
13.68749
9.99965
18.4752
32.08224
31.09845
17.90794
30.38807
15.25045
14.6929
2.578316
29.96959
19.40282
18.66267
13.48026
14.82811
9.013948
20.11286
26.42254
15.07734
30.00394
15.18647
6.919595
11.20375
16.25419
23.73286
17.57007
17.32787
17.20696
16.44746
18.13099
21.5524
28.15803
21.19627
16.28889
20.25849
15.74287
21.3073
24.76798
13.03668
14.87904
24.11739
9.824269
14.47634
12.72292
18.02363
23.00733
20.53456
27.88831
19.04125
15.98781
33.31328
12.90467
21.71814
7.460777
15.49982
27.49577
8.420512
26.39774
9.516013
11.5066
16.38995
26.545
13.67983
21.41383
21.51834
6.634246
12.40737
17.63486
13.53454
28.28501
16.4236
11.18229
12.05461
13.6815
20.71525
8.18387
16.68398
24.93537
25.26197
15.89124
20.25
24.72746
29.29835
23.11638
24.13021
32.07432
15.7208
32.49622
26.48599
29.38938
11.49001
19.30074
15.96258
28.77458
24.17205
6.257997
21.92357
15.77982
22.94915
11.61213
21.51767
12.99605
18.22818
6.82409
23.03982
13.68605
22.04957
22.8011
22.664
24.73434
21.93103
28.54933
22.96007
24.53281
15.90871
13.98589
18.62164
19.75126
16.9796
24.29705
16.52895
35.33972
26.54397
24.36367
23.98727
25.19866
26.66492
13.6881
20.39925
19.7687
20.5587
26.6941
19.39376
10.277
12.69722
29.6508
20.30273
19.55753
17.31086
22.07621
22.19996
15.69043
29.47341
28.0882
24.92871
23.64715
25.93368
13.65363
13.9472
20.43399
21.11326
15.55498
13.77724
27.69379
21.26649
18.22201
32.8163
23.4682
19.58888
14.81905
40.17911
15.41338
23.95182
35.35414
16.00638
30.29685
24.43158
29.28778
27.68444
11.342
28.45108
19.56531
26.47848
16.21278
34.19366
25.05051
15.16798
6.555247
18.75782
19.20713
24.84785
24.93704
12.1667
20.00859
18.90845
29.15139
17.45685
17.76659
12.42553
17.29258
15.83724
24.19479
12.14182
25.02067
22.58005
14.98711
26.57274
13.87104
11.34923
20.63324
26.78247
9.422338
17.37668
24.4485
22.5095
26.73463
34.28532
23.31062
12.69212
20.933
17.43583
22.48552
26.28551
21.94262
14.84676
10.40378
23.55263
18.06606
25.59385
23.43599
29.82717
26.80673
27.43114
29.70024
40.87372
26.43323
29.08791
21.19837
18.61856
35.98038
10.99087
24.93527
19.6217
18.54755
9.018935
35.44748
27.7396
29.33953
24.36735
22.9888
18.14996
14.97732
23.91829
34.85823
19.21997
22.19488
35.80025
22.31766
24.31985
7.190631
25.47065
13.74771
25.15866
7.061353
20.92869
24.4335
17.01566
13.33596
40.91803
28.41435
24.67795
17.26379
21.32057
25.38992
17.783
26.19221
18.66591
13.4379
19.63509
30.88229
22.93913
21.86002
17.58017
20.97509
27.17721
25.99181
27.83738
23.78728
25.61061
23.27985
14.90748
18.21342
29.39217
29.79312
33.02579
26.61507
19.41259
25.24849
15.88345
18.1652
26.45451
32.76581
30.93436
37.29415
18.37777
16.84503
23.47132
22.96032
22.26235
18.72476
22.99614
22.64466
32.96876
31.70074
29.20657
27.52695
37.75012
22.75847
19.38198
26.70148
22.13063
24.87851
24.94387
28.68528
18.0623
29.85126
22.79476
36.50461
16.68435
16.7268
28.83347
46.14154
19.60185
46.73776
15.51937
26.90688
20.07405
23.83306
25.67969
24.99422
29.34806
19.83616
33.90822
27.66338
20.24844
17.90901
33.75754
22.69714
19.79795
27.23487
14.39751
34.35837
27.82553
14.42639
31.8128
26.15145
32.55227
34.80964
23.98549
29.48866
22.37209
33.85102
31.36749
35.61526
6.179881
17.1301
39.02213
38.1641
21.48354
28.63959
39.47796
26.41284
14.35467
23.68303
28.65727
25.80381
24.23397
28.05893
33.97168
25.1336
36.37743
16.72108
33.18861
33.42488
32.68473
36.3111
23.80128
22.31265
28.12028
25.96019
24.42713
30.90583
18.33775
27.60441
13.35844
32.34651
27.74038
31.70688
28.47135
23.16072
19.16749
31.03087
29.06611
19.67442
23.6681
30.40927
23.27521
26.33163
28.74654
36.29116
25.51928
27.08739
25.07956
16.61333
29.50982
28.79672
25.70077
33.4492
30.63013
32.51357
15.42231
22.93743
36.36597
24.09702
23.47825
33.56054
40.22307
25.67793
28.03951
32.76699
16.34107
18.1308
36.32237
37.34053
30.10578
29.71449
34.04289
31.7148
30.74542
28.39703
28.58612
25.05961
23.35421
33.93508
32.79408
21.06558
17.01545
25.66401
28.49754
24.89542
29.71057
26.64806
30.38718
31.47638
31.07613
31.06437
37.41865
16.56992
27.93817
29.71346
30.95592
28.5536
33.47177
30.20494
36.94169
16.81056
26.23584
30.3769
21.87665
36.60078
27.07945
42.43846
41.81122
36.37036
26.70523
27.53866
30.80249
34.49579
27.35148
30.49758
21.59707
32.0281
29.92723
35.82684
20.51157
17.41003
27.1695
32.23428
34.79584
24.43785
20.99983
28.90143
34.06095
18.3397
32.34223
17.54316
33.82271
35.23684
33.69861
28.3271
33.13423
33.39255
32.06156
29.29589
25.79697
25.90446
25.85579
25.20771
36.17656
24.13654
19.19132
31.68173
31.97137
22.23144
33.24294
37.84467
34.3484
21.64285
31.64809
34.03525
25.10703
36.69578
34.48723
28.15885
27.87755
27.80837
29.28927
43.34455
25.17271
43.50876
25.64005
34.3854
27.5366
21.31631
29.98123
18.83772
42.57318
44.46769
22.82316
37.27803
31.44275
38.57612
39.54557
31.05033
26.48558
25.17727
33.02101
22.44943
41.29391
42.02317
34.76814
26.63921
28.94493
20.59272
42.01015
44.00893
25.83033
39.4025
32.11207
41.86529
34.36866
31.04626
32.12285
28.43792
39.54204
26.35999
44.29842
29.95345
23.89382
28.33507
39.08841
42.72459
44.43007
37.50631
26.23949
18.96893
14.72385
27.99095
25.55924
32.19464
20.64738
37.48779
33.07908
36.257
28.30295
35.18382
32.13651
36.25897
21.11253
28.50881
35.45485
31.37106
34.042
33.94041
38.99357
30.03217
28.94792
29.24605
22.40328
32.82073
17.61845
20.66685
40.94247
34.05652
33.78055
34.84514
42.3678
26.23182
19.20653
32.29826
12.3702
23.83776
