0.17806999999999995
6.554580000000001
8.21131
5.272319999999999
-4.595659
1.03369
8.212115
6.3947
3.8789900000000017
7.794029999999999
16.77615
3.208660000000002
0.8327899999999993
-9.493777
-9.467971000000002
-4.897410000000001
7.45279
1.0628829999999994
1.4235499999999988
8.738729999999999
0.7047500000000007
11.13286
5.1332
16.28284
2.2047399999999993
4.60045
9.896059999999999
1.315999999999999
2.340130000000002
5.481039999999998
-10.487272
12.972612
-2.57371
8.1296
7.615789999999999
6.329039999999999
4.021050000000001
9.62443
-0.4255899999999997
4.912502000000002
9.40867
-0.0020100000000002893
-6.29876
7.514379999999999
-11.582223899999999
-7.7721
5.795037000000001
2.8922999999999988
1.6488000000000014
-3.842525
13.81391
0.020750000000003155
1.3552300000000024
3.3310999999999993
10.656220000000001
-6.5342769999999994
-10.738791
-4.516
-0.5320699999999992
-17.150756
-1.9610219999999998
1.1176700000000004
-3.9509980000000002
-4.100790000000002
3.152189999999999
-4.5959
-12.893650999999998
2.231409999999997
4.306136
-0.9303640000000009
5.616620000000001
-2.4246
-5.710067
-10.638210999999998
-9.93564
-6.019501
-4.862717
-14.171724999999999
-5.2934779999999995
-5.585589
-8.806381
-11.433908
-8.719163
-13.212164
-3.1945430000000004
-10.670641
-6.4470149999999995
-12.381881
-7.4380099999999985
-5.983024
-3.5301460000000002
-8.9022739
-5.796284999999999
-14.959119000000001
-2.4847480000000015
-9.105053
-1.94712
-14.6551356
-2.2463000000000015
-12.42022
-0.6296299999999988
3.9766699999999986
-7.97269
-9.446854000000002
2.4400200000000005
-10.18728
-17.106054
-17.939972
-16.997394
-9.709234
-6.9127030000000005
-5.578447
-6.603435000000001
2.8543400000000005
-7.531890000000001
4.007210000000001
-2.154910000000001
8.018439999999998
2.6090599999999995
-1.1154899999999994
-9.605756
-10.521353000000001
-2.6220800000000004
-12.9882969
-14.453349
-20.228466
-9.037637
-12.149282
-17.883774000000003
-4.92248
-3.50467
-6.189499999999999
-1.2935800000000004
-7.3826730000000005
-6.78771
-11.156744
-9.34965
-3.952943000000001
4.499860000000002
-2.1755200000000006
-8.779048
-14.1546577
-8.503485999999999
-14.178313
-4.912344000000001
4.67684
2.2383100000000002
-10.5742
-12.550721
-8.940175
0.42374000000000045
-13.023846
5.70326
-4.053320000000001
-9.017572
-5.828825999999999
-18.59373
-6.59426
-2.972183000000001
-5.965885
-8.61398
-8.991678
-3.708775000000001
-9.242027
-12.183613999999999
-13.504198
-3.037180000000001
-10.519084000000001
-3.78899
-3.1038250000000005
-6.923062000000001
-7.657416
4.74541
-6.927789000000001
-1.9082299999999996
-9.0790668
-13.925670400000001
-14.672218
2.9910099999999993
-10.635558
-7.155269
-1.6631300000000007
-1.0420200000000008
-5.209979000000001
-9.277035
-8.756155
-3.7093700000000007
-12.587467
-10.01042
2.350740000000002
-4.054089999999999
-10.428194999999999
-12.700258000000002
-5.172470000000001
-16.711055
-5.758639999999998
-11.806257
-10.048815
7.0597699999999985
-4.4274499999999986
-12.122243000000001
-2.6439400000000006
-11.2992962
-7.284563
-12.651957000000001
-6.571854
-10.728359
-8.933650000000002
-2.016110000000001
-7.672674000000001
-16.605107
-9.718279
1.8604800000000008
0.8449299999999997
-4.514659
-13.547792900000001
5.375709999999998
16.66032
7.81016
-3.878339999999998
-9.131938
-9.002464999999999
-1.7162400000000009
-8.701449
-6.014842999999999
-12.574843999999999
-3.8859699999999986
-14.9577492
-14.621123
-13.775291000000003
-3.1249199999999995
3.225909999999999
-13.231042
-14.701018999999999
2.9132500000000014
-13.379069
-10.192362000000001
-3.6811800000000012
-3.7297449999999994
-6.123850000000001
-0.98536
1.445260000000001
-10.117211
1.1073100000000018
-14.4614807
-4.014543999999999
-2.1587699999999987
-8.141850000000002
0.0606100000000005
6.487589999999999
-5.618555
1.86374
-9.181635
7.262050000000002
16.61435
-0.25350999999999857
-5.110940000000001
3.2893600000000003
-2.7443479999999996
0.3756199999999996
-0.9754199999999997
-5.734699999999998
-0.026479999999999393
-0.9050800000000017
4.335499999999998
-4.0367000000000015
-5.681296000000001
-8.505769999999998
-2.2413500000000006
-5.493590000000001
-11.072046
-1.4057600000000008
0.2833299999999994
-18.711384603
2.1399500000000007
10.90947
-10.209273
-12.147934999999999
-20.4244117
-7.252080000000001
6.465250000000001
0.3393959999999989
2.2208499999999987
2.8455899999999996
-1.600950000000001
-1.7305600000000005
-4.990150000000002
-10.455606
-8.360692000000002
-1.6324459999999998
-1.9640999999999984
-0.8758099999999995
0.7778399999999976
1.586079999999999
-9.860536
-2.6855800000000016
6.267509999999998
-4.15621
-0.8206300000000013
-16.221024
-8.324040000000002
-7.19281
-3.129809999999999
-9.9593054
-4.123519999999999
-0.32538999999999874
-20.544204999999998
2.6208300000000015
-8.488262
-6.924750000000001
-3.60435
-6.482370000000001
-6.05883
7.001339999999999
-6.431329999999999
-7.23729
-12.214731999999998
2.7431599999999996
-5.278310000000001
-10.410043
-8.420082
-2.6432400000000005
0.167860000000001
-0.5699100000000001
-14.01934
-11.92247
-12.1404087
3.554759999999998
8.483349999999998
-8.33728
1.7884799999999998
-9.711401000000002
3.31151
-18.942975
2.2231199999999998
-3.304779999999999
1.7875999999999994
5.4711099999999995
-14.004741
-11.052817000000001
6.808739999999997
0.017899999999997362
1.49043
-11.267595
-7.07011
3.5252100000000013
-7.043639
0.4323599999999992
-6.7222480000000004
0.8497800000000009
-0.017100000000001003
-9.88316
-2.932409999999999
0.6726200000000002
-13.674049000000002
0.6923950000000012
-0.4703299999999988
-1.269560000000002
-9.134650000000002
4.088540000000002
-3.5720469999999995
10.247080000000002
-2.4047099999999997
1.004760000000001
-4.676649999999999
1.8607499999999995
6.90981
-3.2760000000000016
2.1274599999999992
1.3525799999999997
8.058039999999998
5.261600000000001
9.90539
10.0369
-9.907754
1.2749199999999998
10.292100000000001
-10.245052
-5.37111
-7.339243999999999
-5.5633
0.34660000000000224
9.924499999999998
-19.193327
-9.665057
0.8168900000000008
-2.7600999999999978
3.562430000000001
5.099800000000002
-8.216740000000001
2.51239
9.94942
-5.31991
10.92567
-3.3833800000000007
5.402259999999998
8.09377
-1.99728
0.0815899999999985
-8.552405
-1.7427399999999995
-5.035870000000001
-4.963410000000001
8.211749999999999
-4.322230000000001
-15.931249000000001
5.722010000000001
-2.2845600000000026
-2.79608
-9.494873
-5.3439099999999975
-0.03035000000000032
-1.9821000000000009
-6.755739999999999
-7.893890000000001
-13.239287
-0.09529000000000032
-5.630980000000001
14.679579999999998
-10.696845
3.6442949999999996
3.8390999999999984
-5.980580000000002
0.5664900000000017
-8.194828000000001
7.060559999999999
4.360309999999998
-7.501727000000001
3.590410000000002
-3.1438299999999995
1.8968729999999994
-6.725610000000001
3.408759999999999
0.5783699999999996
-9.703945
-8.407482
-6.484679999999999
-12.137785000000001
4.799509999999998
-5.475309999999999
-6.584674
3.3217599999999976
1.2385999999999981
0.97973
-4.568470000000001
-10.122368
-1.8847270000000016
-0.9700199999999981
-0.9685299999999994
-6.247389999999998
0.6436899999999994
-0.4434199999999997
-2.1076300000000003
1.8997399999999995
-5.6681599999999985
-5.52796
5.647849999999998
9.192329999999998
-5.3415
3.3623899999999978
-0.9423199999999987
-5.4887
-12.829094000000001
6.842759999999998
3.885869999999999
-1.0980100000000022
-9.654380000000002
-5.69993
-11.627632000000002
-1.2102599999999981
5.9792200000000015
-3.0364299999999993
6.92116
-6.634910000000001
-10.110025
-8.76708
-3.431919999999998
2.6605399999999975
-3.9595899999999986
-3.6105400000000003
1.8879599999999979
0.06226999999999805
0.46314999999999884
2.2438499999999983
7.66113
2.2338999999999984
-3.2643500000000003
6.119589999999999
-2.2206800000000015
0.7287400000000019
7.786380000000001
-2.2947699999999998
-1.833400000000001
4.743179999999999
-6.243821000000002
-5.329180000000001
-2.0939499999999995
2.170580000000001
6.73874
2.229499999999998
9.52148
5.3016200000000016
-1.7149199999999993
14.403319999999997
-1.4520700000000009
3.3557299999999977
-9.614802999999998
-3.555440000000001
7.872199999999999
-8.850708
7.417479999999998
-7.607287000000001
-5.68801
-2.7985100000000003
5.633390000000002
-4.046519999999999
-0.9570699999999981
3.948939999999997
-10.591823999999999
-0.5122900000000001
-0.012699999999998823
-1.0126500000000007
13.47392
-0.329819999999998
-4.43261
-5.023160000000001
-3.4126699999999985
-3.9493599999999986
-11.32081
-1.8610400000000027
5.3227699999999984
10.571200000000001
-1.8327799999999996
-1.4686899999999987
0.5719899999999996
7.0620699999999985
2.4781799999999983
4.812330000000003
5.23011
-5.159600000000001
11.20194
2.8831300000000013
7.857969999999998
-3.55532
-6.018159999999998
-3.3698700000000006
5.778549999999999
8.11271
-7.702093
2.60116
-0.1855399999999996
2.90925
-2.2969600000000003
3.2732600000000005
-4.38889
2.1091799999999985
-3.2489299999999997
6.4482099999999996
-4.986120000000001
4.190649999999998
2.7908800000000014
4.787270000000003
5.920659999999998
-2.695319999999999
5.65973
2.312940000000001
4.79674
-8.063130000000001
-5.5942799999999995
-1.0441000000000003
1.1154999999999973
-2.5566999999999993
6.01014
-3.5620900000000013
12.10905
7.31137
7.208929999999999
0.9314499999999981
4.48659
3.5834699999999984
-4.175130000000001
0.5479699999999994
-2.53866
0.33662000000000347
6.572869999999998
-3.1309499999999986
-2.37603
-2.71579
10.61591
-0.930019999999999
-1.6348500000000001
-1.7691499999999998
0.23878999999999806
3.7980800000000023
-5.126329999999999
2.6385199999999998
7.0194800000000015
6.350829999999998
1.8012200000000007
3.3529599999999995
-5.850460000000002
-7.179399999999999
1.9897500000000008
2.616579999999999
-0.7205799999999982
-4.565329999999998
1.9298800000000007
0.32676000000000016
-1.443719999999999
14.553359999999998
4.42455
3.4690399999999997
-2.6838099999999976
18.42441
-5.123940000000001
5.213910000000002
13.882840000000002
-1.794319999999999
10.15229
4.152850000000001
7.071300000000001
5.315049999999999
-1.6511699999999987
8.29919
0.5623000000000005
3.9735200000000006
-3.848480000000002
17.36304
9.19018
1.2681900000000006
-7.355123000000001
-1.863150000000001
-2.545390000000001
9.406010000000002
-0.2553599999999996
-7.163549999999999
-1.5496799999999986
-0.45289
6.67043
-2.3364399999999996
-3.05631
-4.443129999999998
-1.7164399999999986
-0.3973600000000008
5.07949
-9.182480000000002
5.55387
3.4635800000000003
-2.9088399999999996
8.56164
-5.280950000000001
-5.694180000000001
1.86233
5.862449999999999
-8.476012
3.5339100000000006
1.9193999999999996
1.3735199999999992
5.348189999999999
7.628769999999999
1.8610900000000008
-11.02375
4.3113199999999985
4.723929999999999
3.492370000000001
0.3813899999999997
6.351260000000002
-8.347290000000001
-11.80149
-0.6375700000000002
-3.87988
11.76287
3.73536
11.454139999999999
4.251570000000001
5.171879999999998
1.9731000000000023
19.857699999999998
8.730569999999997
3.7141699999999993
-0.2893599999999985
3.220449999999998
11.649909999999998
-9.20555
-2.2567900000000023
0.8655700000000017
-4.51191
-8.003295
12.04372
6.617699999999999
11.06157
7.722589999999997
6.131360000000001
-6.992319999999999
-1.1001899999999996
0.2112400000000001
14.146429999999999
2.7239700000000013
3.269070000000003
10.405249999999999
-3.7933899999999987
1.1365199999999973
-7.620989
-3.9955500000000015
-8.2814
6.38579
-9.365497000000001
-3.38758
6.256159999999998
-6.221720000000001
-10.49944
14.937250000000002
6.913219999999999
3.5623000000000005
-0.8346799999999988
0.48748000000000147
5.669840000000001
1.6202199999999998
3.8625100000000003
-6.068729999999999
-10.503569999999998
-6.5615999999999985
9.50177
3.862219999999997
-3.087600000000002
-1.270590000000002
2.078050000000001
6.79984
1.9170100000000012
7.300080000000001
-1.6652100000000019
1.0083800000000025
3.8666400000000003
-10.74852
-3.2974099999999993
10.67372
8.520349999999997
9.5364
3.152339999999999
0.16902000000000328
6.648050000000001
-5.796990000000001
-4.92877
5.3042799999999986
15.923730000000003
9.656030000000001
19.890340000000002
1.035610000000002
1.720480000000002
-0.07776000000000138
2.6969600000000007
4.729120000000002
-2.0673600000000008
4.82789
3.89837
9.339730000000003
6.606310000000001
5.650449999999999
5.38345
13.724570000000003
4.7739699999999985
-6.546110000000002
-0.11088000000000164
4.8657900000000005
1.194749999999999
5.4601700000000015
9.292639999999999
4.57685
10.810110000000002
3.070029999999999
13.6101
-3.742930000000001
-4.398149999999998
5.893949999999997
15.24023
1.4749300000000005
23.761570000000003
-8.19579
4.706700000000001
-1.0416200000000018
3.3234700000000004
2.12725
3.11365
2.2175200000000004
4.95965
6.769259999999999
8.189610000000002
-3.2856200000000015
-3.3339700000000008
15.405539999999998
5.178060000000002
-3.04073
9.049800000000001
-9.142219999999998
7.636950000000002
2.5814699999999995
-5.359610000000002
12.85349
1.4661399999999993
4.76662
8.857660000000003
0.2566600000000001
9.11015
3.8266899999999993
14.701979999999999
7.86646
12.129159999999999
-7.971479
-9.009050000000002
13.715249999999997
13.084369999999996
0.016850000000001586
8.401359999999997
17.637110000000003
2.2268799999999978
-1.2990700000000004
2.8663399999999974
5.828859999999999
5.3263599999999975
-1.9853799999999993
2.479099999999999
3.9520799999999987
4.916640000000001
8.554229999999997
-2.9822999999999986
10.153799999999997
7.647940000000002
11.216650000000001
10.653960000000005
3.0207499999999996
-1.103939999999998
5.7743199999999995
3.6368800000000014
0.02710999999999686
9.09965
-3.7903599999999997
3.7516
-9.3713
13.527320000000003
6.955069999999999
8.119690000000002
3.6143099999999997
7.242320000000001
-0.745239999999999
4.327940000000002
5.961829999999999
-2.937929999999998
-0.12100000000000222
4.7322099999999985
2.843300000000003
1.0129799999999989
4.9222
12.538249999999998
3.0889699999999998
7.528230000000001
0.9541299999999993
-7.6089400000000005
4.81794
9.8722
4.10333
6.175279999999997
4.964780000000001
14.221340000000001
0.7488899999999994
-2.9762400000000007
13.780039999999996
2.457930000000001
-2.126899999999999
10.155180000000001
11.40026
6.116510000000002
5.545590000000001
3.8559899999999985
-3.8374300000000012
-4.79692
14.64903
14.60191
4.320499999999999
7.35905
8.352509999999999
9.4988
2.832979999999999
5.1697900000000025
2.97832
-0.5257900000000006
0.9296299999999995
12.098589999999998
13.87266
-0.44018999999999764
-8.51876
0.6936700000000009
0.6927699999999994
4.595040000000001
9.931070000000002
4.766460000000002
8.486270000000001
11.991419999999998
9.04028
5.221440000000001
16.3299
-4.118510000000001
3.67558
13.362820000000003
8.480539999999998
11.30385
7.916370000000001
7.682130000000001
9.194310000000002
-3.181630000000002
-0.6026300000000013
6.152079999999998
-2.757819999999999
8.742619999999999
6.01219
16.92383
12.0902
13.92063
8.817140000000002
5.638090000000002
9.401399999999999
14.57872
2.5791299999999993
6.730629999999998
3.2850900000000003
4.553790000000003
12.54512
14.770919999999997
-0.28322
-4.313490000000002
3.5838099999999997
6.093399999999999
13.159489999999998
5.7311499999999995
-2.233150000000002
7.022400000000001
12.681619999999999
-1.4392600000000009
13.397829999999999
4.0564
11.198070000000001
15.737870000000001
17.78629
4.954030000000003
8.691970000000001
13.45647
0.18315000000000126
6.590820000000001
0.85473
0.8511999999999986
-3.0875400000000006
1.378149999999998
8.991110000000003
0.56766
-5.13184
5.980150000000002
5.453890000000001
-5.2143000000000015
4.942719999999998
11.642700000000001
12.01682
-0.92136
3.688579999999998
9.078979999999998
0.8950900000000033
9.750159999999997
12.891279999999998
4.193390000000001
4.9319099999999985
2.3809299999999993
3.50047
13.851029999999998
2.2640499999999975
19.526030000000002
6.791649999999997
13.105889999999999
6.444569999999999
-2.07648
3.4785900000000005
-2.819399999999998
20.003600000000002
18.427529999999997
-1.344579999999997
11.362750000000002
9.913810000000002
17.439200000000003
13.42776
9.202759999999998
0.9441399999999973
4.460159999999998
4.720159999999996
-0.07744999999999891
18.51487
15.01651
8.537790000000001
-1.3932300000000026
6.465260000000001
-2.61289
10.173610000000004
12.67099
7.18712
14.753710000000002
6.871890000000004
14.920060000000003
14.03247
8.53146
6.305039999999998
10.80228
10.871659999999999
4.96574
15.962330000000001
8.017209999999999
4.909660000000002
3.6018800000000013
10.182280000000002
12.458939999999998
20.76497
11.26934
5.741160000000001
-4.39603
-6.97667
6.945710000000002
-0.5475899999999996
7.033010000000001
-3.378
11.399699999999996
9.59405
12.892009999999999
5.19359
6.562349999999999
10.568080000000002
11.383429999999997
-1.9763200000000012
2.410969999999999
11.70953
14.028469999999999
8.043310000000002
6.28134
6.388129999999997
6.862539999999999
2.62312
6.945170000000001
3.0239399999999996
9.067089999999997
-2.845860000000002
-3.8903099999999995
10.08763
10.63702
8.856279999999998
9.25263
10.264090000000003
4.970089999999999
0.37866
14.450219999999998
-6.10183
1.606580000000001
