1
2
5
6
7
8
10
11
13
14
21
23
26
27
28
30
31
33
36
37
39
41
43
45
47
48
50
52
53
54
57
60
61
65
67
70
71
72
73
74
76
78
79
82
83
87
88
89
90
92
95
98
101
102
103
104
106
108
109
110
111
113
114
116
118
119
121
123
125
126
127
128
131
135
136
137
138
142
143
145
146
147
148
149
150
151
153
155
156
159
162
163
164
165
167
168
170
172
175
176
178
179
180
181
183
185
186
187
192
193
194
195
196
197
202
207
210
212
214
215
216
217
219
222
225
228
235
237
238
240
241
242
244
245
247
248
249
250
262
266
268
269
270
271
273
274
277
279
280
281
283
284
287
288
290
292
293
295
297
298
299
301
302
306
307
309
311
312
317
319
324
326
328
329
331
332
334
335
336
338
339
341
342
343
344
347
348
349
350
352
354
355
358
359
361
362
364
365
369
371
372
373
374
375
376
377
378
379
381
382
383
384
385
389
392
393
394
400
402
403
405
407
409
412
416
419
425
426
428
434
440
441
442
444
447
451
452
454
462
463
465
466
470
471
473
474
475
477
478
482
485
488
493
496
498
499
503
504
508
509
513
514
515
519
521
522
524
526
527
529
530
532
534
535
537
539
540
541
543
544
553
556
560
570
572
577
578
580
581
582
587
588
590
592
596
597
600
603
606
608
609
610
614
615
619
624
625
626
628
630
633
634
637
640
641
644
645
648
655
656
657
660
661
664
666
668
669
670
671
674
675
679
680
683
684
687
689
690
691
693
694
696
697
698
699
700
703
705
706
708
710
711
713
715
717
718
719
720
721
726
729
731
732
735
739
742
746
749
750
752
753
754
755
756
759
760
763
764
766
767
768
769
770
771
773
775
778
779
781
783
784
785
787
789
791
793
796
798
800
801
803
804
805
806
807
808
812
817
818
820
822
823
826
827
828
832
835
836
839
840
841
848
850
854
855
856
857
861
864
866
867
870
871
874
876
877
878
879
880
881
882
884
887
889
892
893
894
896
897
899
902
904
905
906
907
908
913
914
915
918
929
930
932
934
935
936
937
938
939
943
944
945
947
949
951
952
955
