1
4
5
7
10
12
16
17
18
23
24
27
29
35
37
39
40
41
42
44
47
49
50
52
53
55
58
59
60
61
64
66
68
69
72
74
77
79
80
82
84
87
93
94
106
108
112
113
116
118
119
122
123
124
130
133
134
135
137
140
141
142
143
144
145
147
150
152
153
155
156
157
160
163
164
169
171
173
177
180
181
182
186
188
191
196
199
200
201
203
204
205
207
208
210
212
213
214
217
218
219
220
223
225
226
227
229
230
232
233
235
236
238
240
241
247
248
251
252
254
255
257
259
262
263
265
267
270
271
272
274
275
276
278
280
281
282
284
285
287
289
291
292
293
294
297
298
300
301
303
304
305
308
310
314
317
318
319
320
321
322
324
327
331
336
337
338
340
341
342
343
344
345
346
348
349
350
351
353
354
355
356
359
361
363
369
372
373
374
376
377
380
381
382
386
388
389
391
392
393
395
396
398
400
402
403
407
411
412
414
415
416
421
422
424
425
426
427
428
430
431
434
438
439
440
442
443
445
446
447
451
452
453
454
457
458
459
464
467
468
469
470
471
472
476
483
487
491
493
494
495
496
497
501
504
506
507
509
511
515
516
518
522
523
526
527
528
531
533
535
538
540
541
543
545
546
548
550
552
553
555
559
561
562
563
564
565
566
568
569
570
571
573
575
576
577
580
581
582
584
586
589
591
593
595
596
599
601
604
606
609
614
618
622
623
625
631
633
638
641
643
645
646
647
648
650
651
652
653
656
660
663
667
670
672
673
679
681
682
686
688
690
691
693
695
696
697
698
700
701
702
703
704
705
706
707
708
710
711
714
716
720
721
725
726
729
733
734
736
738
739
740
741
742
744
747
751
754
756
758
759
760
762
763
764
765
768
772
773
780
782
785
786
788
791
792
795
796
797
798
799
802
803
804
807
809
819
821
822
824
828
829
831
832
833
837
839
842
844
845
847
850
851
852
858
864
869
871
873
874
876
877
879
880
881
883
886
887
889
893
894
895
897
898
899
900
902
903
904
906
907
908
909
910
911
912
915
916
919
920
923
926
927
928
929
930
932
937
940
941
942
947
949
950
951
953
954
