2
13
16
18
20
21
29
31
32
36
38
39
40
41
48
49
55
57
59
65
66
70
72
73
75
78
82
83
84
86
90
99
101
102
105
109
111
113
114
119
120
131
134
135
136
146
155
164
166
167
168
169
174
179
181
183
184
186
188
191
200
202
203
205
212
213
218
228
229
230
235
238
247
249
254
271
273
277
280
284
285
290
291
293
297
302
303
304
308
315
318
325
326
330
332
333
334
335
339
340
344
351
352
353
356
357
359
365
366
367
368
373
374
376
378
382
384
389
398
409
416
417
419
421
424
426
429
431
435
437
438
439
442
448
455
463
466
469
470
471
472
473
477
479
485
486
488
495
496
504
507
508
512
514
515
517
518
520
522
534
537
539
542
544
551
554
555
558
559
560
561
562
564
565
567
568
570
572
582
584
588
590
594
598
600
605
606
607
612
618
620
623
625
627
629
631
634
636
637
642
644
649
652
655
661
665
668
673
675
678
679
683
686
690
694
696
702
704
709
710
716
722
724
729
730
734
741
743
747
752
758
764
768
773
779
785
792
794
796
800
804
806
807
812
819
820
821
824
835
838
840
842
852
853
855
857
862
863
871
875
876
877
879
880
888
890
892
893
899
900
901
904
915
922
927
928
930
931
933
935
936
941
946
952
953
955
