1
2
3
4
5
6
7
10
11
12
14
16
17
18
19
20
22
23
24
25
26
29
30
31
32
33
34
35
37
38
41
44
47
48
49
50
51
52
55
57
59
60
61
62
63
65
67
68
69
70
71
72
73
74
75
76
77
78
79
80
81
82
85
86
87
88
89
90
91
92
93
94
95
96
97
98
99
100
101
102
103
104
105
106
109
110
111
113
115
117
118
119
120
121
122
123
124
128
129
130
131
132
133
134
135
136
137
138
139
141
142
143
144
145
146
147
148
150
151
153
154
155
156
157
159
160
162
165
166
167
168
169
170
171
172
173
174
175
177
178
179
180
181
182
183
184
186
187
188
190
191
192
193
194
195
197
198
199
201
202
203
205
206
207
208
210
212
215
216
218
219
220
221
223
224
226
227
228
229
230
231
232
233
234
235
236
239
241
242
243
244
245
246
247
249
250
251
252
253
254
255
256
257
258
259
260
261
262
264
265
266
267
270
271
272
273
274
275
276
277
278
279
280
281
282
283
284
286
287
288
289
290
291
292
293
294
295
297
298
299
300
301
302
303
304
306
307
308
309
311
312
313
315
316
317
318
319
321
322
323
324
325
326
327
328
329
331
332
333
334
336
337
338
340
341
342
343
344
347
349
350
351
352
353
354
355
356
357
358
360
363
364
366
367
368
369
370
371
373
374
376
377
378
379
380
381
382
383
384
385
386
387
388
389
390
391
393
394
397
398
400
402
403
404
405
406
407
409
410
411
412
413
414
415
416
417
418
419
420
421
423
425
426
427
428
429
430
431
432
433
434
435
436
437
438
441
442
443
445
449
450
451
452
455
456
457
458
459
460
461
462
464
465
466
467
468
469
470
471
472
474
475
476
477
478
480
481
482
483
484
485
486
487
488
490
492
494
495
496
497
498
499
501
502
503
504
505
506
508
510
511
512
513
514
516
517
518
519
520
522
523
524
525
526
527
528
530
531
532
534
535
537
538
539
540
541
542
543
544
546
547
548
551
555
556
557
559
560
561
562
564
566
567
568
569
570
571
573
574
575
576
577
578
579
580
581
583
584
585
586
587
588
589
590
591
592
593
594
595
596
598
599
600
602
603
604
605
606
607
608
609
611
612
613
615
616
617
620
621
623
624
625
626
628
630
631
632
633
634
635
636
637
638
640
641
642
643
644
646
647
648
651
652
653
654
655
656
657
658
660
661
662
664
665
667
668
669
670
672
673
674
675
676
677
678
680
681
682
683
686
687
689
690
691
692
693
694
695
696
697
698
701
703
704
705
706
707
709
710
711
712
713
714
715
716
718
719
720
721
723
724
726
727
730
731
732
733
734
735
736
737
738
739
740
741
742
743
744
745
746
747
748
749
750
751
754
756
757
758
759
760
761
762
763
764
765
766
768
769
773
774
775
776
777
778
779
780
781
782
783
784
785
787
788
790
791
793
794
795
798
800
801
802
803
805
806
807
808
809
810
812
813
814
815
816
817
819
820
821
822
823
824
827
828
829
830
833
834
835
836
837
838
839
840
841
842
843
845
846
847
849
850
851
852
853
854
855
856
858
859
862
863
864
865
866
867
868
869
870
871
873
874
875
879
880
881
882
883
884
885
887
888
889
890
891
892
893
895
896
897
898
899
900
901
902
903
904
905
906
908
909
910
911
913
914
915
916
919
920
921
922
923
924
925
927
928
929
930
932
935
936
937
938
939
942
943
944
945
947
949
950
951
954
955
