1
2
5
6
8
12
17
18
19
20
21
22
24
25
26
27
28
31
33
34
35
37
38
39
40
41
42
43
44
45
46
47
49
50
51
53
54
56
57
58
59
60
61
62
64
65
66
68
69
70
71
73
76
77
78
80
82
84
85
86
87
90
91
92
93
95
96
97
99
100
102
103
104
105
106
107
110
116
117
120
121
122
123
125
126
127
129
130
131
133
136
137
138
139
140
141
142
143
145
147
149
150
151
152
154
155
156
158
159
160
162
163
164
165
166
167
169
171
173
174
175
176
177
178
180
181
183
185
187
190
191
193
194
195
199
200
201
205
206
207
208
210
212
215
216
217
218
219
222
224
225
227
229
230
233
234
236
237
238
239
240
241
243
244
247
248
250
252
254
255
256
257
258
259
260
261
264
267
269
272
273
274
276
277
278
280
281
283
286
288
289
290
291
292
293
294
295
296
297
300
301
302
305
306
307
308
311
313
314
315
317
318
319
323
326
327
330
331
332
333
334
335
336
337
340
341
344
345
346
347
349
350
351
352
353
354
355
356
357
359
360
361
362
363
364
365
367
368
369
370
371
372
374
375
377
378
379
381
382
384
385
386
387
388
389
391
393
394
397
398
399
401
402
404
405
406
407
408
409
410
411
412
413
414
415
416
420
421
422
423
424
425
426
427
428
429
430
431
432
433
434
435
436
438
439
440
441
442
443
444
445
446
448
449
450
451
452
453
454
455
456
458
459
460
461
462
463
464
465
466
468
469
471
472
475
476
478
479
481
482
483
485
486
487
488
489
490
491
496
497
498
499
500
501
502
503
504
508
509
514
517
518
519
520
521
522
523
524
526
529
530
531
532
535
536
539
540
541
543
544
545
546
547
549
550
551
554
555
556
558
559
561
563
565
566
567
569
570
571
572
574
576
577
578
579
580
581
582
584
585
587
588
589
590
591
592
595
596
597
599
600
605
606
607
610
611
613
615
616
617
618
620
621
622
623
624
625
627
628
629
630
634
636
638
640
641
642
643
644
645
648
649
650
651
652
655
656
657
658
659
662
663
664
665
667
668
669
670
671
672
673
674
675
677
678
679
680
681
682
684
685
686
687
689
691
692
693
694
695
696
697
700
701
702
703
704
705
706
707
710
712
713
714
716
718
719
722
727
730
732
735
737
738
739
740
741
742
743
744
746
747
748
749
750
751
752
753
755
756
758
759
762
765
767
768
771
772
773
774
776
777
780
781
784
785
786
787
788
789
792
793
794
796
797
798
799
801
802
803
805
806
807
808
809
810
811
812
813
814
815
818
821
824
825
826
827
828
829
831
832
834
835
836
837
839
842
843
846
847
848
850
851
853
854
855
858
859
860
861
863
864
866
867
868
870
871
873
874
875
877
881
882
883
884
885
886
888
889
890
891
893
894
895
896
897
898
899
900
901
902
903
904
905
906
907
908
909
910
913
915
916
917
918
919
920
923
924
925
926
928
929
931
933
934
935
936
937
938
939
940
941
944
948
949
951
952
953
954
