2
3
7
8
9
10
11
12
14
15
16
17
19
20
21
22
24
25
26
27
28
29
31
34
35
37
40
41
43
44
45
47
48
49
51
52
55
56
57
60
61
62
63
64
65
66
68
69
71
73
74
75
77
80
81
82
83
85
86
87
88
89
90
91
93
94
95
97
98
99
100
102
103
104
105
106
108
109
110
111
112
113
114
115
116
118
119
120
122
124
125
126
127
129
130
131
132
133
134
135
137
138
141
143
144
145
146
147
149
152
156
157
158
159
160
161
162
163
165
166
167
168
169
170
174
175
176
177
179
180
181
182
183
184
185
187
188
189
190
191
192
193
194
196
197
198
199
200
201
202
203
204
205
206
208
209
210
211
212
213
214
215
216
217
218
221
222
223
224
225
226
227
229
230
232
233
234
235
236
237
239
241
242
243
245
246
247
250
251
253
254
255
256
257
258
259
260
261
262
263
264
265
267
269
270
271
273
274
277
278
281
284
285
286
287
288
289
290
291
292
293
294
295
296
297
298
299
300
301
303
305
306
307
308
309
310
311
312
313
314
315
316
317
318
319
320
321
322
323
324
325
326
327
328
329
330
331
332
334
335
336
337
338
339
340
341
343
344
345
346
347
348
349
350
351
352
353
354
355
356
357
358
360
361
362
363
364
366
368
369
370
371
372
373
374
375
378
381
382
383
384
385
386
388
389
390
391
393
394
396
398
399
400
401
403
404
405
406
407
408
409
411
412
413
414
416
417
418
419
421
423
424
425
426
427
428
429
431
433
434
435
436
437
438
439
440
442
443
444
445
446
450
451
452
454
455
456
457
458
459
460
462
463
464
465
466
467
468
469
472
473
476
477
480
482
483
485
486
487
488
489
491
492
493
494
497
498
499
500
502
503
504
505
507
509
510
512
513
514
515
517
518
519
520
521
522
523
524
525
526
527
528
529
530
531
533
536
537
538
539
540
541
542
543
544
545
546
547
548
549
552
553
554
556
559
560
561
562
564
565
566
567
568
570
571
572
573
574
576
577
578
579
580
581
582
583
584
587
588
589
590
591
592
593
594
595
596
597
598
599
600
601
602
603
604
605
606
607
608
609
610
611
612
613
614
615
616
617
619
620
621
622
623
624
625
626
628
629
630
632
634
635
636
637
639
640
641
643
645
646
647
649
650
652
653
656
657
659
660
661
662
663
665
666
667
668
669
670
673
674
675
676
677
678
679
680
683
684
686
687
688
689
691
693
694
695
696
697
698
699
700
702
703
704
705
706
708
710
711
712
714
716
717
718
719
720
721
722
723
724
726
727
728
729
731
732
733
734
735
736
737
738
739
740
741
742
743
744
746
747
748
749
750
751
752
753
754
755
756
757
758
759
760
762
763
764
765
766
767
769
770
771
772
773
774
775
776
777
778
780
781
782
784
785
786
787
788
790
795
797
798
799
800
802
803
804
805
806
807
809
810
811
813
814
815
816
817
818
819
820
821
822
823
824
825
826
827
828
830
831
833
834
835
836
837
841
842
843
844
845
846
847
848
849
850
851
852
853
854
856
858
859
860
861
863
864
865
866
867
868
869
870
871
872
873
874
875
876
877
878
879
880
881
882
883
886
887
888
889
891
892
893
894
895
896
897
898
900
901
902
903
904
905
907
908
909
910
912
913
914
915
916
917
918
919
920
921
922
923
925
926
928
929
931
933
934
935
936
937
938
939
940
941
943
944
945
946
947
948
949
951
952
953
955
