1
2
3
4
5
7
8
9
10
13
14
15
16
18
20
21
22
25
26
27
28
29
30
32
33
34
35
37
38
39
40
41
45
47
49
51
52
53
54
55
56
59
60
61
66
67
68
70
72
73
74
75
76
77
81
84
90
91
92
93
94
95
96
97
98
99
100
101
102
103
104
105
107
109
110
111
113
114
115
116
117
120
121
122
125
127
128
129
131
132
133
134
135
136
137
140
141
142
143
147
149
151
152
153
154
156
158
160
163
165
168
169
171
172
173
174
175
176
177
179
180
181
182
183
184
186
187
188
189
190
192
195
201
202
203
204
206
208
210
211
213
214
215
216
220
221
223
224
225
226
228
229
230
231
232
233
235
236
238
240
241
242
243
244
245
246
247
248
249
250
251
253
255
257
258
260
261
262
263
264
265
267
268
269
270
271
274
275
276
277
278
279
280
281
283
284
285
287
288
289
291
294
295
297
298
299
303
304
305
306
307
312
313
315
317
318
319
320
321
322
323
325
326
328
329
330
332
334
335
336
337
338
339
340
343
344
345
346
347
348
349
354
355
356
357
358
359
361
362
363
364
365
366
368
369
370
371
374
377
379
380
381
382
383
384
386
387
388
391
392
393
396
398
400
401
402
403
406
408
409
412
414
416
417
418
419
420
421
424
425
427
428
431
432
433
434
438
439
440
441
442
444
445
446
447
448
450
451
453
455
456
458
460
461
462
463
464
466
467
469
470
471
472
473
474
476
478
479
480
481
482
483
484
485
486
488
489
494
495
499
500
501
502
503
504
505
507
508
511
512
513
514
516
517
519
521
522
524
527
528
529
530
531
533
534
535
537
541
543
544
546
549
550
553
554
555
556
557
558
559
561
563
565
566
568
569
570
571
574
575
576
578
579
580
581
582
583
584
585
586
587
588
591
594
595
596
597
598
601
606
607
608
610
611
613
614
615
616
617
618
619
620
621
622
623
624
625
627
628
630
631
632
633
634
636
637
639
640
643
644
645
646
647
648
650
651
652
653
655
658
659
660
661
663
665
666
667
668
669
671
672
673
674
676
679
681
682
683
684
686
687
688
690
691
692
693
695
696
697
699
700
701
702
703
704
705
706
707
708
712
713
714
715
716
717
718
719
721
722
723
724
727
728
731
734
737
738
739
740
741
742
743
744
747
748
749
750
752
753
754
755
756
757
759
760
761
762
763
765
767
768
771
774
777
778
782
785
787
788
789
790
791
793
794
796
797
798
799
800
802
803
804
807
810
811
812
813
814
815
816
818
820
821
822
823
824
825
826
827
829
830
833
834
835
836
837
838
839
840
841
842
843
844
847
848
849
851
852
853
855
856
857
858
859
860
861
862
863
864
867
869
870
871
872
873
874
875
876
878
879
880
883
884
886
888
889
890
891
893
894
895
896
900
901
903
904
905
906
907
908
910
912
913
914
915
916
917
918
919
920
921
922
923
926
927
928
930
931
932
934
935
936
937
938
939
941
942
944
945
946
947
948
949
950
951
952
953
955
