2
5
7
8
9
10
11
12
13
15
16
17
18
20
21
22
23
24
25
26
28
29
30
32
33
34
35
36
37
38
40
41
42
43
44
45
46
47
48
49
50
51
52
53
54
55
57
58
59
61
62
63
66
67
68
69
71
73
74
75
78
79
80
81
83
84
85
86
88
89
91
92
93
96
97
99
100
101
102
103
104
107
108
109
110
111
112
113
114
115
116
118
119
120
121
122
124
126
127
128
129
130
131
132
134
135
137
139
140
141
142
145
146
148
149
150
151
152
153
154
155
156
158
159
162
163
164
165
166
167
168
169
170
173
174
175
176
178
179
180
181
182
183
185
187
188
191
192
196
197
198
199
200
201
202
205
206
208
210
211
212
213
214
215
216
218
220
221
222
223
224
226
228
229
231
232
233
234
235
236
238
240
241
242
243
244
245
247
248
249
250
252
253
254
255
256
257
258
259
260
261
263
264
265
266
267
271
272
273
274
275
276
277
279
280
281
282
283
284
285
286
287
288
289
291
293
294
295
296
297
299
300
302
303
304
305
306
307
308
309
310
311
312
313
314
315
317
318
320
321
322
323
324
326
327
328
330
331
332
333
334
335
336
339
340
341
342
343
345
346
347
348
349
350
351
352
353
355
357
358
359
361
362
363
365
366
367
368
369
370
372
373
374
376
377
378
379
381
385
386
387
389
390
391
392
393
394
396
397
398
399
400
401
402
403
404
405
406
407
408
409
410
411
412
413
415
416
417
418
419
421
422
423
424
425
426
427
428
429
431
432
433
434
435
436
438
441
442
443
444
445
447
448
449
452
453
455
456
458
459
460
461
463
464
465
466
467
468
471
474
475
476
477
478
479
480
481
482
484
485
487
488
489
490
491
492
493
494
495
496
497
498
501
502
503
504
505
506
508
509
510
511
512
514
515
516
517
519
520
521
522
524
525
527
529
530
531
532
533
534
535
538
540
541
542
543
544
545
546
547
548
549
550
551
552
553
554
555
556
557
558
559
562
563
565
566
567
569
570
571
572
573
574
575
576
577
579
580
581
582
583
584
585
586
587
588
589
590
591
593
594
595
596
597
598
599
600
601
602
603
604
606
607
608
609
610
611
612
613
614
615
616
617
618
619
620
621
623
624
625
626
627
628
629
631
632
633
634
635
636
637
639
640
641
642
643
644
645
646
647
648
651
653
654
655
656
657
658
661
662
664
667
668
669
670
671
672
673
674
675
676
677
679
680
681
683
685
686
687
688
689
691
692
693
695
696
697
700
702
705
706
707
708
709
710
711
712
713
714
715
716
717
719
720
722
723
724
725
726
727
728
729
731
732
733
734
735
737
738
739
740
741
742
743
744
745
746
747
748
749
750
751
752
753
754
755
756
757
758
759
760
762
764
766
767
768
769
770
772
773
775
776
778
779
781
782
783
785
786
787
789
790
791
793
794
795
796
798
800
801
803
804
805
806
807
808
809
810
811
812
813
814
815
816
817
818
819
821
822
823
824
825
826
827
828
829
830
831
832
835
836
838
839
842
843
844
845
846
847
849
850
851
852
853
854
855
856
858
859
860
861
862
863
864
865
867
868
869
870
872
874
875
876
877
878
880
882
883
884
887
888
889
891
892
893
894
896
898
899
901
903
905
906
907
909
910
911
912
913
914
915
916
917
918
919
920
922
923
924
925
927
928
929
930
931
932
933
934
935
937
938
940
941
942
943
944
945
946
947
949
950
952
954
955
