1
2
3
4
5
6
7
8
10
11
13
14
16
17
19
20
22
23
24
25
26
27
28
33
34
35
36
37
38
39
40
42
43
46
47
48
49
51
53
54
55
56
57
60
61
62
63
64
65
66
68
69
70
72
73
74
75
77
78
80
81
82
83
84
86
87
88
89
91
92
93
94
95
96
97
98
99
100
101
102
105
106
107
108
109
111
113
115
116
117
119
120
121
122
123
124
126
129
130
131
133
134
136
137
138
140
147
148
149
150
151
152
155
157
158
160
161
162
163
164
166
169
170
172
174
175
179
180
181
183
185
186
187
188
189
190
191
193
194
197
198
199
200
202
203
205
206
207
209
212
213
214
215
216
217
219
220
221
222
224
225
226
227
228
232
233
235
236
238
242
243
245
246
247
251
252
253
256
258
261
263
264
267
268
269
270
271
272
274
275
277
278
280
281
283
284
285
287
289
290
291
296
297
299
303
305
306
307
308
311
313
314
315
317
318
319
321
323
326
327
328
329
330
332
333
335
336
337
339
341
342
344
345
346
349
351
352
353
354
355
356
358
359
360
361
362
364
365
366
368
369
370
371
372
374
375
376
377
378
379
380
381
382
383
384
385
387
389
391
392
393
394
395
397
399
401
402
403
406
407
408
409
410
411
412
413
414
415
417
418
419
420
422
423
424
425
426
428
429
431
437
438
439
440
441
442
443
445
447
449
450
452
453
454
455
456
457
458
459
462
464
466
467
468
469
471
472
473
475
476
477
478
480
481
482
484
485
486
488
490
493
494
496
497
498
499
501
502
503
504
506
507
508
509
510
511
512
513
514
515
517
518
519
520
521
523
524
526
528
529
530
532
534
535
537
538
540
542
545
547
549
550
552
553
554
557
559
560
561
563
565
566
567
568
570
572
573
574
576
577
578
579
581
582
583
584
585
587
589
591
593
594
596
597
598
599
600
602
603
604
606
607
608
610
613
615
616
619
620
622
625
627
630
631
632
635
636
637
638
639
640
642
643
644
647
648
650
651
653
654
655
656
657
658
659
660
665
667
669
670
671
672
674
675
676
678
679
680
684
685
686
688
690
693
694
695
697
698
699
700
702
703
705
707
708
709
711
712
713
714
715
716
717
718
719
720
721
722
723
724
725
726
727
728
730
731
732
733
734
735
736
737
739
740
741
744
746
748
749
751
752
753
754
755
756
757
759
760
761
763
764
765
767
768
769
772
773
776
777
778
779
780
781
782
783
784
785
787
788
789
790
792
793
794
795
796
797
799
802
803
804
805
806
807
808
809
810
812
813
814
815
816
817
818
819
820
821
823
824
825
826
827
828
829
830
831
832
833
834
839
840
841
842
843
844
845
846
848
849
853
854
856
857
859
860
861
863
864
866
867
868
871
872
873
875
876
877
878
881
882
883
885
886
888
889
891
893
894
895
896
898
899
901
903
904
906
909
910
912
913
914
917
920
922
923
924
926
929
930
932
933
934
935
936
937
938
940
941
942
943
944
945
946
947
948
952
953
954
