2
3
4
5
6
7
10
11
13
15
16
17
20
22
23
24
25
26
28
29
31
32
33
34
37
38
40
41
42
43
44
45
47
49
50
51
52
53
54
55
56
57
58
60
61
62
63
64
65
66
68
69
73
74
75
76
77
78
80
82
83
86
87
88
90
91
92
93
95
98
99
102
103
106
108
110
111
113
114
116
117
118
120
121
122
123
124
127
128
129
130
131
132
134
135
137
138
139
141
142
143
145
146
147
148
149
150
152
153
154
155
156
159
160
161
162
163
164
165
166
172
173
174
175
177
178
182
183
184
187
190
192
193
195
199
200
203
206
209
210
211
212
214
215
216
217
219
221
223
226
227
228
230
231
233
234
235
236
237
238
239
240
241
242
243
244
245
246
249
250
251
253
255
257
258
260
261
263
264
265
266
267
268
270
272
275
276
277
278
279
280
281
283
284
285
286
288
290
291
292
295
296
297
298
299
300
302
304
305
307
308
309
310
311
313
314
315
316
317
318
319
320
321
323
324
325
326
327
329
330
331
337
338
339
342
343
344
348
349
350
351
352
354
356
358
359
360
361
363
364
365
367
368
372
373
375
376
378
379
382
384
385
386
387
388
389
390
391
393
395
396
397
398
399
400
401
402
403
406
407
408
409
410
412
413
414
416
417
418
420
421
425
428
429
430
434
436
437
438
440
441
443
444
445
447
448
449
450
451
453
454
457
459
460
461
462
463
464
465
467
468
470
471
472
475
478
480
481
482
484
486
487
488
489
491
492
493
494
495
498
499
500
502
503
504
506
507
508
510
512
513
515
516
518
519
521
522
523
525
526
528
529
530
532
533
534
535
536
538
539
542
543
544
546
547
548
553
554
555
561
563
565
566
567
569
572
573
574
575
576
578
579
580
581
582
584
585
586
587
588
589
590
593
594
595
597
598
599
600
601
604
605
606
608
611
612
613
614
615
616
619
620
621
622
623
624
626
628
629
630
633
634
635
636
637
639
640
642
643
644
645
646
647
649
650
653
654
655
656
659
660
662
663
665
666
667
668
669
670
671
672
673
674
675
676
677
678
680
681
682
683
684
685
686
687
688
690
692
693
694
695
696
697
698
700
701
702
703
706
707
708
710
711
712
713
715
716
717
718
719
720
722
724
725
727
728
729
731
732
733
734
735
736
738
739
741
742
743
745
747
749
750
751
754
755
758
760
762
764
765
766
767
769
770
771
772
773
774
776
777
778
780
782
783
784
788
789
790
791
793
795
796
798
799
800
803
805
806
809
810
811
812
814
815
816
817
818
819
821
822
823
824
825
826
827
829
830
831
833
834
835
836
838
839
841
842
843
844
845
846
848
849
850
852
853
854
855
856
858
859
860
861
862
863
864
865
866
867
869
872
873
874
875
876
877
878
880
881
882
883
884
887
888
890
892
895
897
899
900
901
902
904
907
908
909
910
912
914
918
919
920
922
923
924
925
926
927
929
930
931
933
935
936
937
938
939
940
941
942
943
944
946
948
949
951
952
954
955
