1
6
8
10
14
16
18
20
22
23
32
35
39
48
52
60
64
70
71
76
82
83
84
85
87
88
90
91
93
96
97
98
99
102
105
106
116
120
125
130
131
133
134
140
141
149
155
161
164
166
167
169
178
179
182
185
195
201
205
206
211
218
220
221
222
231
238
241
245
249
250
254
257
261
262
265
267
271
272
278
285
286
289
290
291
294
304
306
307
312
313
315
317
320
322
326
327
331
338
339
341
342
345
347
350
356
357
360
361
369
370
373
378
380
382
387
393
398
403
404
405
408
413
421
422
424
426
438
439
442
447
448
449
453
457
458
460
464
467
474
476
480
486
490
492
493
499
510
512
514
515
518
520
530
532
535
541
542
547
548
550
557
559
561
563
566
567
569
570
576
577
579
580
581
582
583
586
588
591
592
593
597
598
599
605
611
612
620
626
631
632
640
641
643
644
649
652
657
667
670
680
692
695
698
699
701
704
705
709
711
715
716
717
719
723
724
730
732
735
745
749
752
773
774
780
781
783
785
791
793
796
797
799
802
804
808
811
816
818
819
826
831
838
839
840
841
847
853
856
857
859
861
862
863
864
869
875
876
877
881
888
893
894
900
903
905
907
913
914
915
917
919
921
927
933
935
940
941
942
943
944
948
949
950
952
954
