1
8
12
15
16
17
22
24
25
26
27
30
31
32
40
41
42
44
45
46
47
50
51
53
54
59
60
61
62
64
66
68
71
72
73
78
81
82
83
85
86
87
93
96
100
103
107
108
116
117
119
120
121
123
124
126
127
130
131
134
139
140
142
145
146
148
149
150
151
152
153
155
158
159
160
163
164
166
168
171
175
176
177
179
183
185
187
189
190
191
193
194
195
197
199
201
203
205
209
210
212
213
214
217
218
219
220
223
224
225
228
229
234
235
237
242
243
244
249
250
251
253
255
257
259
263
266
268
269
270
273
274
275
276
277
278
279
280
283
284
285
288
291
293
295
297
298
299
303
304
305
309
311
313
314
317
320
321
323
324
327
328
329
332
334
335
336
340
342
343
344
345
346
348
349
350
351
352
362
364
365
366
371
373
378
380
384
385
387
389
390
392
393
395
396
399
400
401
402
403
405
406
407
410
411
413
416
417
418
420
423
425
427
429
431
432
434
437
439
440
442
444
453
454
455
456
458
467
468
472
473
478
480
481
483
484
485
486
487
489
494
496
497
498
499
500
504
506
507
508
509
510
514
515
517
518
520
523
524
528
529
532
533
534
537
539
540
542
543
544
549
551
552
554
558
559
560
562
564
565
568
569
571
572
573
574
575
576
578
579
581
583
584
587
588
589
590
591
592
593
597
601
603
604
605
607
608
610
617
619
620
625
628
631
632
633
634
635
636
638
640
641
642
643
644
645
646
649
650
651
657
661
662
663
666
670
671
674
677
681
683
684
689
690
693
694
695
696
699
707
708
710
711
712
713
714
722
724
725
726
729
731
732
734
735
736
737
738
739
740
741
742
744
748
749
752
754
758
762
764
765
768
769
770
771
772
773
774
775
776
779
783
784
789
790
791
792
794
796
798
804
805
807
809
813
816
819
822
825
826
827
830
833
834
836
837
842
844
845
847
848
853
856
858
860
861
862
865
868
869
870
872
875
877
878
881
882
884
885
886
888
892
893
897
899
900
902
903
904
906
908
910
911
912
913
914
917
919
921
922
925
927
929
931
933
934
935
936
937
938
939
940
945
947
949
950
951
