1
2
4
5
6
7
8
9
11
12
13
14
15
17
18
20
21
22
24
25
26
27
29
30
31
32
34
36
37
38
39
40
41
42
44
45
46
47
48
49
50
51
52
55
58
60
61
62
63
65
68
69
70
71
73
75
76
77
78
79
81
82
83
84
85
86
87
88
89
90
92
93
94
95
96
97
98
99
100
102
103
104
105
107
110
111
112
113
116
117
118
119
120
122
123
124
125
126
127
128
129
130
132
133
134
135
136
137
138
141
142
146
147
148
149
151
152
154
156
157
158
159
160
161
162
163
164
166
167
168
169
170
171
172
174
175
178
179
180
181
182
183
184
186
187
189
190
191
192
193
194
195
196
197
198
199
200
201
202
203
204
206
207
208
210
211
212
214
215
216
217
218
219
220
221
222
223
224
225
227
228
229
230
231
232
234
235
237
238
240
241
242
243
244
245
246
247
249
250
251
252
253
254
255
256
257
258
261
263
264
267
268
269
271
272
273
275
276
277
279
280
281
283
284
285
286
288
289
290
291
292
293
294
296
297
298
299
300
301
302
303
306
307
308
310
313
314
315
316
317
318
320
321
323
324
325
326
327
328
329
330
331
332
333
335
337
338
339
340
342
344
345
346
347
349
350
351
353
354
355
356
357
359
360
362
363
364
365
366
368
369
370
371
372
373
374
375
376
378
381
382
384
385
387
388
389
390
391
392
393
394
395
396
397
399
400
402
403
405
406
407
408
409
410
411
412
415
416
417
418
419
420
421
422
424
425
426
427
428
429
430
431
434
435
436
437
438
439
442
443
444
445
446
447
450
451
452
453
454
455
456
457
459
460
462
464
465
467
469
471
473
474
475
476
477
479
480
481
483
484
486
488
489
490
491
492
493
494
499
500
501
503
505
506
508
509
510
511
512
513
514
515
516
517
519
520
521
522
524
525
527
528
529
530
531
533
534
535
536
539
540
541
543
544
545
546
547
548
549
550
551
552
553
554
555
556
558
559
562
564
565
566
567
568
569
570
571
572
573
574
575
576
577
578
579
580
581
582
583
584
585
586
588
589
592
593
594
595
596
597
598
601
602
604
605
607
609
610
611
612
613
614
615
616
618
619
620
622
624
625
626
627
628
629
631
632
633
634
635
636
637
638
640
641
642
643
644
645
647
648
649
650
651
653
654
655
656
657
661
662
663
664
665
667
668
669
670
671
673
674
675
676
677
678
679
681
682
683
685
686
687
688
689
690
691
692
693
695
696
698
699
700
701
702
703
704
705
706
707
708
709
710
711
712
713
714
715
716
717
718
719
720
721
722
723
724
726
727
728
729
730
731
732
733
734
736
738
739
740
743
744
745
746
747
748
749
750
752
753
754
755
757
758
760
761
762
763
764
767
768
771
772
774
775
776
777
778
779
780
781
782
783
784
785
786
788
789
790
792
793
794
795
796
797
798
799
800
801
802
803
804
805
806
807
808
810
813
814
815
816
817
818
819
820
822
823
824
825
826
827
828
829
830
831
833
835
836
837
838
839
840
842
843
844
845
846
847
848
849
850
852
854
855
856
857
859
861
863
864
865
866
867
869
870
871
872
873
874
876
877
878
879
880
881
883
884
885
886
887
888
889
891
892
894
895
896
897
898
899
901
902
903
904
905
906
907
908
909
910
911
912
913
914
915
916
917
918
919
920
921
922
923
928
930
933
934
935
936
937
938
939
940
941
942
943
944
945
947
948
949
950
951
952
953
