1
6
9
13
15
19
25
31
34
35
37
39
46
48
52
53
54
57
59
61
62
66
67
74
76
82
83
86
90
93
95
97
99
101
102
104
106
110
112
114
116
120
123
126
127
131
132
134
140
143
152
153
156
157
163
169
170
178
179
186
189
192
198
201
203
206
207
209
212
215
219
221
223
224
226
230
232
235
238
240
243
245
249
252
255
258
259
260
262
264
266
276
277
282
285
288
292
293
295
296
302
303
304
307
311
320
321
326
327
328
329
330
339
345
346
354
356
358
360
364
374
376
378
379
380
383
386
389
394
397
403
407
408
409
411
414
417
424
432
433
435
443
447
448
450
458
465
473
474
475
476
484
485
487
490
494
498
501
515
517
519
520
521
530
532
533
534
538
539
543
554
557
558
561
564
567
577
578
581
590
594
597
598
599
604
609
610
613
616
618
626
629
630
636
639
641
644
645
646
649
650
651
653
658
663
665
666
670
674
679
682
685
687
688
691
696
697
707
712
725
727
729
734
735
738
740
743
750
751
752
753
755
757
767
771
777
780
782
784
786
787
794
797
802
804
806
810
811
812
813
816
817
822
825
830
835
837
841
842
843
846
851
858
861
863
870
872
880
881
886
889
890
898
901
908
913
918
919
923
935
938
942
943
945
947
955
