1
2
9
12
13
17
18
31
32
36
37
43
46
50
55
57
59
67
69
70
71
72
78
81
92
101
105
110
114
116
122
124
126
129
131
133
138
141
142
146
147
150
155
156
157
158
162
168
173
179
180
190
191
193
194
196
197
203
218
220
226
229
230
231
238
241
242
250
251
252
257
258
259
261
265
267
272
273
276
279
287
289
295
297
300
307
309
316
320
322
326
332
334
336
338
339
340
343
352
353
355
357
363
372
374
375
376
378
379
380
381
382
384
385
389
394
399
400
403
406
409
414
415
417
420
421
422
427
431
436
439
440
441
446
447
452
454
459
460
464
466
467
472
473
475
476
477
478
480
483
489
501
504
508
511
512
513
523
529
538
539
541
542
549
550
554
562
564
565
571
572
574
575
585
588
589
592
593
594
595
596
602
603
604
606
611
620
621
623
625
631
632
635
636
641
646
647
653
654
655
656
661
665
666
668
669
670
680
681
687
688
689
691
693
695
697
699
702
703
707
708
719
723
729
731
732
735
738
751
764
767
772
778
779
783
785
786
787
795
798
803
805
808
811
813
815
817
818
821
824
829
831
833
834
836
846
848
849
857
859
861
865
869
872
889
891
899
905
907
909
911
914
916
925
927
933
936
937
938
939
942
943
946
950
953
954
