1
2
3
4
5
6
8
9
11
15
16
18
19
24
25
26
28
31
34
37
39
40
41
42
44
45
50
51
55
56
57
59
60
66
69
71
74
77
78
79
80
82
84
85
86
88
89
91
92
93
94
98
100
102
103
104
106
107
110
111
114
115
116
117
118
122
124
125
126
127
129
131
132
133
136
137
138
139
140
141
143
144
145
146
147
149
150
152
153
154
156
157
160
161
162
163
165
166
168
169
171
172
175
176
177
178
180
182
183
186
189
190
191
193
194
198
200
204
205
209
210
218
219
223
224
229
239
242
244
245
246
247
248
250
253
255
257
264
265
267
268
269
270
271
275
278
280
281
282
285
287
290
291
293
294
297
298
300
301
302
304
306
307
311
312
314
316
318
319
322
324
326
330
331
333
334
335
336
339
340
342
343
345
347
348
349
350
351
352
354
356
361
364
366
369
371
375
376
378
380
381
386
387
389
393
395
396
397
398
402
406
408
409
411
415
417
418
419
421
422
424
429
431
433
436
437
439
444
452
456
457
458
460
466
472
475
477
479
480
481
482
483
484
486
487
488
490
494
496
500
505
506
508
511
513
515
516
517
520
521
523
524
525
529
531
533
534
536
540
542
545
546
548
549
550
551
552
554
557
558
559
561
562
563
564
569
570
572
574
579
580
582
584
585
586
587
590
591
593
594
596
597
599
600
603
605
607
608
615
616
618
619
620
621
623
626
629
632
633
636
637
638
639
640
641
642
644
646
652
654
655
657
659
661
662
664
665
666
667
669
670
673
674
676
679
681
683
685
686
687
690
692
694
695
698
703
705
707
710
712
713
718
719
721
722
723
726
730
731
732
734
735
736
737
738
740
742
743
744
745
749
750
751
752
755
757
759
760
766
767
768
773
774
775
776
777
782
783
785
788
789
790
792
797
799
803
804
808
813
814
815
816
817
818
825
827
832
834
836
837
839
841
844
845
846
847
851
853
856
857
858
860
861
862
863
864
868
871
873
876
877
880
881
882
883
887
891
893
894
895
899
900
904
907
908
909
910
912
913
914
915
916
917
920
921
924
926
930
934
939
942
943
944
947
951
952
955
