1
3
4
8
9
10
12
13
14
16
19
21
25
27
28
29
30
35
36
38
41
44
46
48
49
52
53
55
58
59
61
62
65
67
69
72
74
76
80
84
85
89
92
93
94
95
99
101
103
104
106
108
109
116
117
119
121
122
124
127
128
129
130
133
135
137
138
139
140
141
142
144
149
150
153
157
158
162
164
165
166
169
172
176
177
179
180
183
186
188
189
190
191
192
196
197
198
199
201
206
207
209
210
212
213
214
215
216
217
218
224
225
229
230
231
232
235
237
240
241
243
244
246
248
250
251
256
257
259
261
264
265
267
268
271
272
275
276
280
281
285
287
288
290
298
301
303
306
307
308
309
311
312
314
315
318
321
324
326
327
328
330
332
333
336
337
338
341
343
345
346
347
351
353
357
358
360
361
362
366
368
369
371
378
381
386
387
392
393
394
396
397
400
401
402
403
406
407
408
410
411
415
416
417
418
420
421
422
425
427
430
432
433
436
437
438
443
444
446
449
452
455
457
458
459
460
461
462
464
467
468
470
471
472
473
474
475
477
478
479
481
482
485
487
491
494
496
504
505
509
511
512
514
517
518
520
522
523
527
534
536
540
543
544
546
547
549
551
554
555
557
560
565
567
569
576
582
583
587
588
590
592
595
597
598
599
600
602
603
605
606
607
608
612
613
614
615
618
619
620
621
624
625
626
627
629
631
632
635
636
639
640
641
645
652
653
654
655
656
658
660
664
665
668
670
671
673
674
676
678
681
682
684
687
689
690
692
693
694
697
698
699
703
706
708
711
713
714
716
719
720
723
724
725
727
728
729
730
736
737
740
741
743
746
748
749
750
751
752
755
756
757
760
764
765
766
767
768
770
775
776
777
778
782
783
784
786
788
790
795
796
801
803
806
809
811
812
814
815
816
817
819
821
823
829
830
833
835
836
839
843
845
846
848
850
851
852
856
857
859
860
861
862
863
864
870
871
875
876
877
879
880
885
886
887
888
889
890
891
893
898
899
901
902
903
904
905
907
908
909
910
911
912
915
917
918
919
922
923
924
926
928
932
935
936
937
938
941
942
944
947
948
949
951
953
954
955
