1
2
3
5
8
9
11
13
15
16
18
20
21
22
23
24
25
26
28
29
30
32
33
34
36
37
38
39
41
42
43
44
45
47
48
49
50
51
53
54
55
56
57
58
59
60
61
62
63
64
65
66
68
71
72
73
74
75
77
78
80
81
82
83
86
87
90
91
92
93
94
95
97
98
99
100
102
103
104
106
107
109
110
111
112
113
114
115
117
118
120
121
122
123
124
125
126
127
128
129
131
132
133
134
135
136
137
139
141
142
143
147
148
149
150
151
152
153
155
156
158
159
160
164
165
166
169
170
172
174
177
178
179
180
181
182
183
185
187
188
189
190
191
192
194
195
196
198
200
201
202
203
204
205
206
207
208
209
210
211
212
213
214
215
217
218
219
220
222
224
225
226
227
230
232
233
234
235
237
238
239
240
244
245
246
247
248
249
250
251
252
253
254
255
256
257
258
259
260
261
262
263
265
266
267
269
270
271
272
273
274
275
277
278
279
280
282
284
285
286
287
288
289
290
291
292
293
294
295
296
297
298
299
301
302
303
304
305
306
307
309
311
312
313
314
315
317
319
320
321
322
323
324
326
327
328
329
330
331
332
333
334
335
336
337
338
339
340
341
342
344
346
348
349
350
352
353
354
355
356
358
359
361
362
363
364
365
366
369
370
371
372
373
374
377
378
379
380
381
382
383
384
385
386
387
388
389
392
393
394
395
396
397
399
400
401
402
403
404
405
408
409
410
412
413
415
416
418
420
422
424
426
427
429
430
431
432
434
435
436
437
438
439
440
441
442
443
444
446
447
449
450
451
454
455
457
458
459
460
461
462
463
464
465
466
467
468
469
471
472
473
474
475
476
477
479
480
481
483
485
486
487
488
490
491
492
493
494
495
496
497
498
499
501
502
503
504
506
507
508
509
510
512
513
514
515
516
517
518
519
520
521
523
524
525
527
528
529
531
532
533
534
535
536
537
538
539
541
542
543
544
546
547
549
550
552
553
554
555
556
557
558
559
561
562
563
564
565
566
568
569
571
574
575
576
577
578
579
580
581
582
584
588
589
590
591
592
593
594
595
597
598
599
600
601
602
603
604
605
606
607
608
610
611
612
613
614
615
618
619
620
621
622
623
624
625
626
627
628
629
630
631
632
633
634
635
636
637
638
639
640
641
642
644
645
646
647
648
649
650
651
652
654
655
656
657
658
659
660
661
662
663
664
666
669
670
671
672
673
674
675
676
678
679
681
683
684
685
686
687
689
690
691
692
693
694
696
697
698
699
700
702
703
704
705
706
708
711
712
713
714
715
716
718
719
722
724
727
729
731
733
734
735
737
738
739
741
742
743
744
745
746
747
748
749
750
752
753
754
755
756
757
758
760
761
763
764
765
766
767
768
769
770
772
773
774
775
776
777
779
780
781
782
783
784
786
787
788
789
791
792
793
794
795
796
797
798
799
800
801
802
803
804
806
807
808
809
811
812
813
815
816
817
818
819
820
821
822
825
826
828
829
830
831
832
833
834
835
836
837
838
839
840
841
842
844
845
846
847
848
849
851
852
853
854
855
856
857
858
859
861
862
863
864
865
866
867
868
869
870
871
872
873
878
880
881
883
884
885
886
887
888
891
893
894
895
896
897
898
899
901
902
903
904
905
907
908
910
911
912
913
914
915
916
917
919
920
921
922
923
924
926
927
929
931
932
933
934
936
937
938
939
941
942
943
944
945
946
947
948
950
952
953
955
