1
2
4
5
10
11
12
14
15
16
17
18
25
28
30
31
34
36
37
38
39
40
41
43
44
45
46
47
49
50
54
56
57
58
59
60
61
62
63
64
65
66
67
69
72
75
76
78
81
82
84
86
87
88
95
98
101
102
104
107
109
111
114
116
122
124
127
128
131
132
134
139
140
141
143
146
147
149
154
155
157
158
159
160
162
166
167
168
169
174
176
178
179
182
185
187
190
191
193
195
197
200
202
203
204
205
209
210
211
213
215
216
219
221
225
226
228
230
232
237
238
242
243
244
245
246
248
249
251
252
254
257
262
263
264
265
266
267
268
270
271
273
274
275
276
277
279
281
282
284
286
289
293
294
296
299
302
303
304
305
308
311
313
314
318
320
321
322
324
326
327
329
331
336
338
339
340
342
346
349
350
352
354
355
356
359
360
361
362
363
364
365
370
374
375
376
377
378
379
382
383
386
388
391
392
393
394
397
401
402
406
407
413
414
415
422
424
426
427
431
433
437
440
443
445
446
448
451
452
455
456
462
463
465
466
469
470
471
472
473
474
475
476
477
480
482
486
487
488
490
491
493
494
497
498
499
504
505
508
509
510
511
513
515
516
517
518
520
522
523
525
526
527
528
529
533
538
539
541
542
545
547
548
549
551
552
553
555
558
559
560
562
564
565
566
567
569
570
573
575
576
577
579
580
581
583
586
587
589
590
592
594
596
598
602
603
606
607
609
614
615
616
619
620
621
626
627
629
630
632
633
639
641
642
643
644
646
647
648
652
655
656
657
659
661
665
666
667
668
671
673
677
683
685
686
688
689
690
691
694
699
700
701
702
703
704
707
708
709
715
717
720
723
725
727
728
734
736
739
742
746
747
748
749
750
752
753
755
759
767
769
770
771
772
774
778
780
782
784
785
788
790
792
800
801
804
808
810
811
812
815
817
818
819
824
825
827
830
835
836
837
839
841
845
849
850
851
852
853
855
859
860
861
862
863
869
873
879
883
885
887
889
891
893
895
896
897
898
899
902
903
906
907
908
909
911
914
916
917
918
919
920
922
923
924
925
927
928
932
940
941
942
944
947
948
951
954
