1
3
4
5
6
8
9
10
11
12
13
14
15
16
20
21
22
23
24
25
26
27
28
29
30
31
32
33
34
37
38
41
42
44
46
47
49
54
55
58
59
60
61
62
64
67
70
71
72
73
75
76
77
79
80
82
83
84
85
86
87
89
91
92
94
95
100
102
104
106
107
109
111
112
114
115
116
117
118
119
121
122
123
124
125
126
128
130
131
133
135
137
139
140
141
143
144
145
146
147
148
149
150
151
152
153
154
156
159
160
161
162
163
164
165
166
167
168
169
170
171
172
173
174
176
178
179
180
183
184
186
187
188
189
190
191
192
193
194
195
197
198
201
202
204
205
208
209
210
212
214
215
216
217
218
219
221
222
223
224
225
226
227
229
230
231
235
236
238
239
241
242
244
246
248
251
253
258
259
260
261
263
264
265
266
269
270
271
272
273
274
275
276
277
278
279
280
281
282
283
284
286
287
288
289
290
291
293
294
295
296
297
298
299
300
301
302
306
307
308
312
313
314
315
316
320
321
322
323
325
327
328
330
333
334
336
337
339
341
342
346
347
348
349
350
351
352
353
355
356
357
361
363
365
366
369
371
372
374
377
382
383
385
386
387
388
390
391
392
393
395
396
397
398
399
400
401
402
403
404
405
406
409
410
411
413
414
416
417
418
419
420
421
422
423
424
426
428
429
431
432
434
436
438
439
440
442
445
447
451
454
455
457
461
463
464
466
467
470
471
472
473
474
475
478
479
480
483
484
485
486
487
488
490
492
493
494
495
496
497
498
499
501
502
505
506
509
510
511
512
513
514
515
517
518
519
520
521
522
523
524
525
526
529
531
532
534
535
536
538
539
541
542
545
546
547
548
549
551
553
555
556
557
558
560
561
562
563
564
565
566
567
568
571
572
573
574
575
576
578
579
583
584
585
587
588
589
590
591
592
594
596
597
598
599
600
601
602
603
605
606
608
609
610
611
612
613
614
617
619
620
621
622
624
625
627
628
629
630
632
633
634
635
636
637
638
640
641
642
644
645
647
648
649
650
651
653
654
659
660
661
663
664
666
667
668
671
674
676
677
679
680
681
682
684
685
689
690
691
693
694
695
696
697
698
699
700
701
702
704
705
706
707
710
711
712
713
714
715
716
719
721
723
724
725
726
727
728
729
730
731
732
733
734
736
737
740
742
744
745
747
748
750
754
755
756
757
758
759
760
761
762
765
766
767
770
773
774
775
776
777
778
779
780
781
782
784
787
788
789
790
792
794
795
796
797
799
803
804
805
806
807
809
810
811
812
813
815
816
817
818
819
820
823
824
827
828
830
831
832
833
835
836
837
838
839
840
841
844
845
847
848
851
852
853
854
856
857
858
859
860
861
863
865
866
867
869
870
871
872
873
877
878
880
882
883
884
886
887
888
889
890
891
893
894
895
896
897
898
899
901
902
903
904
907
908
909
910
911
912
913
914
915
917
921
924
925
926
928
930
931
932
934
936
937
938
939
940
942
945
946
947
949
950
952
953
954
955
