7
9
17
22
25
27
28
29
30
34
39
42
43
44
48
52
56
57
58
65
67
71
75
76
77
80
82
85
86
88
92
93
96
97
99
100
101
117
119
125
134
137
141
146
150
151
155
165
167
172
174
176
184
186
191
193
195
198
199
201
208
210
216
219
228
231
233
236
242
244
245
246
248
251
260
261
264
266
268
278
281
282
283
284
292
295
298
302
306
309
312
313
316
320
322
329
330
332
335
337
349
351
353
354
358
359
361
363
366
368
370
373
376
378
380
387
388
389
390
396
398
400
401
408
412
414
416
420
421
422
423
424
427
443
447
449
464
466
467
482
485
492
494
500
501
504
507
509
512
522
525
526
530
534
535
539
540
546
547
550
554
555
560
563
564
571
572
573
574
576
585
587
589
595
601
603
604
605
610
613
614
621
625
629
630
631
634
636
638
652
660
661
664
671
672
674
681
686
690
694
704
705
708
709
713
715
718
719
724
727
733
739
743
751
755
756
757
758
760
768
771
778
784
785
791
793
796
797
799
803
806
810
813
814
817
819
823
829
836
839
840
841
843
848
849
851
852
854
858
861
867
868
869
871
872
875
878
885
886
888
890
893
895
897
899
900
902
905
910
913
914
915
917
921
923
924
927
933
936
938
941
946
948
949
950
955
