2
3
4
5
8
9
10
11
12
13
14
16
18
19
20
21
22
23
24
25
28
29
30
32
34
36
39
40
41
42
43
44
45
47
48
49
51
55
57
58
59
60
63
65
66
67
69
70
71
72
74
76
78
79
81
82
83
84
85
86
87
88
89
91
92
93
94
95
96
97
100
101
103
107
109
112
113
115
116
117
118
119
120
121
122
128
129
132
134
135
136
139
142
143
144
145
146
148
149
151
152
155
156
157
159
160
162
163
164
166
168
172
173
174
175
176
178
179
180
181
182
183
185
186
187
188
189
191
192
194
196
197
199
200
201
202
204
205
206
207
209
210
212
213
215
216
218
219
220
221
222
224
225
226
228
229
230
231
232
233
234
235
237
238
240
241
243
244
245
246
247
248
249
253
254
255
256
257
259
260
263
264
266
267
269
270
273
275
278
279
280
281
282
283
286
287
288
289
292
293
294
295
296
297
299
300
301
303
304
305
307
308
309
310
311
312
313
316
318
319
321
322
324
326
328
329
330
332
333
334
335
336
337
338
339
340
346
347
348
349
351
353
354
355
356
357
358
360
361
362
363
365
366
367
368
369
370
374
375
376
377
378
379
380
381
382
383
384
386
387
388
389
391
392
393
394
397
398
399
400
401
402
403
405
406
407
408
409
410
411
413
414
416
417
418
419
420
421
422
423
425
431
432
433
434
435
437
438
441
443
445
446
447
448
449
450
451
452
454
455
456
457
458
459
460
461
462
465
466
467
468
470
471
472
473
478
479
480
481
482
483
484
485
486
487
488
489
491
492
493
496
497
498
499
500
502
504
505
506
508
509
510
511
514
515
516
517
518
519
520
522
523
524
525
527
528
529
532
533
534
535
538
539
540
541
542
543
546
547
552
553
554
555
556
557
558
559
560
562
563
564
566
567
568
569
570
571
572
575
576
580
583
584
585
586
587
588
590
591
592
593
594
595
599
600
601
602
604
606
607
608
610
611
612
614
615
618
620
621
625
628
629
630
631
632
633
634
636
637
638
640
644
645
647
648
650
651
653
655
656
657
658
659
660
662
663
664
665
666
667
669
670
671
672
673
674
675
676
677
678
680
681
682
683
684
685
686
687
692
693
696
700
701
702
705
706
707
709
710
711
712
713
714
716
719
722
723
725
726
727
728
729
731
735
736
737
738
740
743
745
746
747
748
749
750
751
752
754
755
758
760
761
762
763
764
765
767
768
769
771
772
774
776
777
781
782
783
784
786
787
788
789
790
791
792
794
795
796
797
798
801
802
804
805
806
811
812
813
815
818
820
821
822
823
824
825
826
827
828
830
832
834
835
838
839
840
841
842
844
845
847
848
849
855
856
857
858
860
861
862
864
865
867
869
870
871
872
873
875
876
877
878
879
880
881
883
884
886
889
890
891
892
893
894
896
899
900
901
902
903
905
906
907
908
909
910
911
912
914
915
917
918
919
921
922
923
924
925
926
930
931
933
934
935
936
937
941
942
943
944
945
947
948
949
951
952
953
954
