1
2
3
4
5
6
8
10
11
14
16
17
18
19
20
23
24
26
27
28
30
31
32
34
36
37
38
39
40
44
45
46
47
48
49
51
53
54
55
56
57
59
60
61
64
66
67
68
69
70
72
73
74
78
79
80
82
83
84
85
86
87
88
89
92
95
96
99
100
102
103
104
105
107
109
110
111
112
113
114
116
117
120
122
123
126
128
129
130
131
132
133
134
135
136
137
138
140
141
143
145
146
147
148
149
150
151
152
155
159
160
162
163
164
165
166
167
168
169
170
171
172
174
175
176
177
178
179
181
182
183
185
186
187
188
189
190
191
192
193
195
196
197
198
200
201
203
204
206
207
208
209
210
211
212
213
214
215
216
217
218
220
221
222
223
225
227
229
231
232
233
234
235
236
238
240
241
245
247
248
250
253
254
255
256
257
258
259
260
261
262
263
264
265
267
268
269
270
271
273
275
277
278
279
281
282
283
285
287
288
289
290
292
295
297
298
299
301
302
303
305
307
308
309
311
313
314
315
317
318
319
320
321
322
325
326
327
328
329
330
331
332
334
336
337
338
340
342
343
346
347
348
351
352
353
355
356
357
358
359
360
361
364
366
367
368
369
372
373
374
375
376
377
378
379
380
381
384
385
386
388
393
395
397
398
399
400
402
404
407
408
409
411
413
414
415
416
418
419
420
421
422
423
424
427
429
431
432
434
435
437
439
440
441
442
443
444
445
447
449
450
451
453
454
455
456
457
458
460
461
462
463
464
466
469
470
473
476
477
478
479
480
481
482
483
484
488
489
491
492
494
495
496
497
499
500
501
502
503
505
506
507
508
509
510
511
512
513
514
519
520
521
524
525
526
528
529
531
533
537
539
540
541
542
543
545
547
548
550
552
553
555
556
558
559
560
561
562
565
567
568
570
571
572
575
576
577
578
582
583
585
586
587
590
591
592
594
595
596
597
599
600
601
602
603
604
605
607
608
609
610
613
614
615
616
619
621
622
623
624
626
629
630
631
632
633
634
637
638
640
641
643
644
647
649
652
653
655
656
658
661
662
663
664
666
667
669
671
672
673
675
678
679
680
681
684
688
690
691
692
694
695
696
697
699
700
701
702
706
707
708
709
710
711
712
713
714
716
717
720
721
723
725
726
727
728
730
731
733
735
736
737
741
742
744
745
746
747
748
749
750
751
752
754
755
756
759
760
762
764
765
767
769
771
772
773
774
775
777
778
779
780
783
787
788
789
791
793
794
795
796
798
800
801
804
805
806
808
809
810
811
812
814
815
816
817
818
819
820
821
822
823
824
825
826
827
828
829
830
831
833
835
837
839
840
843
844
845
846
848
849
850
851
852
853
854
858
859
862
863
864
865
866
867
868
869
870
872
873
874
875
876
877
878
879
880
881
883
884
885
886
887
888
890
891
892
895
897
898
900
902
903
904
907
908
909
911
912
913
914
915
917
918
919
920
922
923
926
927
930
932
933
934
935
936
939
940
941
943
945
946
947
949
950
951
952
953
955
