1
2
3
5
6
7
9
10
11
12
13
14
15
17
18
19
20
21
22
24
25
26
27
28
30
31
33
34
36
37
38
39
40
41
42
43
44
45
46
47
48
49
50
52
53
54
56
57
58
59
60
61
62
63
64
65
66
67
68
69
70
71
72
73
74
75
78
79
80
84
85
86
87
88
89
90
91
92
93
94
95
96
99
100
101
102
103
104
105
106
107
108
109
110
111
112
114
115
116
117
118
119
120
121
122
123
124
126
127
128
131
132
133
134
135
137
140
141
142
143
144
145
146
148
151
152
153
154
157
158
159
160
161
163
165
166
167
168
170
171
173
174
177
179
180
182
183
184
185
186
188
189
190
191
192
193
194
196
198
199
200
201
202
204
205
206
207
209
211
212
213
214
215
216
217
218
219
221
222
223
225
226
227
228
229
230
231
232
233
236
237
238
239
240
241
242
243
244
245
247
248
250
251
252
253
254
255
256
258
259
260
261
262
264
265
266
267
268
270
271
272
273
274
275
276
278
279
281
282
283
284
285
286
287
289
290
291
292
293
294
295
296
298
299
300
301
302
303
304
305
306
307
308
309
310
311
312
314
315
316
317
319
321
322
324
326
327
328
329
330
331
332
333
337
338
340
341
342
344
345
346
347
348
349
350
351
354
355
356
357
358
359
360
361
362
363
364
365
366
367
369
370
371
372
374
375
376
377
378
379
380
381
383
384
387
388
389
390
393
395
396
397
399
400
401
403
404
405
406
407
408
409
410
411
412
415
416
417
418
419
420
421
422
425
427
428
429
430
431
433
434
436
437
438
439
440
441
442
444
446
448
450
451
454
455
456
458
459
461
462
463
464
465
466
467
469
471
472
473
475
477
478
479
480
481
482
483
486
487
488
489
491
492
494
495
496
497
499
501
502
503
504
505
506
507
509
510
511
512
513
514
515
516
518
519
520
521
522
523
524
525
526
527
528
529
530
531
532
534
535
537
538
539
541
542
543
544
545
546
547
548
549
550
551
552
553
554
555
556
557
559
560
561
563
564
565
566
567
568
569
570
571
572
573
574
575
576
577
578
579
580
583
584
585
586
587
588
589
590
591
592
593
594
596
598
599
601
603
604
607
608
609
610
612
614
615
616
617
618
619
620
621
622
625
627
628
629
630
631
632
633
634
635
636
637
638
640
642
644
645
646
647
648
649
651
652
653
654
655
656
657
658
659
660
661
662
663
664
665
666
667
668
669
670
671
673
674
675
676
677
678
681
682
685
686
687
688
689
690
691
692
693
694
695
696
697
699
700
701
702
703
705
706
708
709
710
711
712
713
714
717
718
719
720
721
722
724
727
728
729
730
732
733
734
735
736
740
742
743
744
745
747
748
750
751
753
754
755
756
757
758
759
760
761
762
764
765
766
767
768
769
770
771
772
773
774
776
777
778
779
780
781
782
783
784
785
787
790
791
792
793
795
796
797
802
803
805
808
809
810
811
812
813
814
815
816
817
818
821
822
823
824
826
827
830
831
832
833
834
835
836
837
838
839
842
843
844
845
848
849
850
851
852
853
855
856
857
858
859
863
864
865
867
868
869
870
871
872
874
877
878
880
881
882
883
884
885
886
887
888
889
890
892
895
896
897
898
899
900
901
902
903
905
906
907
908
909
910
911
912
913
914
915
916
917
920
921
922
923
924
925
926
927
928
929
930
932
934
935
936
937
939
940
941
944
946
947
949
950
951
952
953
954
955
