2
3
4
5
6
7
8
9
10
11
12
15
16
17
18
19
21
22
23
25
26
27
28
29
30
31
32
34
35
36
37
38
39
40
41
42
43
44
45
46
47
48
51
52
53
54
55
56
57
58
59
60
61
63
64
66
68
69
71
72
73
74
75
77
78
79
80
83
84
85
86
87
88
89
90
91
93
94
95
96
98
100
101
102
103
104
106
108
109
110
111
112
113
114
115
116
117
118
119
120
121
123
124
125
126
127
128
129
130
131
132
133
134
135
136
137
138
139
140
141
144
145
146
148
149
150
151
152
153
154
155
156
158
159
161
162
163
164
165
166
167
169
171
172
173
175
176
177
178
179
180
181
182
183
184
185
187
188
190
191
192
193
194
195
196
197
198
199
200
203
204
206
207
210
213
214
215
217
218
219
220
221
224
225
227
228
229
230
232
233
235
236
237
238
239
240
241
242
243
244
245
246
247
249
250
251
252
253
254
255
256
257
258
260
261
264
266
267
268
269
270
271
272
273
274
275
276
277
278
279
281
283
284
285
286
287
291
292
293
295
296
299
300
301
302
303
304
306
307
308
309
310
312
313
314
315
316
317
318
319
320
321
322
323
324
325
326
327
328
330
331
334
336
337
339
340
341
343
345
346
347
348
350
351
352
353
354
355
356
359
360
361
362
363
364
365
367
369
371
373
374
375
376
377
378
379
381
383
384
385
387
388
389
390
391
393
394
395
396
397
399
400
401
403
407
408
409
410
411
412
414
415
416
417
418
419
420
423
425
426
427
428
429
431
432
433
434
435
436
440
442
444
445
446
447
448
449
450
451
452
453
454
455
456
457
458
459
461
462
463
464
465
466
467
468
469
471
473
474
475
476
477
478
479
480
481
482
483
484
486
488
490
491
493
494
495
496
497
498
499
500
501
502
503
505
507
508
509
510
511
512
513
515
516
517
518
519
520
521
522
524
526
528
529
531
532
533
534
536
537
540
541
544
545
546
547
548
549
550
551
552
553
554
555
556
558
559
560
561
562
563
564
565
566
567
568
570
571
572
574
575
576
577
578
579
580
582
584
586
587
588
589
590
591
592
594
595
596
597
598
600
601
602
603
604
605
607
609
610
612
613
614
615
616
617
619
620
621
622
623
624
627
628
629
631
632
634
636
637
638
639
640
641
642
643
644
645
646
647
648
649
650
651
652
653
654
655
656
657
658
659
660
662
663
664
665
666
667
668
669
671
672
674
675
676
677
678
679
680
681
682
683
684
685
687
688
689
690
691
692
693
695
696
698
699
700
701
702
703
704
706
708
709
711
712
713
714
715
716
717
718
719
720
721
722
723
725
726
729
730
731
732
733
734
736
737
739
740
743
744
745
747
748
749
750
751
752
753
755
756
757
758
759
760
762
763
764
765
766
767
768
769
770
771
772
774
779
780
782
784
785
786
787
790
791
792
794
795
797
798
799
801
802
803
804
805
806
807
808
809
811
812
813
815
818
819
820
821
822
823
824
825
826
827
828
829
830
831
832
833
834
835
836
837
838
840
841
843
844
846
847
849
850
851
852
853
854
855
857
858
859
860
861
862
863
864
865
866
868
870
871
873
874
876
879
880
884
885
886
888
889
890
891
893
894
895
896
897
898
899
900
901
902
903
904
906
907
908
909
910
911
912
915
918
919
920
921
922
923
924
925
926
927
928
930
931
932
933
935
936
937
939
940
942
943
945
946
947
948
949
951
952
954
955
