6
11
13
14
17
19
22
24
28
30
31
35
38
57
58
59
60
64
65
72
74
78
82
84
85
89
92
94
96
97
99
101
104
106
113
117
119
120
122
125
126
130
133
134
141
150
154
157
161
163
165
166
170
173
178
190
191
193
194
197
198
203
212
215
217
221
224
229
230
233
244
256
258
266
269
271
276
285
288
289
295
296
297
301
308
312
324
329
333
334
335
336
338
340
349
350
355
358
361
362
363
367
368
372
379
380
382
383
387
388
392
394
402
404
405
406
407
408
410
418
419
420
422
424
426
427
431
433
438
439
440
442
445
453
456
457
459
461
462
463
465
466
467
472
474
476
483
490
492
497
498
501
503
510
515
516
522
523
524
531
532
536
537
541
547
549
553
554
555
556
558
569
575
577
578
581
582
587
594
595
597
605
607
609
615
617
619
623
628
633
634
637
638
640
646
647
648
651
653
660
663
669
673
681
684
685
688
694
696
697
699
706
709
712
713
714
715
717
723
724
731
734
737
738
740
745
759
764
767
769
771
772
779
780
782
794
797
810
811
812
817
819
821
822
823
824
825
838
843
845
846
847
850
852
853
854
857
858
861
862
871
875
878
889
892
893
895
896
897
898
900
903
905
907
913
915
919
921
922
923
931
939
947
950
954
955
