1
4
5
6
7
8
9
10
11
12
14
15
16
17
18
19
21
22
24
25
26
27
29
30
31
33
34
35
36
37
38
40
41
42
43
44
45
46
48
51
52
53
54
55
56
57
59
60
61
62
63
64
65
67
68
69
70
72
73
74
76
77
78
79
80
81
83
84
85
88
89
90
91
93
94
95
97
99
100
101
102
103
104
105
106
107
108
111
113
114
115
116
117
120
121
122
123
124
126
127
128
129
130
131
132
133
135
136
138
139
140
141
142
143
144
145
147
148
149
150
151
152
153
154
155
157
158
159
160
161
162
163
164
165
166
167
169
170
171
172
173
174
175
176
177
178
179
180
181
183
184
185
186
187
189
191
192
193
194
195
197
198
200
201
202
203
204
205
206
207
208
209
211
213
214
216
218
219
220
222
223
224
226
227
228
229
232
233
234
235
236
237
238
239
240
242
243
244
245
246
247
248
251
252
254
255
256
259
261
262
263
264
266
267
268
270
272
273
274
275
276
277
278
279
280
281
282
284
285
286
287
288
289
290
291
292
293
294
295
296
297
298
300
301
302
303
304
305
306
307
309
310
312
313
314
316
318
319
320
321
322
323
324
325
327
328
329
330
331
333
334
335
338
339
340
343
345
346
347
349
350
351
354
355
356
357
358
359
361
362
364
365
366
367
368
373
374
376
377
378
379
380
381
382
383
384
386
387
388
389
390
392
396
397
398
399
400
404
405
406
407
408
409
411
413
414
415
416
417
418
419
420
421
422
423
424
425
426
427
429
431
432
433
434
435
436
437
438
439
441
443
444
445
446
447
448
449
450
451
452
453
454
455
457
459
461
462
464
465
466
467
468
470
471
472
473
475
476
477
478
479
480
481
482
483
484
486
487
488
491
492
493
494
495
496
497
498
499
501
502
503
504
506
507
508
509
512
513
514
515
517
518
519
521
522
523
524
525
526
530
531
532
533
534
535
536
537
538
539
540
541
542
543
544
545
546
547
548
549
550
551
552
553
554
555
556
557
559
561
562
563
564
566
568
569
571
572
573
574
575
576
577
578
579
580
581
582
583
584
585
586
587
588
589
590
591
592
594
595
596
597
598
600
601
602
603
605
606
607
608
609
610
611
612
613
614
615
617
618
620
621
625
626
628
629
630
632
633
635
636
637
638
640
642
643
644
645
646
647
649
650
651
652
653
654
655
656
658
659
660
661
662
663
665
666
667
670
671
674
675
676
678
679
680
681
683
684
686
687
688
689
690
691
692
694
696
697
698
699
700
701
702
704
705
706
707
708
710
711
714
715
716
717
718
719
721
722
723
724
725
726
728
729
730
731
733
734
736
737
738
739
740
741
742
743
744
745
746
747
748
749
750
751
752
753
755
757
759
760
761
762
763
764
765
766
767
768
769
770
771
772
773
774
776
777
778
779
780
781
782
785
786
787
788
791
793
794
795
796
797
799
800
801
802
803
804
805
806
807
809
810
811
812
813
814
815
816
817
818
819
820
822
823
824
826
827
828
829
830
831
834
835
838
839
840
841
842
843
844
845
846
847
848
849
852
853
856
857
858
859
860
861
862
864
865
866
867
869
870
871
872
873
874
876
877
879
881
883
886
887
891
892
893
894
895
896
897
898
899
900
901
904
905
907
908
909
910
913
914
915
916
917
918
919
920
922
923
925
926
927
928
929
930
931
932
934
935
936
937
938
939
940
942
943
944
945
946
947
949
950
951
952
953
955
