1
2
3
4
5
7
8
9
11
12
13
14
16
17
18
19
20
21
23
24
25
26
27
28
29
30
31
32
33
34
35
36
37
38
39
40
41
42
43
45
46
47
48
49
50
51
52
53
56
57
58
59
60
61
62
63
64
65
66
67
68
69
71
72
74
75
76
77
79
81
82
83
84
85
86
87
88
89
90
91
92
93
94
95
96
97
100
101
102
103
104
105
106
108
109
110
111
112
113
115
116
118
120
121
122
123
124
126
127
129
131
132
133
134
136
138
139
140
141
142
143
145
146
147
148
150
151
153
156
157
159
160
161
162
165
166
167
169
170
173
174
175
176
177
178
180
181
182
183
184
185
187
188
189
190
191
192
193
195
196
197
199
200
201
202
204
205
207
208
209
210
212
213
214
215
216
217
218
221
222
223
224
225
227
228
229
231
232
234
235
237
238
239
240
241
242
243
244
245
246
247
249
250
251
252
253
254
255
256
257
258
259
260
261
262
263
265
266
267
269
272
273
274
275
276
277
279
280
281
283
284
286
287
288
289
290
291
292
293
295
296
298
299
300
301
302
303
305
306
307
308
309
310
311
313
315
316
317
318
319
320
323
324
325
326
327
328
329
330
331
332
333
334
335
336
337
338
340
341
343
344
345
347
348
349
351
353
354
357
358
359
360
361
362
363
364
365
366
367
369
371
373
375
376
377
378
380
381
382
383
384
385
386
388
389
390
393
394
395
396
397
398
399
400
402
403
404
405
406
407
408
410
411
412
413
414
415
416
417
418
420
421
422
423
424
426
428
429
430
431
432
434
435
436
437
439
440
441
443
444
445
447
449
450
451
452
453
454
455
457
458
459
460
461
462
463
464
465
466
467
468
469
470
471
472
473
474
475
476
477
480
481
482
483
485
486
487
489
490
491
492
493
495
497
498
499
500
501
502
503
504
506
508
509
510
511
512
514
515
516
517
518
519
520
521
522
523
524
526
527
528
529
530
533
534
535
537
538
539
540
541
542
543
544
545
546
547
548
551
552
553
554
555
556
557
558
559
560
561
566
567
568
569
570
571
572
573
574
575
576
577
579
580
581
582
583
584
585
586
587
588
589
590
591
594
595
596
597
598
599
600
601
602
603
605
608
609
612
613
617
618
619
620
621
622
623
626
627
628
629
632
633
636
637
638
639
641
642
643
644
645
646
647
648
649
650
651
652
653
655
656
657
658
659
660
661
663
664
665
666
667
668
670
671
672
673
674
675
676
677
679
680
681
682
683
684
686
687
688
689
690
691
692
693
694
695
696
699
704
705
708
709
711
713
714
715
716
717
718
719
720
721
722
723
724
726
727
728
729
731
733
734
736
737
738
739
740
742
743
744
745
746
747
748
749
750
751
752
753
754
756
759
761
763
764
765
766
767
768
769
772
773
774
775
776
777
779
780
781
782
783
784
785
787
788
789
790
792
793
794
796
797
799
801
802
803
804
805
806
807
809
810
811
812
813
814
816
817
818
819
820
822
823
824
825
827
828
830
831
832
833
834
835
837
839
840
842
843
845
846
847
848
850
851
852
853
854
855
856
857
858
860
861
863
864
865
867
870
871
872
874
875
877
878
880
881
882
883
886
887
888
889
890
891
892
893
895
898
899
900
901
902
904
905
906
907
908
909
911
912
915
916
918
922
923
924
925
926
927
928
929
930
932
933
934
935
936
937
938
939
940
941
943
944
945
946
947
948
950
951
952
953
954
955
