1
2
5
6
7
8
9
10
12
13
15
16
17
18
19
20
21
22
23
24
25
26
27
28
30
32
36
37
39
40
42
45
46
47
48
49
51
52
53
54
57
58
59
60
61
62
64
65
66
68
70
71
72
73
74
76
77
82
83
84
85
86
87
90
92
93
95
96
97
98
99
100
101
102
104
105
106
107
109
110
111
113
114
115
116
117
118
120
121
123
124
125
127
128
129
130
131
132
133
137
138
139
140
141
142
143
144
145
147
148
149
151
153
154
155
156
157
160
161
162
164
165
166
167
168
169
170
171
173
175
176
177
178
179
180
181
182
183
184
185
186
187
188
189
191
192
194
195
199
200
202
203
205
206
207
209
210
211
212
213
214
215
216
217
218
219
220
223
224
225
226
227
228
229
230
231
232
235
236
237
238
239
240
241
242
243
244
246
248
250
251
252
253
254
256
257
258
260
261
262
264
266
267
268
270
271
272
273
274
276
277
278
279
280
281
282
283
284
287
288
289
290
291
292
293
294
295
296
298
299
300
301
302
303
305
308
309
310
311
312
314
315
316
317
318
319
321
323
326
327
328
329
330
331
333
334
335
336
337
338
339
340
341
342
343
344
345
346
348
349
351
352
353
354
355
356
358
359
361
362
363
364
365
366
367
369
370
371
372
376
378
380
383
387
388
389
390
392
393
394
395
396
397
398
399
400
401
402
403
404
405
406
407
411
412
413
414
415
416
417
419
420
421
422
423
424
427
428
429
430
431
432
433
434
435
436
437
438
439
440
441
445
446
447
448
451
453
454
455
456
457
458
459
460
461
464
465
466
467
468
471
473
474
477
479
480
481
482
483
485
486
487
488
489
490
491
492
493
494
495
496
497
498
499
500
501
502
503
504
505
506
507
508
510
511
512
513
514
515
516
518
519
521
522
524
526
527
528
529
531
532
534
535
536
537
538
541
542
543
544
545
546
547
548
549
550
551
552
553
554
555
556
558
559
560
561
562
564
565
566
567
568
569
570
571
572
573
574
575
576
578
579
580
581
582
583
584
585
586
587
590
591
593
594
595
597
598
599
600
603
604
605
606
608
609
610
611
613
615
616
617
618
619
620
621
622
624
625
626
628
629
630
631
632
633
634
636
637
638
640
641
642
643
644
646
647
648
649
650
651
652
653
655
656
657
658
659
660
661
662
663
664
666
667
668
669
670
671
672
673
675
676
677
678
679
680
681
682
683
684
685
686
687
689
690
691
692
693
694
696
697
698
699
700
701
702
703
704
705
706
708
709
710
711
712
713
714
715
716
717
718
719
720
722
723
724
725
726
727
728
731
732
733
734
736
737
738
739
740
741
743
744
745
746
747
748
749
750
751
752
753
754
755
756
757
759
760
761
762
763
765
766
767
768
769
770
771
772
773
774
775
776
778
779
780
783
784
789
790
791
792
794
795
796
797
798
800
801
802
803
804
806
807
808
809
810
811
812
813
814
815
817
818
819
820
821
822
823
824
825
826
827
828
829
832
834
835
837
838
839
841
842
843
844
845
848
849
850
851
852
853
855
856
858
860
861
862
863
864
865
866
869
870
872
873
875
876
878
879
880
882
883
885
886
887
888
891
892
893
894
895
896
897
898
899
900
901
902
903
904
905
906
907
908
909
910
911
912
913
914
916
917
918
919
920
921
922
923
925
926
927
928
929
930
931
932
935
937
939
940
941
942
943
944
945
946
947
948
949
950
952
953
954
955
