1
2
12
16
18
22
23
25
29
32
34
44
46
47
48
49
58
59
60
70
77
79
81
85
90
91
92
96
99
101
103
106
111
115
118
123
124
130
131
133
137
142
149
151
152
157
161
162
163
164
165
169
174
176
181
189
199
203
207
213
215
219
225
232
234
239
241
242
244
250
255
257
259
261
271
275
276
277
285
287
288
295
296
300
302
305
307
309
317
318
322
324
326
327
328
330
331
340
341
342
346
351
360
361
363
364
371
374
377
378
386
388
393
394
395
404
408
413
416
420
422
424
427
429
431
434
436
437
443
445
446
453
459
461
465
468
470
471
475
476
483
484
488
490
491
492
500
501
503
507
510
512
513
514
516
517
521
524
525
527
529
534
537
541
543
545
548
552
554
558
560
562
564
566
567
568
570
572
573
574
577
578
581
583
586
589
590
591
598
605
608
614
615
617
627
632
634
649
652
653
654
659
667
671
676
679
689
690
692
698
701
702
705
707
713
715
720
736
739
740
745
747
748
749
751
754
768
771
774
784
785
791
793
798
802
803
809
811
813
814
816
818
823
824
831
832
836
838
841
847
849
850
853
856
863
865
866
867
869
872
873
878
882
884
891
903
907
910
916
921
922
927
928
931
932
934
935
937
943
944
947
948
949
950
951
953
