1
2
3
4
5
6
7
8
9
11
13
16
17
18
20
22
25
27
28
30
32
39
40
41
42
43
44
47
51
53
56
57
60
62
63
64
71
73
75
77
78
82
83
84
88
90
91
92
93
95
98
99
106
107
108
111
112
113
114
115
116
119
120
122
123
124
125
126
127
128
131
133
134
138
142
143
144
149
151
153
154
155
157
159
160
163
164
165
167
171
172
173
174
183
184
185
189
192
194
195
198
199
200
203
204
205
206
208
213
218
219
220
222
224
226
230
232
234
235
236
238
241
242
244
245
247
248
250
254
255
256
257
258
259
263
264
265
270
271
272
273
276
277
279
281
285
286
289
290
291
292
294
295
296
299
300
301
302
304
305
306
308
309
312
315
317
318
320
321
323
327
328
332
333
334
335
336
337
339
342
344
346
348
349
352
353
354
357
360
362
364
365
367
372
373
375
377
381
383
384
385
388
391
392
393
395
398
400
401
402
404
405
406
407
408
409
413
414
415
416
421
422
425
426
431
432
434
436
438
441
442
443
444
446
447
448
452
453
455
457
459
467
473
476
477
478
480
481
482
484
485
486
488
491
492
494
496
497
498
499
501
503
505
510
511
512
514
515
516
517
520
523
525
529
530
538
539
542
543
544
545
549
551
557
558
566
568
570
573
578
579
580
581
582
583
584
586
587
589
590
592
594
595
597
603
604
608
609
610
611
612
613
614
616
617
618
625
626
627
629
630
635
637
642
650
651
653
654
659
662
663
664
665
666
668
670
671
672
677
678
679
681
682
683
685
689
694
698
700
703
707
710
711
714
715
717
719
721
722
724
728
729
730
732
735
736
737
740
741
742
745
746
747
748
749
750
751
754
760
764
766
769
770
771
773
774
776
777
779
784
785
787
788
792
798
800
803
804
806
807
808
812
814
816
817
819
821
823
824
826
827
829
830
831
835
836
837
839
841
845
847
848
849
854
856
862
863
864
866
867
869
870
872
873
874
875
877
878
880
881
883
889
891
892
894
896
897
898
899
902
903
906
907
908
909
910
912
915
919
920
923
929
931
934
937
938
939
942
943
944
946
947
948
949
950
953
955
