1
2
3
6
8
9
11
12
13
15
17
18
21
22
23
24
25
28
30
31
32
36
38
39
40
41
43
45
46
47
52
56
57
59
60
62
63
64
65
66
67
68
69
70
71
72
73
74
75
76
77
78
79
80
81
82
83
84
86
87
88
89
90
91
92
93
94
96
97
98
99
100
101
102
103
104
105
106
107
108
109
110
111
112
113
114
115
116
117
118
119
120
121
122
123
124
125
127
128
129
130
131
132
133
134
135
137
140
141
144
145
146
148
149
150
151
152
153
154
156
157
158
159
160
162
163
165
166
167
168
169
170
171
172
176
177
178
179
180
182
183
184
185
187
189
190
191
192
194
195
196
197
198
199
200
202
204
205
206
207
208
209
210
211
213
215
218
219
220
221
222
223
224
225
226
227
228
230
231
232
233
234
235
236
237
238
239
240
241
244
245
246
247
248
249
251
252
253
254
255
257
258
259
260
262
263
265
266
267
268
270
271
272
273
275
276
277
278
279
280
281
282
284
285
286
289
290
291
293
294
296
297
298
299
300
301
302
303
304
306
308
309
310
311
312
313
314
315
316
317
318
320
321
322
325
326
327
328
329
331
332
333
334
335
337
338
339
340
341
342
343
344
345
346
347
348
349
350
351
352
353
354
355
356
357
358
359
360
361
363
364
366
367
368
369
370
373
374
375
376
377
378
379
380
382
384
385
386
388
389
391
392
393
397
401
402
403
404
405
407
408
410
411
412
413
417
418
419
420
422
423
425
427
428
429
430
431
432
433
434
435
436
437
438
439
440
441
442
443
444
448
449
450
451
452
453
454
455
456
457
458
460
461
462
463
464
465
466
467
469
470
471
472
473
474
475
476
477
478
479
480
481
482
483
484
485
486
487
488
489
491
492
493
495
496
497
498
500
501
502
503
505
506
507
508
509
510
511
512
513
514
515
518
519
520
521
523
524
528
529
531
532
533
534
535
538
539
541
542
544
545
546
547
548
549
550
553
555
557
558
560
561
562
563
564
565
566
567
569
570
572
573
574
576
578
580
581
583
585
586
587
589
590
591
594
595
596
597
598
600
601
603
604
605
607
608
609
611
613
614
615
617
619
620
621
622
623
625
627
629
630
631
633
634
635
637
638
639
640
641
642
643
644
645
646
648
650
651
653
654
655
656
657
658
659
660
661
662
663
665
666
667
668
671
672
674
675
676
677
678
679
680
681
682
683
684
685
686
687
688
689
692
693
694
695
696
697
698
700
701
703
705
706
708
710
711
712
713
714
715
716
717
718
719
721
722
724
726
728
729
730
731
732
734
735
736
737
738
739
740
741
742
743
745
747
748
749
751
752
753
754
755
756
757
758
759
760
761
762
764
765
767
768
769
770
771
772
773
774
775
776
778
779
782
784
786
787
788
789
790
791
792
793
794
795
796
797
798
799
800
801
802
803
804
805
806
807
808
809
810
811
813
814
816
817
818
819
820
822
823
824
825
826
827
828
829
830
831
832
833
834
835
838
839
840
841
842
843
845
846
847
848
849
850
851
852
853
854
855
856
857
859
860
862
864
865
866
867
868
869
870
871
872
873
874
875
877
879
880
881
883
884
886
887
888
889
891
892
893
894
895
896
897
898
899
900
901
902
903
904
905
906
908
910
911
912
913
914
915
916
917
919
920
921
922
923
924
925
926
927
928
929
930
931
933
934
935
936
937
938
939
940
941
942
943
944
946
948
949
950
951
952
954
955
