5
7
8
10
11
12
14
15
17
22
24
25
26
27
31
35
37
38
40
41
42
43
44
47
50
51
52
53
55
56
58
65
67
68
73
74
77
78
79
80
82
83
85
86
88
89
90
91
92
94
95
97
98
100
104
105
107
109
112
114
116
117
118
122
123
128
129
130
134
137
138
140
146
149
150
151
155
156
159
161
164
165
167
171
172
173
174
176
179
181
182
183
185
187
188
189
190
191
199
200
204
205
207
214
215
216
218
220
221
222
223
224
228
238
239
240
242
243
246
250
251
253
254
256
259
262
263
265
267
275
277
278
279
280
281
283
285
286
287
288
289
294
295
296
299
300
311
312
315
317
318
320
321
323
324
325
326
328
330
331
333
335
339
342
343
344
345
350
355
356
357
358
361
362
363
365
367
368
369
372
378
379
380
382
383
384
386
387
388
389
394
395
396
397
398
400
403
404
408
411
413
414
417
420
421
422
424
425
426
429
433
435
438
439
440
441
442
443
445
446
449
450
451
452
454
455
456
458
460
462
463
464
465
467
468
469
471
472
473
474
477
479
480
481
483
484
487
490
491
492
497
501
502
503
504
509
513
514
517
519
520
522
523
524
525
526
530
531
532
533
537
539
540
541
543
544
545
546
548
549
550
551
554
557
558
563
567
568
570
571
572
573
578
580
582
583
584
587
588
593
594
596
599
603
604
608
610
613
616
617
620
621
623
624
630
633
635
636
637
644
645
647
648
653
654
656
659
662
663
665
666
670
671
674
677
678
679
682
683
685
690
693
695
697
698
701
704
705
707
713
714
715
716
717
718
719
720
721
722
723
724
726
729
731
732
733
740
741
742
744
748
749
750
751
755
756
757
759
761
762
763
764
766
767
770
772
774
775
776
777
782
785
789
791
793
794
795
797
799
801
802
803
805
806
807
808
809
810
813
817
820
822
826
829
830
832
834
838
841
842
843
846
850
851
854
856
857
858
862
863
864
865
866
868
869
871
872
875
876
877
878
880
882
883
885
889
890
891
892
895
896
897
898
899
900
901
910
912
914
915
916
917
918
923
929
933
935
940
941
946
947
949
950
952
953
954
955
