2
3
4
6
8
9
10
11
13
16
18
21
22
25
27
29
30
31
32
33
38
39
42
50
51
52
53
54
57
60
66
68
70
73
75
77
82
83
86
89
90
92
93
95
97
98
99
102
103
106
109
110
112
113
117
119
121
126
127
128
132
134
135
138
143
145
146
147
150
153
155
158
159
160
161
163
164
165
170
171
175
176
177
178
179
180
181
182
183
185
187
190
192
193
194
195
196
197
199
203
204
207
210
211
215
218
220
221
223
225
226
229
231
241
243
244
245
247
250
251
252
254
255
256
257
258
261
264
265
267
268
270
271
273
274
276
282
284
286
288
295
296
298
301
302
303
305
306
307
308
309
311
313
319
324
325
327
330
331
334
337
339
342
343
347
350
351
353
355
356
360
362
365
366
369
370
372
374
375
376
377
380
382
385
388
390
393
394
396
398
401
402
405
406
409
413
414
416
417
418
421
422
423
426
430
432
437
439
440
441
443
445
446
449
451
454
457
458
460
463
464
465
466
467
470
471
473
474
476
478
479
482
483
484
485
486
489
496
499
502
504
513
514
515
519
523
524
525
526
530
531
532
533
534
536
537
538
541
543
547
549
550
555
557
558
559
560
562
563
564
568
569
570
572
574
576
579
580
581
582
583
584
587
588
589
590
591
592
593
595
596
598
599
602
606
608
611
612
613
614
617
619
620
621
623
625
626
627
629
630
631
634
635
636
637
639
640
642
644
647
648
650
651
653
656
662
663
666
667
668
669
670
671
672
673
676
681
683
685
686
687
688
692
693
696
700
701
703
704
711
712
715
716
718
719
721
725
726
728
729
732
734
738
739
745
746
747
748
749
750
751
752
753
754
757
761
762
767
769
770
773
774
775
776
777
778
779
780
782
784
785
787
791
792
793
795
796
799
800
801
802
803
805
806
809
810
811
812
813
815
818
821
827
828
829
830
831
832
833
837
838
844
846
847
848
850
855
856
857
859
860
862
868
869
872
874
875
877
879
880
881
882
884
885
886
887
892
893
894
896
904
907
908
910
912
915
918
919
921
923
925
926
928
929
930
933
934
938
940
942
945
946
947
949
951
953
955
