3
4
5
7
8
9
10
11
12
13
14
15
16
17
18
19
20
22
23
24
26
27
28
29
31
33
35
36
37
39
40
41
43
44
45
46
47
48
50
51
52
54
56
58
60
61
62
63
64
65
66
67
68
69
71
72
73
75
76
77
78
79
80
82
83
84
85
86
87
88
89
92
93
94
95
96
97
98
99
100
101
103
105
106
107
108
109
110
111
112
113
114
116
117
118
119
120
122
123
124
126
127
128
130
131
132
133
135
136
137
138
139
140
141
142
144
145
146
147
148
150
151
153
154
155
156
158
160
161
162
163
166
167
168
169
170
171
172
174
175
176
177
179
180
181
182
183
184
185
186
187
188
189
190
192
193
194
195
196
197
199
200
201
202
203
204
205
206
207
209
210
211
212
213
214
216
217
218
219
221
224
227
228
229
232
233
234
236
237
238
241
242
243
244
245
248
249
250
251
252
253
254
257
259
260
261
262
263
265
266
267
268
269
270
272
274
276
277
278
280
281
282
283
284
285
286
287
288
289
290
291
293
294
295
296
297
299
301
302
303
304
305
306
307
308
309
311
312
313
314
315
318
319
320
322
323
324
326
327
328
329
330
331
332
333
334
335
336
337
338
341
342
343
344
345
346
347
349
351
352
353
354
355
356
357
358
359
360
361
362
363
364
365
366
367
368
370
372
373
375
377
378
379
380
381
382
384
385
386
388
389
390
391
392
393
394
396
397
398
399
400
402
403
404
406
407
408
409
412
413
414
415
416
417
418
419
420
421
422
423
424
425
426
427
428
429
430
431
432
433
434
435
436
437
439
440
441
444
447
448
449
450
451
452
453
454
455
456
458
459
460
462
463
464
465
466
467
468
469
470
471
472
473
474
476
478
479
481
482
483
484
486
487
488
489
490
491
493
494
495
496
497
498
500
501
503
504
505
508
510
511
512
513
514
515
516
517
519
521
522
523
524
526
527
529
530
531
532
533
534
535
536
538
540
541
542
543
545
546
547
548
549
552
553
554
556
557
558
561
562
563
564
565
566
567
568
570
571
573
574
575
576
577
578
579
581
582
584
585
586
587
588
589
590
591
592
594
596
597
598
599
600
601
604
605
606
607
609
610
611
615
616
617
619
620
622
623
624
625
626
627
628
629
631
632
633
634
636
637
639
641
642
643
645
646
647
648
649
650
651
653
654
655
656
657
658
660
662
664
665
666
667
670
671
673
674
675
677
678
680
681
682
683
684
685
686
687
689
691
692
693
695
696
697
698
699
700
701
702
704
706
707
708
709
710
711
713
714
715
716
717
718
719
720
721
722
723
724
725
726
728
729
730
732
733
735
736
737
738
739
741
742
744
745
746
747
748
749
750
751
752
755
756
757
758
759
760
761
762
764
765
766
767
768
769
773
774
775
778
779
780
781
783
785
786
787
788
789
790
792
793
794
795
797
798
799
800
801
802
803
804
805
806
807
808
809
810
811
812
814
815
816
817
818
819
820
822
823
824
825
826
827
828
829
830
831
832
833
834
835
836
837
838
839
840
841
843
845
846
847
849
850
851
852
853
855
856
857
858
859
861
863
865
866
867
870
872
873
874
875
876
877
878
879
880
881
883
884
886
887
888
889
890
891
893
894
895
896
897
898
900
902
904
905
906
907
909
910
914
915
916
917
918
919
921
922
923
924
925
926
927
928
929
930
931
932
933
934
935
936
938
940
941
942
943
945
946
948
949
950
951
952
953
955
