1
2
4
5
6
7
8
9
12
14
16
17
19
20
21
22
23
24
25
26
27
28
29
30
31
34
35
37
38
40
41
42
43
44
46
47
50
51
52
54
56
58
59
60
61
65
69
71
72
73
74
75
76
77
79
80
81
82
83
86
87
88
89
92
94
95
96
98
99
101
102
104
105
106
107
108
109
111
113
114
116
117
120
122
123
124
125
126
128
129
132
133
134
135
136
137
138
139
140
141
142
143
144
146
148
149
152
153
154
156
157
158
159
160
163
164
167
168
169
170
171
173
174
176
178
179
180
181
182
183
185
186
187
188
190
191
192
194
195
197
198
199
202
203
205
206
207
208
209
210
214
215
216
217
218
220
221
222
223
224
225
229
230
232
233
235
236
237
239
246
248
249
250
251
252
253
254
255
257
258
259
260
262
264
265
267
270
271
272
273
276
277
280
281
282
283
284
285
286
287
290
291
292
293
294
295
296
298
303
304
305
306
307
308
309
311
313
316
317
318
321
322
323
324
325
326
327
328
331
332
334
336
337
338
339
340
341
343
344
345
347
348
349
350
351
354
355
356
358
359
360
361
363
364
366
367
368
369
370
372
373
374
375
377
378
379
380
381
382
383
384
385
386
387
389
390
393
394
396
397
398
399
400
401
402
403
404
408
409
410
413
416
417
418
419
420
421
423
424
425
426
430
431
433
434
436
437
438
439
442
443
446
447
448
449
450
451
452
453
455
456
457
458
459
460
462
463
464
466
467
470
471
472
473
474
475
477
480
482
483
485
486
487
488
490
491
492
493
495
496
498
499
502
504
506
507
508
511
513
515
516
517
518
519
520
522
523
524
525
526
527
528
530
532
534
536
537
538
542
543
544
545
547
548
549
550
551
553
554
555
556
558
559
562
566
567
568
569
570
571
573
574
575
576
578
579
583
585
586
588
589
591
592
594
595
596
597
598
599
600
602
604
605
606
607
608
609
611
613
614
616
620
621
623
624
625
626
627
630
631
632
633
634
635
636
638
639
640
641
642
643
645
647
648
649
650
652
653
654
656
657
658
659
660
661
662
663
665
667
668
669
670
671
672
675
676
677
678
679
680
681
682
684
688
690
692
693
694
695
696
697
698
699
700
703
704
705
706
707
708
710
711
714
716
717
718
721
723
728
730
731
732
734
736
737
739
741
742
744
745
746
749
751
752
755
757
758
759
760
762
763
766
767
769
770
773
774
775
776
777
779
781
782
783
785
786
787
788
789
792
793
794
795
799
800
801
802
803
804
807
811
812
813
816
817
819
820
822
823
824
825
827
828
831
833
834
835
836
837
838
839
840
841
842
843
844
845
846
847
848
849
850
851
852
853
855
856
857
861
862
863
864
866
868
870
871
872
873
874
875
876
878
879
881
884
885
886
888
889
892
893
894
896
897
898
900
903
904
905
906
907
908
910
911
912
914
915
917
918
919
920
921
922
924
925
926
927
929
930
931
933
934
937
938
940
941
942
943
945
946
947
948
950
951
952
953
954
955
