1
7
8
9
12
14
15
16
20
21
23
24
27
28
29
30
31
34
35
37
38
41
43
47
48
50
51
52
53
54
56
58
60
63
65
66
68
70
71
72
73
75
76
78
80
82
83
88
89
90
92
95
96
99
100
103
104
107
111
112
116
117
121
125
128
129
131
132
133
134
135
136
137
139
145
147
149
152
154
155
157
160
163
164
165
166
167
168
169
171
172
174
175
176
177
179
180
182
183
185
188
189
194
195
198
199
200
203
204
206
207
209
211
212
219
220
223
224
227
228
231
232
234
236
237
238
239
241
243
244
245
247
248
249
250
256
258
259
260
261
262
263
267
269
270
271
273
275
276
277
278
284
285
286
289
292
293
294
295
297
298
301
302
304
305
306
307
309
310
313
315
316
317
320
323
324
328
332
333
335
337
338
339
341
342
343
345
346
348
349
350
353
354
356
357
358
361
362
363
366
370
371
374
375
377
379
382
383
392
395
398
399
401
403
407
408
409
410
412
414
417
419
420
422
423
425
430
431
435
438
439
441
442
443
444
448
449
450
457
460
462
465
467
469
470
473
477
479
480
486
487
489
490
491
494
496
497
500
503
505
508
510
513
514
515
516
517
518
520
525
527
528
529
533
536
537
541
542
543
545
548
549
551
552
554
556
557
560
561
562
565
568
570
573
574
575
576
578
583
585
588
590
596
600
603
604
606
607
609
611
614
617
621
622
624
625
626
627
628
630
634
635
638
640
642
647
650
653
656
657
659
661
662
665
670
672
673
674
677
685
688
689
690
693
695
697
698
700
702
704
705
706
708
709
710
711
714
716
719
720
721
722
723
725
726
727
728
729
736
737
740
741
742
743
744
747
748
750
751
752
756
758
760
761
764
765
766
767
768
769
773
774
777
778
779
781
783
787
789
792
794
798
799
802
804
808
814
815
819
820
823
825
826
828
829
830
831
833
835
836
837
839
845
846
849
862
863
866
867
869
870
871
873
874
877
879
880
881
882
883
885
886
887
890
891
896
898
900
901
902
905
906
909
910
913
918
919
921
922
923
924
926
927
930
931
933
935
938
940
943
945
948
949
951
952
953
954
