1
3
6
7
8
9
10
13
14
15
17
18
22
28
30
31
33
35
36
38
45
46
49
51
52
53
55
56
57
58
63
64
66
67
68
69
73
80
81
83
86
87
89
92
93
94
97
98
99
104
107
111
114
118
121
122
123
126
127
128
129
131
134
135
136
137
139
142
143
144
148
149
150
152
157
158
159
160
161
162
164
168
169
171
172
173
174
175
183
184
185
189
192
194
196
197
198
199
201
206
208
211
213
214
218
220
221
222
223
224
228
231
233
236
238
241
242
245
246
249
250
252
253
254
257
261
271
272
273
275
278
279
281
282
283
284
286
287
288
290
291
292
294
296
297
298
299
301
303
304
307
308
309
310
312
314
316
318
319
321
322
324
326
330
331
332
335
336
338
340
342
344
345
349
355
356
358
360
363
373
376
377
379
380
381
387
388
391
392
394
395
398
399
400
404
405
406
409
410
411
413
414
416
418
419
420
422
423
426
427
429
430
431
432
434
437
439
441
443
444
445
446
447
448
450
452
453
454
455
456
458
459
461
468
470
473
480
482
487
488
489
490
492
493
494
497
498
500
502
504
508
509
513
514
516
517
519
521
522
523
528
529
530
533
535
536
537
538
539
544
545
547
548
549
550
552
553
554
556
560
562
563
564
566
567
570
571
572
573
575
577
578
579
582
583
584
586
587
588
593
594
602
603
604
605
606
607
613
615
616
618
622
623
624
627
628
629
631
632
633
635
637
638
639
640
641
643
644
645
647
648
649
651
653
654
659
660
662
665
668
669
673
674
676
679
681
683
686
688
691
692
694
695
696
699
700
701
704
706
707
708
717
719
720
722
724
726
729
731
732
734
735
739
743
746
747
751
753
757
758
764
767
768
769
770
771
772
774
776
784
788
789
790
791
793
794
798
799
801
802
806
808
810
812
813
814
816
817
820
827
828
829
834
838
839
840
842
845
849
850
851
852
856
859
860
862
864
865
866
867
868
869
870
871
872
873
874
877
878
879
880
881
882
886
887
888
889
890
891
892
893
897
898
900
901
903
910
913
914
916
917
921
922
923
925
931
933
935
939
943
944
945
947
950
951
954
955
