1
2
3
4
5
6
7
8
9
10
11
12
13
14
15
16
17
18
19
20
21
22
24
26
27
28
29
30
32
33
34
35
38
39
40
41
42
43
44
45
46
48
49
50
52
53
54
55
56
57
58
59
60
62
63
64
67
69
70
71
73
74
75
76
77
78
79
80
81
82
83
84
85
86
87
88
90
91
92
93
94
95
97
98
99
100
101
102
103
104
105
106
107
108
109
110
111
112
113
114
115
116
117
118
119
120
122
124
125
126
127
128
129
131
132
133
134
135
136
137
138
140
141
143
144
146
147
148
149
150
151
152
155
156
157
158
159
160
161
162
163
164
166
167
168
169
173
174
175
176
177
179
180
181
182
183
184
185
186
187
189
190
192
193
194
195
196
198
199
200
201
204
205
206
207
209
210
211
212
213
214
215
216
217
218
219
221
224
225
226
227
230
231
232
233
234
235
236
239
240
241
242
243
244
246
247
248
250
251
252
253
254
255
256
257
259
261
262
263
264
265
266
267
268
269
270
271
272
273
274
275
276
277
278
280
281
282
283
284
285
286
287
288
289
290
292
293
294
295
296
297
298
299
300
301
302
303
304
306
307
308
310
311
312
314
315
316
317
318
319
321
322
323
325
326
327
330
331
332
333
335
336
337
338
339
340
341
342
343
344
345
346
348
349
351
353
354
356
357
358
359
360
362
363
364
366
367
370
371
373
374
375
376
377
379
380
381
382
385
386
387
388
389
392
394
395
397
398
399
400
401
402
404
405
406
407
408
409
410
411
412
413
414
415
417
418
419
420
421
423
424
426
427
429
430
431
432
433
434
435
436
437
438
439
440
441
442
443
445
446
447
449
450
451
452
453
454
456
458
459
460
461
462
464
465
466
467
468
469
471
472
473
475
476
477
478
482
483
485
486
487
488
489
490
491
492
493
494
496
497
498
499
500
501
502
503
504
505
506
507
508
509
510
511
512
514
515
516
517
518
519
520
522
524
525
526
527
528
529
530
531
533
534
535
537
538
539
540
541
542
543
544
545
546
547
548
549
550
552
553
554
556
557
558
559
560
561
562
564
565
566
567
568
569
571
572
574
575
576
577
579
580
581
582
583
584
585
586
587
588
589
590
591
594
595
597
598
601
602
603
604
605
606
607
609
610
611
612
614
615
616
617
618
619
620
621
622
623
625
626
627
629
630
631
633
636
637
638
640
642
643
645
646
647
648
649
651
652
653
654
655
656
657
659
660
661
662
663
664
665
666
667
668
670
671
672
674
676
677
679
681
682
683
684
685
686
687
688
689
691
692
693
694
695
696
700
702
703
704
705
706
707
708
709
712
713
715
719
720
721
722
723
724
725
726
727
729
730
731
732
733
734
735
736
738
739
741
742
743
752
753
754
755
756
757
758
760
763
764
765
766
767
768
770
771
772
774
775
776
777
778
780
781
782
783
784
785
786
787
788
789
790
791
792
793
794
795
796
798
801
802
804
805
806
808
809
810
811
812
813
815
818
819
821
822
823
825
826
827
828
829
830
832
833
834
835
836
838
839
840
842
843
844
845
847
848
849
850
852
854
855
856
857
859
860
861
862
863
864
865
866
867
870
872
875
877
879
880
882
883
884
885
886
889
892
893
894
895
898
899
901
902
903
904
905
906
907
908
910
911
912
914
916
917
920
921
923
924
925
926
929
931
932
933
934
935
936
937
938
939
941
942
943
944
945
946
947
948
949
951
952
953
954
955
