1
3
4
6
8
10
13
15
17
27
28
30
33
34
37
38
45
48
49
51
52
58
63
69
73
75
78
79
83
90
93
95
105
106
111
112
113
114
115
118
122
123
128
131
132
134
135
138
140
144
150
164
167
170
173
175
181
187
188
194
197
203
206
211
215
223
228
230
232
233
234
235
238
240
241
243
244
247
251
257
259
261
274
276
285
286
287
293
294
296
297
300
301
302
305
308
315
316
318
322
325
327
332
335
339
341
345
347
349
350
356
357
358
359
361
363
364
371
373
375
379
382
387
392
396
398
402
403
411
415
416
419
423
426
440
441
444
451
453
457
458
459
463
464
467
471
473
478
479
483
490
491
492
494
502
505
512
515
521
544
546
552
560
562
563
565
566
567
569
573
574
576
578
584
585
590
598
599
603
610
612
622
637
640
644
646
648
651
653
660
661
663
665
670
672
673
675
677
681
685
688
692
698
701
702
708
711
713
714
717
723
729
732
733
736
737
746
747
748
752
754
755
757
759
762
763
771
772
773
777
779
781
783
788
789
790
791
792
793
798
805
807
811
816
820
821
823
824
828
832
833
838
840
841
842
846
848
852
855
860
862
867
869
877
878
880
884
888
889
892
895
897
898
901
907
910
911
912
914
916
922
927
932
935
948
951
