1
2
3
7
9
11
13
15
16
17
18
19
22
23
24
25
26
27
28
29
30
31
32
34
35
36
37
38
39
43
45
46
47
48
50
52
54
56
57
58
61
62
63
65
66
67
68
69
71
73
75
76
77
79
80
82
84
85
86
87
88
89
90
91
92
94
97
98
100
101
102
104
106
108
109
110
111
115
116
118
121
122
125
128
129
132
133
136
137
139
140
141
142
145
148
149
150
151
152
153
155
157
158
159
160
161
162
163
165
167
168
171
172
173
174
175
177
178
181
182
183
184
185
187
189
191
193
194
195
196
197
198
201
202
203
204
206
207
208
209
210
213
216
217
218
219
221
223
225
226
227
228
230
231
232
233
234
237
238
242
243
245
246
248
250
252
253
255
256
258
259
260
263
264
267
268
269
271
273
274
275
277
279
280
281
282
283
284
285
287
288
289
290
291
292
294
295
296
297
300
302
303
304
305
306
309
310
311
312
313
314
318
319
320
321
322
323
324
326
327
328
329
331
332
333
336
337
338
339
340
341
342
343
344
346
347
348
350
351
352
355
356
357
358
362
363
364
365
366
369
370
374
375
376
377
378
380
381
382
383
385
386
387
388
393
395
396
398
400
401
402
403
404
405
406
407
408
409
410
411
412
413
414
416
417
418
419
421
422
424
425
426
427
429
430
431
433
434
435
436
437
438
439
441
443
444
447
448
449
450
451
452
454
456
458
461
462
463
465
466
468
469
470
471
472
474
475
477
480
481
482
483
484
485
487
488
490
491
492
493
494
495
496
499
500
502
503
504
505
506
507
508
509
510
511
513
514
515
516
517
518
520
521
524
525
526
527
529
530
532
533
534
535
536
540
542
543
544
545
547
548
550
552
554
555
556
559
560
563
564
565
571
572
573
574
575
577
578
580
584
585
589
590
591
593
594
595
596
597
599
600
601
604
605
606
607
608
609
610
611
612
613
614
615
616
619
621
623
624
625
626
627
628
629
630
631
632
634
635
636
637
638
639
640
641
642
643
644
645
646
647
648
649
650
652
654
656
659
660
661
662
667
668
669
670
671
672
673
674
675
676
677
679
680
681
682
683
684
686
688
690
691
692
693
694
695
697
698
699
700
701
702
704
705
706
707
708
709
710
712
713
715
716
717
719
720
721
727
729
730
733
734
735
736
737
738
739
740
741
742
743
744
746
747
750
753
754
755
756
757
760
761
762
763
764
765
768
769
770
771
773
774
775
776
779
780
781
782
785
787
788
789
790
792
793
795
796
798
799
800
802
803
804
805
806
807
808
809
810
811
813
814
816
817
819
820
821
822
823
825
826
827
829
832
834
835
836
838
840
842
843
847
848
852
854
855
857
858
859
860
861
862
864
865
866
868
869
871
873
874
875
876
878
879
881
882
883
884
885
887
888
889
892
893
894
895
897
898
899
901
902
903
904
905
906
907
908
911
913
914
915
917
918
920
922
925
926
928
929
930
932
933
934
935
936
938
940
944
945
946
947
949
950
951
952
953
954
955
