1
2
8
9
10
14
16
17
23
29
32
33
35
42
44
46
47
54
58
64
66
71
75
76
78
84
86
90
93
102
113
121
128
132
138
141
143
152
159
165
170
176
178
182
185
189
190
191
192
193
195
196
200
206
207
211
212
214
215
219
221
224
228
229
230
237
241
244
245
248
249
250
257
258
260
262
264
265
270
271
272
274
276
280
284
286
289
293
300
302
303
308
309
312
313
320
321
325
326
328
331
333
336
351
352
355
356
357
358
359
363
364
366
370
374
377
380
383
384
388
395
397
399
412
415
416
423
430
433
435
436
438
441
442
452
456
461
462
463
464
470
472
474
486
495
497
506
510
513
517
519
520
523
525
526
530
533
536
539
543
548
552
553
570
572
574
576
578
585
586
589
594
596
601
602
605
606
608
618
622
628
638
642
644
645
649
655
659
661
662
670
672
681
683
684
691
692
693
695
698
702
705
708
711
712
713
717
718
721
723
727
728
733
739
742
744
747
748
749
754
755
758
762
764
767
770
772
775
776
778
779
783
785
786
789
790
795
801
802
804
806
809
810
811
813
817
818
820
822
824
826
827
828
831
833
843
851
857
861
862
866
868
883
884
886
888
895
897
903
905
908
915
917
919
929
930
931
933
935
939
940
942
945
950
951
953
