1
13
14
17
26
29
32
34
37
38
39
40
42
46
55
56
73
74
79
80
82
83
85
86
91
92
97
99
103
107
117
122
126
131
134
135
150
154
155
156
157
158
169
174
176
184
187
188
189
192
197
199
200
207
211
218
219
222
223
228
229
230
231
237
238
244
245
252
253
259
274
275
277
278
279
282
286
290
295
297
298
299
300
302
317
321
324
329
331
332
333
334
335
337
342
343
349
353
355
356
358
360
361
365
367
368
369
374
377
378
379
385
387
392
396
397
402
408
410
411
412
414
415
417
424
426
428
429
430
435
436
437
439
441
448
450
455
465
467
470
471
481
484
489
490
493
494
498
501
503
507
515
520
524
527
533
536
539
540
544
545
548
553
555
557
563
564
573
580
584
585
608
609
612
622
625
630
633
634
639
641
642
645
658
659
670
673
675
676
677
681
686
687
691
692
693
695
697
705
707
708
716
719
720
722
724
729
731
732
734
739
741
745
746
749
753
754
756
760
769
773
775
781
784
788
789
794
795
796
799
804
805
806
807
809
818
819
824
825
828
835
837
838
839
850
853
861
864
868
870
872
874
876
878
881
884
885
888
889
893
897
899
900
901
904
908
909
913
915
919
922
926
927
928
929
931
935
939
941
945
946
950
951
953
954
955
