1
2
4
6
7
9
10
11
12
13
15
16
17
18
24
25
26
27
29
30
32
33
34
35
36
38
39
40
41
45
46
48
49
50
51
52
53
54
55
56
58
59
60
61
62
63
64
65
66
67
69
70
72
77
78
80
81
82
84
85
86
87
90
91
92
93
94
95
96
99
100
101
103
104
105
106
108
109
111
112
113
114
115
117
120
125
126
127
128
129
131
132
137
141
143
145
146
148
150
152
153
156
157
158
159
162
163
164
165
166
167
168
169
172
173
174
176
178
179
180
181
182
183
185
186
187
188
189
191
194
195
196
197
199
201
203
204
206
207
208
210
211
212
213
214
217
219
222
223
224
225
227
228
229
230
231
233
234
235
236
238
240
242
243
244
246
247
248
250
251
252
253
254
256
257
258
259
262
264
265
267
268
271
273
275
276
277
278
280
284
286
287
288
290
291
292
293
294
295
297
298
299
301
302
303
304
305
306
308
309
310
312
313
314
315
316
318
320
321
322
323
324
325
326
327
328
329
330
332
333
334
337
338
339
340
341
344
345
346
347
348
349
350
351
352
354
355
356
357
359
360
361
362
365
366
368
369
370
373
374
375
376
378
380
381
383
384
385
386
390
392
396
397
401
402
403
404
405
406
408
410
411
412
413
414
415
416
417
418
421
422
423
424
425
427
428
429
430
432
433
435
437
438
439
440
444
445
447
450
451
453
454
456
457
461
462
463
467
469
470
473
474
477
481
482
483
485
486
488
489
493
495
497
498
499
500
502
504
505
506
507
508
509
511
512
516
517
518
519
520
521
522
524
525
527
528
529
532
533
534
535
539
540
541
542
543
544
546
547
550
553
555
557
558
559
561
563
565
566
567
568
569
570
572
573
575
577
579
580
582
583
584
585
587
589
590
591
592
593
594
595
596
597
598
599
602
603
604
605
606
607
609
611
612
613
614
615
617
618
619
620
621
622
625
626
627
628
629
630
631
633
634
635
636
637
638
640
641
644
646
648
649
650
651
652
653
654
655
658
659
660
661
662
663
664
666
667
669
670
671
672
673
674
676
677
678
679
682
683
684
685
686
689
690
691
692
694
695
696
697
698
699
700
701
702
703
704
705
707
708
709
711
712
714
715
716
717
719
722
723
724
725
727
729
730
731
734
735
736
737
738
739
740
742
743
744
745
746
747
748
749
750
753
754
757
758
759
760
761
763
764
765
767
768
770
771
772
774
775
777
779
780
781
782
783
784
785
786
788
789
790
791
793
794
795
796
797
798
799
801
802
804
805
806
808
809
810
812
814
815
816
818
819
820
821
822
823
824
825
827
828
830
831
832
833
834
837
840
841
842
844
845
846
847
849
850
851
852
854
855
857
859
860
862
865
866
867
868
871
872
875
876
877
878
882
883
885
886
888
889
891
892
893
894
895
896
899
900
901
902
903
904
906
907
910
911
913
914
916
917
918
919
922
923
924
925
926
928
930
931
932
934
935
936
937
938
940
941
944
945
947
949
950
951
952
953
954
955
