1
2
3
4
5
6
7
8
9
10
11
12
13
14
15
16
17
18
19
20
21
22
23
24
25
26
27
28
29
30
31
32
36
37
39
40
41
42
43
44
45
46
48
49
50
52
53
54
56
57
58
59
61
62
63
64
65
66
67
69
70
71
73
74
75
76
79
80
81
82
83
85
87
88
89
90
91
92
93
94
95
96
97
98
99
100
101
103
104
105
106
107
108
109
111
113
114
115
116
117
118
119
121
122
125
126
129
130
131
132
135
136
137
138
140
141
142
143
144
145
146
148
149
150
151
153
154
157
158
159
161
162
163
164
165
166
168
169
170
171
173
174
175
176
177
178
180
181
182
184
185
186
188
189
190
191
192
193
194
196
197
198
199
200
201
203
204
205
206
207
208
209
210
212
213
214
216
217
218
220
224
225
227
228
229
230
233
234
235
236
237
239
240
242
245
248
251
252
253
254
255
257
258
259
260
262
266
268
269
270
271
272
273
274
276
277
280
281
282
283
284
288
289
290
291
293
294
295
296
297
299
300
301
302
303
305
306
307
308
309
310
312
313
316
317
318
319
321
322
323
324
325
326
327
328
329
330
332
333
334
335
338
339
340
341
342
343
344
345
346
347
348
349
350
351
352
354
355
357
358
359
360
362
364
365
366
367
368
370
371
372
374
375
376
378
379
380
381
382
383
384
385
386
387
388
389
392
393
394
395
396
397
398
399
400
401
402
403
404
405
406
407
408
409
410
411
412
413
415
416
417
418
419
420
421
422
423
424
425
426
427
428
429
430
431
432
434
435
436
437
438
439
440
441
442
443
445
446
447
448
449
450
451
452
453
454
457
458
459
462
463
464
465
466
467
468
469
470
471
472
473
475
476
477
479
482
484
485
486
487
489
491
492
493
494
495
496
497
498
499
500
502
503
504
505
507
508
509
511
514
515
516
517
519
520
521
522
523
524
525
526
527
528
529
530
531
532
533
534
537
538
539
540
541
542
543
544
545
547
548
550
552
553
554
555
556
557
558
560
562
563
564
565
566
567
568
569
570
571
572
573
574
575
576
577
579
580
582
584
585
586
587
589
590
591
592
593
594
595
596
597
598
599
600
601
602
603
605
606
607
608
609
610
612
613
614
615
616
617
618
620
621
622
623
626
628
629
630
631
632
633
634
635
636
637
638
640
641
642
644
646
647
648
649
652
653
655
657
658
660
661
662
663
664
665
668
671
672
674
675
676
677
678
679
680
682
684
685
686
687
688
689
692
693
694
696
697
698
699
700
702
703
705
707
709
710
711
713
715
717
718
719
721
722
723
724
725
726
727
728
729
730
732
733
734
735
736
738
739
740
741
742
745
746
748
749
750
751
752
753
754
755
756
757
761
762
763
764
765
766
767
768
769
770
771
772
773
774
775
776
777
780
781
782
783
784
785
786
789
790
791
792
793
796
798
799
801
802
804
805
806
807
808
809
810
811
812
813
814
815
816
817
818
819
820
821
822
823
824
826
827
828
829
830
834
835
836
838
839
840
842
843
844
846
847
848
849
850
851
852
853
854
856
857
858
859
861
862
863
864
865
867
869
870
871
872
873
874
875
876
877
878
879
880
881
883
885
887
889
890
891
893
894
895
896
900
903
904
905
906
907
908
909
910
911
912
913
914
915
916
917
918
919
921
922
923
924
925
927
928
929
930
931
933
934
935
936
937
938
939
940
941
943
944
945
946
947
948
949
950
951
952
954
955
