1
2
3
4
6
8
9
10
12
13
14
15
16
17
19
21
22
23
24
25
26
27
29
31
33
34
35
36
40
42
43
46
47
48
51
52
53
54
55
57
58
61
62
63
64
65
68
69
70
75
76
77
79
80
81
82
83
84
85
86
87
90
91
92
93
94
96
97
98
100
101
102
104
105
108
109
111
112
113
115
117
118
119
120
121
123
124
125
126
128
129
131
133
135
136
138
141
142
143
144
145
146
147
150
151
154
155
156
157
158
159
160
161
163
164
165
166
167
168
169
170
171
173
174
175
176
177
178
180
181
182
186
187
188
189
190
191
192
193
195
196
197
198
199
200
202
203
204
207
208
211
212
213
217
218
219
221
223
224
226
227
228
229
230
231
232
233
235
236
237
238
239
240
241
242
243
244
245
246
247
254
257
262
263
264
267
270
271
273
274
275
277
278
279
280
281
283
284
285
286
287
288
290
292
294
295
297
299
300
301
302
304
306
307
308
310
311
312
314
316
317
318
319
321
322
323
324
325
326
327
328
329
330
331
333
334
335
336
337
339
342
344
346
348
349
350
353
355
356
357
358
360
362
365
366
367
371
372
373
374
375
376
377
379
382
383
384
385
386
388
389
392
395
397
399
400
401
402
403
405
406
410
411
412
414
415
416
418
419
421
422
423
428
430
431
432
435
438
439
440
441
443
444
445
446
447
449
450
452
454
455
456
458
462
463
465
466
467
469
470
471
472
475
476
478
479
480
481
487
488
489
492
493
494
495
497
498
502
503
504
505
507
508
509
511
512
513
514
516
517
518
519
520
521
522
525
526
528
529
531
532
533
534
536
538
539
540
541
542
543
544
545
546
547
549
550
551
552
553
554
555
560
562
564
566
567
568
569
570
573
574
575
577
578
579
580
581
582
583
585
586
589
590
594
595
596
597
599
600
601
602
603
606
608
609
610
611
612
615
616
618
619
620
621
622
624
625
627
628
629
630
631
632
634
637
638
639
640
641
642
643
645
647
648
649
651
652
653
654
655
657
659
660
661
662
664
665
666
667
668
670
671
672
674
677
678
680
681
682
683
685
686
687
690
691
692
693
694
695
696
698
699
702
703
704
705
707
708
709
710
711
713
715
717
718
722
723
724
725
726
727
728
730
731
732
733
734
735
737
738
739
740
741
743
744
745
750
751
752
754
755
756
758
759
760
761
763
764
765
766
769
770
771
774
775
776
777
778
779
780
781
782
783
784
785
786
788
790
791
792
793
795
796
800
801
803
805
806
807
809
810
811
812
815
816
817
818
819
821
822
823
825
826
827
829
830
831
832
833
834
835
836
837
838
839
841
843
844
846
847
848
849
850
851
852
853
854
855
856
857
858
860
861
862
863
864
866
867
868
869
870
871
872
873
875
876
877
878
879
880
881
883
884
885
888
889
890
896
897
898
899
900
901
902
903
904
905
908
910
912
913
915
916
918
921
922
924
926
927
928
929
930
931
932
933
934
935
936
939
940
942
943
946
948
949
950
953
954
