1
2
5
6
7
8
10
11
12
13
15
16
18
19
20
21
23
24
25
28
29
30
32
33
34
35
36
38
40
42
47
49
50
52
53
54
55
56
57
58
59
60
63
65
66
67
69
71
72
73
74
75
76
77
79
80
81
82
83
84
86
88
89
91
94
95
96
97
98
100
101
102
103
105
106
107
108
109
110
111
112
113
114
116
117
118
119
120
122
123
124
125
126
127
129
130
132
134
136
139
140
141
142
143
144
145
148
150
151
152
153
154
155
156
159
160
161
162
163
164
165
168
169
171
172
173
174
175
176
179
181
182
183
184
186
187
188
189
190
191
192
193
194
196
197
199
201
203
204
206
207
208
209
210
211
212
213
215
217
218
219
221
222
224
226
227
230
231
234
235
236
238
242
245
246
247
249
250
251
252
254
255
256
258
259
263
264
266
267
269
270
272
273
274
275
276
277
278
279
281
282
283
285
286
287
288
289
291
293
295
296
297
299
300
301
302
303
305
307
308
309
311
312
314
315
316
319
320
322
323
324
325
326
327
328
329
330
332
336
337
338
339
340
341
342
345
346
347
349
350
351
353
355
356
357
358
359
360
362
363
364
365
366
367
369
370
371
372
373
375
376
377
378
379
380
382
384
386
387
388
389
390
391
392
393
394
396
397
399
400
401
402
404
405
407
408
409
410
411
412
413
417
419
420
421
422
423
424
427
428
431
432
433
434
435
436
437
439
440
441
442
443
444
445
447
451
454
455
456
458
461
462
464
465
467
468
469
470
471
473
475
476
477
478
479
480
481
486
487
488
489
490
491
492
495
496
498
499
500
501
503
508
510
511
512
513
515
517
520
521
522
523
524
525
526
528
529
530
533
535
536
537
538
539
541
542
543
544
549
550
551
554
555
558
559
562
563
566
567
568
569
570
571
572
573
574
576
577
578
579
580
583
584
585
586
588
589
590
591
592
593
594
595
597
599
600
601
604
605
607
611
612
613
614
615
616
618
619
620
622
624
625
626
627
628
631
634
636
637
638
640
641
642
643
644
645
649
651
652
653
654
655
657
658
659
660
661
662
665
666
668
669
670
671
672
673
677
678
680
681
682
683
685
686
687
690
692
693
695
696
697
698
699
700
701
702
703
704
705
708
709
710
711
713
715
718
720
721
722
723
726
727
728
732
733
734
735
737
738
740
741
742
743
745
747
749
750
751
752
753
754
755
757
758
760
761
762
765
766
768
770
772
774
776
778
779
781
782
783
784
785
786
787
788
789
790
791
792
793
794
795
797
798
799
800
803
804
806
807
809
810
813
814
815
817
818
819
820
821
822
823
824
825
826
827
828
829
830
831
832
833
834
835
836
840
842
843
844
846
847
849
851
852
853
854
856
857
859
860
861
862
864
866
867
868
869
870
871
876
878
879
881
882
884
885
886
888
890
894
895
896
897
898
899
900
905
907
908
909
910
911
912
913
914
915
916
917
922
923
927
929
930
931
932
933
934
936
937
938
940
941
944
946
947
949
950
951
955
