6
7
8
10
12
23
26
39
40
48
51
60
65
67
69
73
75
77
79
80
81
82
84
97
99
100
102
105
108
114
115
119
122
130
131
132
136
139
140
142
143
145
146
149
150
151
153
157
160
162
165
171
173
174
177
183
184
187
191
193
199
205
206
213
216
221
230
237
242
246
247
255
257
263
267
270
283
285
286
287
299
304
307
308
313
314
315
322
323
331
333
336
339
340
345
346
350
351
353
354
357
360
362
363
364
365
366
374
376
377
382
385
386
392
395
398
401
408
410
412
413
417
419
424
425
427
436
437
438
441
446
448
449
452
453
457
459
463
465
469
471
475
485
487
488
489
490
491
492
493
494
495
496
505
506
509
512
513
519
520
522
523
530
544
550
555
556
561
566
567
569
571
572
573
574
579
583
587
590
594
596
601
606
610
611
614
618
623
626
630
634
635
637
640
642
649
653
654
656
662
667
671
674
675
685
687
689
691
705
710
715
717
721
722
723
724
727
733
738
748
749
761
762
764
765
766
771
772
774
775
776
780
782
783
788
789
791
795
800
806
809
810
812
815
819
821
827
829
831
833
834
837
838
841
843
844
853
855
857
861
862
869
877
883
888
889
891
895
899
902
903
905
910
912
913
919
923
927
928
930
932
943
944
948
950
951
