2
3
4
5
6
7
8
9
10
11
14
15
17
18
19
20
21
22
23
24
27
28
30
31
33
34
36
37
39
41
42
44
45
47
48
49
50
51
52
53
54
55
58
59
61
62
63
64
65
66
67
68
69
70
71
72
73
74
75
76
77
78
79
80
81
82
84
85
87
88
89
91
92
93
95
96
98
99
100
101
102
103
104
105
106
107
108
109
110
111
112
113
115
116
118
119
121
122
124
125
127
128
129
130
131
132
135
136
137
138
139
141
142
143
144
145
146
147
148
149
150
151
152
154
155
156
157
160
163
164
165
166
168
169
170
171
173
175
176
177
178
179
180
181
182
183
184
188
191
193
194
196
198
199
200
201
202
203
204
205
206
207
208
209
210
212
213
214
215
216
217
218
219
221
222
223
224
225
226
227
228
229
230
231
234
235
236
237
238
239
240
242
243
244
245
246
249
250
251
252
253
254
255
257
258
259
260
261
262
263
264
266
267
268
270
271
272
273
274
275
277
278
279
280
281
282
283
284
285
286
287
288
289
290
291
292
293
295
296
298
299
300
302
304
305
306
307
309
310
311
312
314
315
316
317
318
319
321
323
324
325
326
327
328
329
330
331
332
333
334
335
336
339
342
343
344
345
346
347
348
349
350
351
352
353
355
356
357
358
359
360
361
362
363
364
365
366
367
368
371
372
373
374
375
376
379
380
382
383
384
385
386
387
388
389
390
391
393
394
395
396
397
398
399
400
401
403
404
405
406
407
409
411
413
414
415
416
418
419
421
422
423
424
425
426
428
429
430
431
432
433
434
436
437
438
439
440
441
442
444
445
446
447
448
449
451
452
454
456
457
459
461
463
464
465
466
467
468
469
470
471
472
475
476
477
478
479
481
482
483
484
485
486
488
492
493
494
495
496
497
498
499
500
502
503
504
505
506
507
508
509
510
512
513
514
515
516
517
519
520
521
522
523
524
526
527
528
529
531
532
534
536
537
538
539
540
542
545
546
547
549
552
553
554
555
556
557
559
560
561
562
563
565
566
568
569
570
571
572
574
575
576
577
578
579
580
581
582
583
584
585
586
587
588
589
590
591
592
593
595
596
597
598
599
600
601
602
603
604
605
606
607
608
610
612
613
614
615
616
617
618
619
620
621
623
624
627
628
629
631
633
636
637
638
640
641
643
644
645
646
647
648
649
650
653
654
655
656
657
659
660
661
663
664
665
666
669
670
671
672
673
676
677
678
679
680
682
683
684
685
686
687
688
689
692
693
695
696
697
698
699
700
701
702
703
704
705
706
708
711
712
713
714
715
716
718
719
720
721
722
723
724
725
726
727
728
729
730
731
732
734
735
736
737
739
741
742
743
744
746
747
748
749
750
751
752
753
754
755
756
759
760
762
764
765
766
767
768
769
770
772
774
775
776
777
778
779
780
782
784
785
786
787
789
790
791
793
794
796
798
799
802
803
804
805
806
807
808
809
810
811
812
813
815
816
817
818
820
821
822
823
824
825
828
830
831
834
835
836
837
838
839
840
841
842
843
844
845
846
847
848
849
850
851
852
854
855
856
857
858
859
860
861
862
863
864
865
866
868
869
870
871
872
874
875
876
878
880
881
882
883
884
885
888
889
890
892
895
896
897
898
899
901
903
904
905
906
909
911
912
913
914
915
916
917
920
921
922
924
925
926
927
928
929
930
931
932
933
934
936
937
938
939
940
941
944
945
947
949
951
952
953
954
955
