1
2
3
4
10
12
13
14
15
16
18
19
20
21
22
23
24
25
26
27
29
30
33
35
37
38
39
40
41
42
43
44
45
46
47
49
50
52
53
54
57
58
60
61
62
63
64
65
66
67
68
69
70
71
72
74
75
76
77
79
80
81
82
83
84
85
86
87
88
89
91
93
94
95
96
97
99
101
103
104
105
106
107
109
110
112
113
115
116
117
118
121
122
123
124
125
126
128
129
131
132
133
134
135
136
137
138
139
140
141
142
143
144
145
146
147
148
149
150
151
153
155
156
158
159
160
162
163
166
167
168
169
170
171
172
174
175
176
178
179
180
181
182
183
184
185
186
187
188
189
190
191
192
194
195
197
198
199
200
201
202
204
206
207
208
209
210
212
213
214
216
217
218
219
220
221
222
223
225
226
227
229
230
231
233
234
236
237
238
239
240
241
242
245
246
248
249
250
252
254
256
257
258
259
260
261
262
263
266
267
270
272
273
274
275
276
277
280
281
282
283
284
285
286
287
290
292
294
295
296
297
299
300
302
303
305
306
307
309
310
311
312
313
314
315
316
317
318
319
320
321
322
323
324
325
326
327
329
330
331
333
334
335
336
337
338
339
340
341
342
344
345
346
347
348
349
352
354
356
357
358
359
361
363
365
366
367
368
369
371
372
373
375
376
377
378
379
380
381
383
384
386
387
388
391
392
393
394
395
396
397
398
400
401
403
405
406
407
408
409
410
412
413
414
415
416
418
421
422
424
425
426
427
428
429
430
431
432
433
434
435
436
437
438
439
440
441
442
443
445
446
447
449
450
451
452
453
454
455
456
460
461
462
463
465
466
467
468
469
471
472
473
474
475
476
477
478
479
480
481
482
483
484
485
486
487
490
491
492
493
494
496
497
498
500
501
502
503
504
505
506
507
510
511
512
514
515
516
517
518
519
520
521
522
523
524
525
527
528
529
530
531
532
533
534
536
537
538
539
540
541
542
543
544
545
546
547
548
549
550
551
552
553
554
556
557
558
559
560
561
562
564
565
566
567
568
569
572
573
574
575
576
577
578
579
580
581
582
583
584
585
586
587
588
590
591
592
593
594
595
596
597
599
600
601
602
603
604
605
606
608
609
612
613
614
615
616
617
618
619
620
624
626
628
629
630
632
633
635
636
637
638
639
640
641
643
644
646
647
650
651
652
653
654
656
657
659
660
661
663
665
667
668
669
670
671
672
673
674
675
676
677
679
681
682
683
684
685
686
687
688
689
690
691
692
693
694
695
696
697
700
701
703
705
706
707
708
709
710
711
712
713
714
715
716
717
718
719
720
721
722
725
726
727
728
729
730
731
733
734
735
737
740
741
742
743
744
745
748
749
750
751
753
754
755
756
758
761
762
763
764
765
766
767
768
770
771
774
775
776
777
778
779
781
782
783
784
785
786
787
789
790
791
792
794
796
797
799
800
802
803
804
805
806
807
808
809
810
811
812
813
814
815
817
818
819
820
821
822
823
825
826
828
829
830
831
832
833
834
837
838
839
841
842
843
844
846
847
848
849
850
851
852
853
854
856
857
858
860
861
862
863
864
865
867
869
870
871
872
873
874
875
876
877
879
882
883
884
885
886
887
889
890
891
892
895
896
897
898
899
901
902
903
904
905
906
907
908
909
911
915
917
918
919
920
922
923
924
925
926
927
928
929
931
932
934
935
936
937
938
939
941
942
943
944
945
946
947
948
949
951
952
953
955
