6
9
11
12
14
15
20
21
24
25
27
32
34
35
37
38
40
41
43
46
49
52
54
55
59
60
62
63
64
65
66
70
71
72
76
77
78
79
82
83
84
85
90
91
94
95
100
102
103
104
105
106
110
111
113
114
119
120
123
125
126
127
129
134
138
143
145
147
148
150
152
155
159
161
167
168
170
171
173
175
176
178
179
181
182
183
184
187
189
191
192
194
196
197
198
199
200
203
204
205
206
207
209
210
214
216
219
221
223
224
226
231
234
236
237
239
242
243
244
245
250
252
254
255
256
257
258
259
261
263
265
266
268
270
271
274
276
279
280
281
287
289
290
291
292
295
296
300
303
304
305
306
308
309
310
311
312
313
314
317
318
319
321
322
324
326
329
330
331
334
337
341
344
345
347
348
353
354
355
356
364
365
366
367
368
370
371
376
377
379
380
382
384
386
391
392
394
395
400
403
404
405
409
412
413
414
415
420
421
423
425
426
428
429
430
431
432
434
435
436
438
441
443
445
446
448
449
453
454
457
461
462
463
464
467
468
469
472
473
474
475
480
481
485
486
487
491
494
495
496
497
505
506
508
509
511
512
519
520
521
522
525
527
529
531
533
535
536
538
540
543
545
546
551
552
553
555
556
557
559
560
561
563
567
568
574
576
579
580
581
585
589
590
591
592
594
595
596
597
598
600
603
604
606
607
609
610
613
614
617
620
622
625
627
630
632
634
636
637
639
641
642
643
644
652
654
655
660
663
665
667
668
670
671
672
673
677
679
682
683
685
686
688
689
690
692
697
698
701
702
704
705
706
708
709
710
713
715
717
719
721
724
725
727
731
732
734
735
738
739
740
741
742
744
747
748
750
751
752
753
755
756
757
759
761
762
766
771
773
775
778
779
782
784
785
786
790
796
797
799
801
802
803
804
805
807
808
812
814
816
818
819
824
826
829
830
831
836
837
840
843
845
847
849
850
851
856
857
861
864
866
868
869
871
874
876
878
880
881
882
883
884
885
886
891
892
895
897
898
901
905
908
909
912
913
916
917
920
923
924
925
929
930
932
935
938
940
942
944
945
947
950
951
952
953
954
955
