1
4
5
9
10
11
13
14
16
17
19
20
21
22
23
24
25
27
28
29
30
32
33
35
36
40
41
44
45
47
48
53
59
60
61
62
64
66
68
70
71
73
75
76
77
78
79
81
82
85
87
90
93
94
95
96
102
103
111
112
115
121
122
124
125
126
129
131
132
133
137
138
141
142
143
145
146
149
152
155
156
159
160
161
162
163
164
168
170
171
172
174
176
177
179
180
181
183
184
187
189
190
191
192
198
202
203
205
206
207
210
217
218
219
220
225
227
229
234
236
237
239
240
242
243
244
246
251
252
253
261
262
263
265
270
271
275
276
277
278
279
280
283
284
290
292
294
297
298
299
301
302
304
307
308
310
311
313
315
318
321
322
323
328
329
330
331
332
336
339
340
341
342
344
346
348
352
354
355
357
358
359
360
361
364
365
366
369
370
373
377
379
380
381
382
383
386
387
388
390
395
396
401
402
403
406
408
410
411
412
413
419
420
422
424
427
428
429
430
431
435
436
441
443
445
446
448
450
453
454
457
458
459
465
466
467
469
471
473
474
476
477
479
481
482
483
484
485
487
491
492
494
498
499
500
501
506
510
512
514
515
516
517
518
519
520
522
525
526
527
528
530
531
533
536
537
540
544
546
547
548
553
555
557
558
559
561
563
566
568
572
573
574
576
577
578
579
580
581
582
583
585
587
588
592
594
596
598
599
600
601
604
606
607
610
611
612
613
615
617
618
620
621
624
625
628
630
631
633
634
636
640
643
645
650
652
653
654
655
661
663
664
666
667
669
670
671
673
674
676
679
681
682
684
685
686
689
690
692
697
698
702
703
705
706
707
713
714
716
717
719
723
727
728
730
731
736
739
744
745
746
749
750
757
758
760
762
763
765
766
767
768
769
770
772
774
779
781
784
785
786
789
790
792
793
794
795
796
803
807
813
818
819
825
826
827
828
829
830
831
832
834
835
836
838
840
841
845
846
847
848
849
852
855
856
857
858
861
862
865
870
871
875
881
883
884
889
890
893
895
899
900
902
904
906
907
910
913
915
916
917
919
922
926
931
933
934
937
938
939
942
943
944
949
952
953
954
