2
4
5
7
8
9
13
14
15
16
17
18
22
27
29
30
31
32
35
36
38
39
41
42
47
49
50
55
57
58
61
68
69
70
72
74
75
78
80
82
84
87
88
89
92
93
97
98
99
100
101
102
103
104
105
107
110
112
115
117
119
121
124
127
130
133
135
136
137
138
141
146
151
152
154
155
156
161
162
163
164
165
166
167
169
171
175
176
180
181
182
183
189
190
192
198
199
200
203
205
206
209
211
212
214
216
218
224
225
228
230
233
234
235
237
242
244
246
247
250
254
255
256
257
258
259
260
261
263
264
268
271
274
275
276
280
281
282
283
284
285
287
293
295
297
298
299
301
302
304
305
308
311
313
314
315
318
319
320
322
327
328
331
333
334
335
336
337
341
342
347
354
355
359
363
365
366
369
372
373
374
375
376
378
379
380
382
383
385
386
387
391
392
397
398
402
405
408
409
411
417
419
420
423
424
425
428
432
434
436
439
440
441
443
444
446
449
450
451
452
454
456
461
462
463
466
469
475
478
479
480
482
484
485
488
492
496
497
499
500
502
506
507
510
511
513
514
515
518
521
528
530
531
532
535
536
539
541
542
543
544
545
547
548
549
551
552
553
554
556
557
558
562
572
573
575
576
577
578
579
580
581
586
589
590
592
594
600
602
604
605
607
609
613
616
617
619
620
621
623
626
628
629
633
634
635
636
638
640
641
642
644
646
648
651
654
656
657
659
660
661
667
668
670
671
672
673
674
675
679
681
682
684
685
686
687
690
693
694
697
700
701
702
704
707
710
711
713
714
715
716
720
723
729
730
731
732
734
739
740
743
744
746
747
748
750
754
755
757
759
760
761
763
764
765
766
767
772
773
774
775
779
781
782
783
784
785
787
790
792
793
795
797
801
802
804
807
810
812
813
814
820
821
822
825
827
829
830
832
833
836
837
838
842
843
844
847
848
850
852
853
854
855
860
861
863
864
865
869
870
871
872
873
874
875
876
878
880
882
883
888
891
892
898
899
901
902
903
906
907
908
909
910
911
914
917
918
921
922
925
926
927
928
929
930
933
935
936
937
938
939
942
944
945
946
950
952
