3
6
8
12
15
19
20
27
30
33
37
40
42
43
45
46
47
49
63
67
71
78
87
88
89
90
98
99
102
109
112
118
119
120
122
123
126
127
128
129
130
138
139
140
144
145
152
156
158
159
168
170
171
175
176
177
179
180
186
192
197
198
200
202
208
209
211
215
217
225
231
239
243
247
248
252
256
258
259
275
280
281
282
287
294
296
297
298
303
310
312
317
319
321
324
325
337
338
339
340
344
346
350
351
354
358
361
364
365
378
380
383
385
386
389
391
392
393
398
400
401
404
408
410
417
424
425
428
429
431
434
451
458
460
461
463
464
468
470
473
474
477
478
486
487
490
493
494
496
502
507
509
513
514
515
524
525
526
527
528
530
531
538
544
545
549
550
552
553
557
558
562
564
568
571
572
573
576
579
583
584
586
588
589
590
591
599
601
603
608
609
614
615
618
621
625
634
637
642
643
649
652
653
658
659
665
671
672
684
691
694
698
699
700
701
702
703
704
706
712
713
716
719
732
737
739
740
743
757
760
762
763
776
777
778
779
784
791
796
805
806
812
813
817
824
828
829
831
833
834
838
841
843
844
845
846
854
855
858
861
865
867
868
872
875
877
880
894
895
900
906
908
912
914
916
919
920
921
923
924
928
930
935
940
942
953
