2
6
10
12
14
16
17
18
19
20
21
23
24
25
26
28
29
31
32
34
35
36
37
40
41
45
46
47
53
54
57
59
60
61
62
63
65
67
69
72
74
78
79
84
85
93
97
98
99
100
101
102
104
105
106
109
113
115
117
119
122
124
128
130
135
136
137
138
140
141
144
145
146
147
150
151
152
153
154
158
160
161
162
164
168
169
170
172
178
179
181
182
183
186
188
190
192
196
198
199
202
203
206
207
210
213
215
217
218
220
221
223
224
225
226
229
230
231
234
235
236
237
238
239
240
241
242
247
248
250
252
253
254
255
260
262
263
264
266
270
271
273
277
278
282
288
294
296
297
298
299
302
307
309
312
314
316
317
319
321
322
323
329
333
334
336
337
338
339
341
343
344
346
347
349
351
356
357
358
363
367
370
371
373
375
376
377
379
382
383
387
390
393
395
397
398
399
402
403
407
413
414
415
417
426
427
428
429
430
431
436
437
438
440
442
443
446
447
455
457
459
462
465
467
468
470
471
475
476
477
478
481
482
484
486
491
497
498
499
502
503
505
506
507
509
510
514
515
516
517
519
523
524
525
526
527
529
530
532
533
534
535
537
538
539
543
545
548
549
552
554
555
557
558
559
561
563
566
568
573
574
576
577
578
579
580
581
584
586
587
588
589
592
595
602
603
604
605
608
609
612
615
620
621
622
623
627
628
629
630
633
636
637
641
643
644
645
646
647
651
654
656
659
660
661
663
664
666
667
668
670
675
678
683
685
688
689
692
694
696
697
698
699
700
703
705
709
714
717
718
719
720
722
725
726
727
728
729
730
731
733
734
741
745
747
750
753
754
756
760
761
762
763
764
766
771
773
775
776
777
778
779
780
781
782
785
786
788
792
796
800
801
802
807
808
814
815
816
817
820
822
824
826
828
829
832
834
835
841
842
845
847
849
850
851
855
856
857
858
859
861
864
865
866
870
873
874
876
877
878
879
880
881
882
884
886
887
888
889
890
891
892
893
896
897
898
899
902
903
904
907
908
910
911
913
915
918
920
921
923
931
932
933
934
935
937
939
940
943
944
946
948
949
951
952
953
955
