2
5
13
14
43
50
54
62
63
64
69
74
77
78
79
84
86
88
92
94
98
103
104
110
118
119
120
122
124
125
127
130
134
135
136
142
143
155
156
160
162
164
165
168
169
176
178
180
182
183
186
188
190
192
193
196
197
199
202
203
204
209
210
214
217
223
234
235
236
237
245
247
248
251
253
255
258
262
264
265
267
269
271
277
278
281
285
287
289
290
292
293
302
307
314
316
320
324
325
329
332
335
336
337
339
344
345
347
352
357
361
363
371
374
376
378
379
381
384
388
391
392
394
395
399
400
401
402
404
406
408
409
413
415
418
419
431
433
434
435
439
442
455
456
461
463
464
469
473
475
476
479
480
482
483
484
485
490
496
501
502
506
512
514
518
519
529
530
538
544
546
549
554
557
563
564
577
578
590
591
594
597
601
602
605
615
617
620
628
629
633
634
635
637
639
642
646
647
648
649
654
655
660
672
673
674
680
682
687
688
692
693
694
695
696
704
708
711
713
718
724
726
727
740
741
743
744
745
746
747
749
750
753
765
766
771
774
782
783
789
791
793
799
806
810
811
813
815
816
818
823
827
828
830
831
836
843
851
854
857
858
859
860
862
866
878
879
883
884
895
897
899
904
909
911
913
917
922
926
927
933
940
945
946
949
955
