1
2
6
7
8
10
11
12
14
15
16
17
19
20
22
23
24
25
27
28
31
32
34
35
37
39
40
42
43
44
45
46
50
53
54
55
56
57
58
59
61
62
63
64
65
67
70
72
73
74
75
76
77
80
83
84
85
88
89
90
91
92
94
95
96
97
98
99
102
103
107
108
109
110
112
113
114
115
117
118
119
120
121
122
123
124
125
126
128
129
130
131
132
133
135
136
138
139
141
142
144
145
147
149
150
151
152
153
154
155
158
159
160
161
163
165
166
168
169
170
171
172
173
175
178
179
180
181
182
183
184
185
188
196
197
198
199
200
201
203
206
207
212
213
214
216
217
221
224
225
226
229
230
231
232
233
234
235
237
238
242
243
244
246
247
248
249
250
254
255
256
258
259
260
261
263
264
265
267
268
271
272
274
276
277
279
281
283
284
286
287
289
290
291
292
294
295
296
299
300
302
303
304
305
306
307
308
309
310
312
313
314
316
318
319
320
321
322
323
324
325
326
328
329
330
331
333
335
336
338
339
341
342
343
345
347
348
349
350
351
352
355
356
357
358
359
361
362
363
364
366
368
369
371
373
374
375
376
377
378
380
381
382
383
386
387
388
389
390
391
393
394
395
396
397
399
401
403
404
405
406
407
408
409
411
413
414
415
416
417
418
419
420
421
423
425
427
428
429
430
431
432
433
439
440
441
442
443
444
445
446
447
450
451
452
453
455
456
457
458
459
460
462
463
464
465
466
467
468
469
470
471
472
473
474
475
476
477
478
479
481
483
484
486
487
488
491
493
494
495
496
497
498
499
500
502
503
504
508
509
510
512
513
514
515
517
518
519
520
521
522
523
524
527
528
529
531
532
533
535
536
537
538
539
540
542
543
544
545
547
549
550
551
553
556
557
558
559
560
562
563
564
565
566
567
570
572
573
574
576
577
578
579
581
582
583
584
585
587
588
589
590
592
593
594
595
596
597
598
600
601
603
604
605
606
608
609
610
612
613
614
616
617
618
621
622
623
625
626
631
632
634
635
637
638
639
640
641
642
644
646
647
648
649
650
656
657
658
659
662
663
665
666
668
669
670
676
677
680
682
683
686
687
688
689
690
691
692
695
696
697
700
701
703
704
705
706
707
708
709
711
713
714
716
717
718
719
721
723
724
729
730
732
733
737
738
739
742
743
744
745
746
748
750
751
753
754
755
756
757
760
761
762
764
766
767
770
772
774
775
776
777
780
781
782
783
784
785
786
787
790
792
794
795
798
799
800
801
802
803
804
805
806
807
808
809
810
812
813
814
815
816
819
820
824
827
828
829
832
833
834
837
838
839
840
841
844
845
847
848
849
850
851
853
854
855
856
858
861
862
864
867
868
869
871
872
874
876
877
878
880
881
882
883
885
886
887
888
889
890
891
892
895
896
897
898
900
901
903
904
905
906
908
909
911
912
913
914
916
919
920
921
923
924
927
929
930
931
932
933
934
935
937
938
939
941
942
943
944
947
948
949
950
951
952
953
954
955
