3
4
5
7
9
11
12
13
14
16
20
21
22
23
24
27
34
39
43
46
49
50
51
53
55
56
57
58
59
61
64
66
67
68
69
74
77
79
83
84
85
86
87
88
89
91
92
94
96
98
99
100
102
103
108
112
116
118
122
124
125
126
128
131
132
134
138
139
140
141
142
144
145
147
148
150
153
154
155
159
160
161
162
165
166
167
168
170
171
172
175
176
177
179
181
182
183
184
186
187
191
194
198
203
205
206
208
213
214
215
217
218
226
229
231
234
235
236
237
239
242
244
245
246
247
248
249
251
253
254
256
259
262
266
270
272
277
278
280
281
284
290
294
296
298
299
300
304
306
308
309
312
314
316
317
319
320
321
322
325
328
330
331
332
333
335
336
337
341
342
348
349
350
352
353
354
356
358
359
360
362
372
374
375
376
377
380
382
383
384
386
387
393
394
395
396
398
401
403
405
406
407
408
410
412
413
414
421
422
424
425
431
432
437
439
441
443
444
445
446
448
450
451
452
456
458
459
461
463
465
466
467
468
469
470
471
472
473
476
480
481
482
483
485
486
488
489
490
494
495
496
499
500
501
503
505
507
510
511
512
515
516
517
518
520
521
522
523
525
526
527
530
532
534
535
536
539
540
542
545
548
549
550
551
552
553
556
557
561
564
565
566
567
568
569
573
574
576
581
583
584
585
586
592
593
596
597
598
600
602
603
608
610
611
612
613
615
618
619
620
621
622
623
626
631
632
634
636
637
638
640
642
643
646
647
650
652
661
665
668
669
671
673
675
676
677
679
680
688
689
690
691
692
693
696
699
702
703
704
706
708
709
711
714
715
717
719
724
726
728
731
733
734
735
736
738
739
745
748
749
754
756
757
759
760
762
764
769
770
772
773
774
777
778
779
782
783
784
786
789
791
798
801
803
805
807
809
810
811
812
813
816
819
822
823
824
825
827
830
831
833
835
840
845
846
847
851
855
859
861
862
863
864
869
870
871
872
876
877
878
879
880
882
884
885
886
887
891
893
897
903
904
908
909
910
912
919
920
921
922
924
925
928
929
931
932
933
934
935
940
941
947
948
950
953
954
955
