1
3
4
5
6
8
9
10
11
12
14
16
17
18
19
20
22
23
24
25
27
28
30
31
32
33
35
37
38
40
41
43
44
47
49
50
51
52
53
55
56
60
61
62
64
66
67
69
70
71
74
77
78
80
83
84
86
89
90
92
93
94
95
96
97
98
99
100
101
102
103
104
105
106
107
111
113
114
115
117
122
123
124
126
127
128
129
131
132
133
134
135
136
137
140
142
143
144
145
146
147
148
149
151
152
153
154
157
158
160
161
162
163
164
166
167
169
170
171
172
175
176
177
178
179
181
183
184
185
187
188
189
191
192
193
194
195
197
198
199
200
202
203
206
209
210
211
212
213
214
215
216
220
222
223
227
228
229
230
231
232
233
234
235
236
237
239
242
243
244
245
246
247
248
250
251
253
255
256
257
258
260
261
264
266
268
269
270
272
273
274
276
278
279
280
281
282
283
284
285
286
287
292
293
294
295
297
298
300
301
302
303
304
305
307
308
310
311
312
314
315
317
318
319
320
322
323
324
325
326
328
332
333
335
336
337
339
340
341
342
343
345
347
348
351
352
354
355
356
357
358
359
361
363
365
366
367
368
369
372
373
374
375
378
379
380
382
384
386
387
389
390
391
392
393
394
395
398
400
402
404
405
406
408
409
410
413
414
415
417
420
421
422
426
427
428
430
432
433
434
435
437
438
440
441
442
444
445
446
447
448
450
451
453
455
456
457
460
462
463
464
465
467
469
470
471
472
473
476
477
478
479
480
481
484
485
488
489
490
492
493
494
495
497
500
504
508
509
510
512
513
514
515
516
517
518
519
520
521
522
523
524
526
527
528
530
531
534
536
537
538
539
541
542
543
544
546
547
548
550
551
553
555
557
558
559
561
562
563
564
566
568
570
571
573
574
576
577
578
579
580
581
582
583
584
586
587
589
591
592
593
594
597
599
601
602
603
605
606
607
608
609
610
613
614
615
616
617
618
619
621
623
628
630
631
632
633
635
636
637
638
640
641
642
643
644
647
648
650
653
654
656
658
659
660
661
662
663
664
665
666
668
669
672
673
674
678
679
680
681
682
684
685
686
690
691
692
694
696
697
699
701
702
703
704
705
706
707
708
709
710
711
713
715
716
717
719
720
721
722
723
724
725
727
728
735
736
737
740
742
744
745
746
750
751
752
753
755
756
757
759
760
761
764
765
766
767
768
769
770
771
772
773
775
777
778
779
781
782
783
785
786
787
789
791
794
796
797
798
799
800
801
802
803
804
805
807
808
809
810
811
812
813
814
815
816
817
818
819
820
822
824
825
828
829
830
831
832
833
836
838
839
842
843
844
845
847
848
849
850
852
853
855
857
858
859
862
864
865
866
868
869
870
871
872
873
874
875
876
877
881
882
883
884
885
886
887
888
889
890
891
892
894
895
896
897
899
900
901
903
905
906
907
910
911
912
913
915
916
917
918
920
921
923
925
927
928
929
931
932
933
935
936
937
938
939
940
941
942
944
945
949
950
951
952
953
954
955
