2
3
4
7
10
15
16
17
19
22
24
26
28
30
34
36
37
38
40
41
47
48
49
51
53
55
56
57
58
61
62
63
64
65
67
70
72
74
76
77
79
82
85
86
90
94
95
96
100
103
105
106
107
110
111
112
113
114
116
119
120
121
123
125
128
130
139
142
144
146
147
150
151
152
153
157
158
160
161
162
163
165
170
171
173
174
175
178
180
182
185
186
192
193
194
196
197
201
204
205
208
209
211
214
216
217
218
219
220
221
223
229
232
233
236
237
238
239
241
245
246
251
252
256
257
260
261
264
266
268
269
270
272
276
278
280
287
289
290
294
295
297
299
300
301
302
304
305
306
308
310
313
317
318
320
321
322
323
326
327
328
329
330
333
335
336
338
340
342
343
344
345
347
349
350
352
356
357
358
360
362
363
365
369
371
374
376
377
379
381
383
384
385
386
387
388
389
391
393
397
399
400
404
405
408
410
411
412
414
415
421
424
426
428
429
435
438
439
440
443
449
451
454
458
459
464
465
468
475
476
479
480
481
484
485
487
488
493
496
497
498
499
502
504
507
511
516
518
522
528
531
532
533
534
536
537
542
543
545
548
549
550
554
556
557
558
559
560
562
563
564
565
566
569
573
574
578
579
580
581
582
583
584
586
587
589
591
592
593
594
595
597
598
599
603
604
606
607
610
612
613
622
626
628
630
631
634
635
637
638
639
640
641
644
646
647
648
651
652
653
655
657
658
661
666
667
669
670
677
685
686
687
688
690
692
694
695
699
700
701
703
704
706
709
711
714
717
718
720
721
722
723
725
729
730
731
732
735
736
738
739
741
742
746
747
748
749
750
752
753
755
758
759
761
762
763
765
767
768
769
770
771
773
774
776
778
779
784
785
786
788
789
790
792
793
796
797
799
801
805
816
817
818
822
824
825
827
828
829
831
832
833
834
835
836
837
838
841
845
848
852
853
854
856
858
860
863
864
865
866
867
869
870
873
874
876
880
883
886
889
890
892
895
896
897
898
900
901
904
905
906
907
908
909
910
913
914
917
919
921
923
925
930
931
932
934
936
941
942
943
944
945
947
951
952
953
955
