3
4
5
6
8
9
11
13
15
17
18
19
22
23
24
25
27
28
31
32
34
36
38
39
40
41
43
44
45
46
49
51
52
55
56
57
58
59
64
66
67
68
71
72
73
74
75
76
77
78
79
82
83
84
85
86
87
88
89
90
91
92
93
94
95
96
98
99
100
101
102
103
104
105
106
107
108
109
112
114
115
118
121
122
123
124
125
127
128
129
131
132
133
134
135
137
138
139
141
142
143
144
146
148
152
153
154
155
156
157
158
159
160
161
163
164
166
167
168
169
170
172
173
174
175
178
179
180
182
183
186
187
188
189
190
191
192
194
195
197
198
199
200
202
203
204
205
206
207
208
209
210
212
213
214
216
218
219
221
223
225
226
228
229
230
231
232
233
235
238
240
244
245
246
247
248
250
251
252
253
254
255
256
259
261
263
264
269
270
272
273
274
276
277
278
279
280
281
283
284
286
290
291
292
293
294
295
296
297
298
300
301
302
304
306
307
308
311
312
313
316
317
319
320
321
322
323
324
326
327
328
329
330
332
335
337
338
339
340
341
344
345
346
347
348
349
350
351
353
354
355
356
357
358
359
360
361
363
365
366
367
368
369
371
373
374
375
376
379
380
381
385
387
388
389
390
391
392
394
395
396
397
398
399
400
401
404
406
408
411
412
414
415
417
418
420
421
422
423
424
426
428
430
435
436
439
441
442
443
449
451
455
456
458
459
460
461
463
464
465
466
470
472
473
476
477
478
479
481
482
484
485
486
487
491
492
493
494
495
496
497
498
500
501
502
503
504
506
507
509
513
514
516
517
518
519
520
522
523
524
525
526
528
529
530
531
534
535
537
538
539
540
541
542
544
545
546
549
550
551
554
556
557
559
560
561
562
564
565
569
570
571
572
573
574
575
576
577
578
581
582
584
585
586
587
588
590
591
592
594
596
597
599
600
601
603
605
607
608
609
610
611
613
614
615
617
618
621
622
623
624
625
626
627
628
629
631
632
634
635
636
637
638
639
640
641
642
643
644
647
649
651
653
658
659
660
661
663
665
666
667
670
671
672
674
675
676
677
678
682
685
686
687
688
689
690
692
694
696
697
698
699
700
701
702
705
706
707
708
709
710
711
712
713
714
716
717
719
722
723
726
729
730
731
733
734
735
737
740
742
743
744
745
747
748
751
752
753
754
755
756
757
759
760
761
762
763
764
765
766
767
768
771
772
774
776
778
779
780
781
782
783
784
786
787
789
790
791
792
794
795
798
801
802
803
805
808
809
810
814
815
817
818
821
822
823
824
825
826
827
828
829
831
832
833
834
835
836
838
839
840
841
842
843
845
846
847
848
849
850
851
852
853
855
858
859
861
863
864
866
867
868
869
870
871
875
876
881
882
883
884
885
886
887
888
889
890
892
893
894
895
897
898
899
900
901
902
903
905
907
908
909
910
911
912
913
914
915
916
917
918
919
920
921
922
923
924
925
926
927
928
930
931
932
933
934
935
937
939
941
942
943
944
945
949
950
952
954
