1
3
6
7
9
11
14
20
21
22
27
28
30
34
38
39
41
46
48
50
52
53
58
73
74
78
87
88
91
95
101
108
112
114
119
121
123
125
131
133
135
140
142
144
152
155
159
163
167
173
175
176
180
183
188
190
195
201
202
212
216
219
223
224
231
232
245
254
260
262
264
269
274
276
278
290
296
300
306
312
319
324
326
327
328
330
332
334
335
336
338
348
349
351
357
358
359
362
363
366
369
370
374
375
376
384
386
390
394
395
400
401
402
403
405
407
408
409
410
416
418
419
422
424
425
432
436
437
438
441
442
447
450
451
452
453
454
461
466
473
475
476
477
478
482
486
489
493
496
498
499
503
505
511
513
517
518
519
524
530
532
533
535
536
539
542
552
553
554
556
558
560
561
562
563
564
566
567
569
571
576
577
578
585
588
589
600
607
612
613
614
615
616
624
625
626
630
634
640
642
646
648
653
655
656
658
659
663
664
667
673
677
678
688
691
694
698
703
707
708
712
713
718
722
723
731
732
733
737
744
750
753
757
762
767
769
776
783
787
788
793
804
807
810
812
813
823
824
830
833
836
837
843
852
854
858
864
872
874
875
877
883
884
886
889
893
899
900
901
903
905
909
910
916
920
921
924
926
927
929
935
938
943
944
948
955
