6
7
11
22
26
30
33
40
46
54
59
64
66
73
75
78
81
82
83
84
87
90
92
93
99
100
112
114
117
127
130
133
134
135
142
143
145
148
151
153
162
164
165
174
183
184
185
187
190
191
202
206
213
214
216
219
223
226
228
229
230
234
238
239
241
242
245
246
251
257
259
260
261
263
265
267
270
273
275
279
280
284
285
286
287
290
291
293
294
296
300
302
307
315
318
322
325
326
334
336
340
341
348
351
352
366
368
377
378
379
380
384
386
395
399
405
411
412
414
417
421
424
426
432
436
443
444
445
446
448
451
456
466
467
471
476
480
482
488
489
491
492
500
503
505
507
508
511
517
518
520
522
523
530
532
534
540
542
544
545
553
559
563
569
573
574
576
577
579
582
585
586
588
599
600
602
611
612
617
621
622
628
632
633
635
636
638
639
645
647
648
652
654
655
659
660
661
662
664
668
670
671
672
673
678
680
685
688
689
694
697
699
706
725
726
730
736
741
742
743
745
749
750
751
752
758
769
771
774
776
777
782
785
786
787
789
791
797
798
799
801
804
809
811
816
817
822
824
828
829
830
832
833
835
837
842
844
853
856
863
865
866
875
877
883
885
886
890
892
893
904
908
911
916
919
923
931
934
935
936
937
941
945
946
954
955
