2
3
6
7
9
10
11
14
16
19
21
41
44
45
50
52
53
54
56
58
83
86
90
94
102
103
106
107
109
111
118
123
125
132
141
150
153
156
161
162
164
168
170
175
176
182
183
190
193
194
199
207
210
212
215
218
219
221
222
224
227
228
231
242
243
244
246
254
261
263
266
268
269
271
274
281
282
283
285
289
290
292
296
297
300
301
306
307
310
311
312
313
315
316
317
320
326
327
328
333
335
339
340
342
344
345
347
353
354
355
356
357
361
363
364
366
375
377
379
380
382
388
390
391
393
396
399
401
405
412
417
421
422
424
425
426
431
432
438
439
444
446
462
464
465
466
468
474
483
487
488
492
493
494
497
505
506
510
511
516
518
519
523
526
532
533
534
535
536
537
539
540
541
543
544
546
548
553
555
557
559
561
563
567
571
582
595
598
599
600
602
604
606
615
627
628
634
636
638
646
649
656
658
662
665
669
672
677
678
681
683
688
698
700
701
703
706
709
712
716
718
724
731
733
734
735
739
741
743
746
750
751
755
756
759
762
766
772
778
779
781
790
793
800
803
805
806
809
814
815
816
818
820
821
825
834
835
836
839
843
846
849
855
857
858
863
866
871
873
876
884
890
892
893
894
899
901
905
910
916
917
920
922
927
951
953
