8
10
12
14
16
17
18
22
23
25
27
29
30
32
34
36
43
44
45
48
50
51
54
55
58
61
65
66
67
69
70
72
78
79
80
81
82
84
85
89
90
91
93
94
96
97
99
100
101
103
105
106
108
109
110
112
113
115
116
117
119
121
123
124
126
127
131
132
134
135
137
138
141
142
145
146
147
149
150
151
153
154
158
160
162
164
166
167
170
172
174
175
177
181
183
184
185
193
194
195
196
197
199
205
206
207
210
211
212
214
217
218
219
221
224
226
228
229
230
231
233
234
236
237
238
239
240
241
242
243
245
249
253
255
256
257
261
262
263
264
265
273
275
277
280
282
284
285
286
287
294
295
296
297
299
302
305
308
311
314
315
316
317
318
319
320
321
323
324
327
329
330
336
338
341
342
344
345
347
348
353
358
359
360
361
362
364
366
368
374
375
376
377
381
382
383
384
386
390
391
393
395
398
399
401
407
409
410
411
412
413
416
418
419
422
424
427
429
431
432
436
438
440
442
444
447
453
454
455
457
458
459
460
465
466
468
471
472
473
474
475
476
477
478
488
489
492
493
495
498
499
500
501
502
503
504
509
513
516
520
523
524
525
530
531
532
534
536
537
543
546
547
548
550
551
552
554
555
556
557
560
561
565
566
569
570
571
573
575
576
577
579
581
586
589
592
593
594
595
596
597
598
599
600
603
604
606
607
608
611
613
615
621
625
626
627
628
629
630
631
633
634
635
636
640
645
647
650
652
659
660
661
667
668
669
673
674
676
678
679
681
682
685
686
687
688
689
693
699
700
702
706
708
710
714
719
720
722
724
726
729
730
733
734
735
739
740
742
745
747
748
751
752
753
755
757
758
760
762
765
769
770
771
774
775
776
778
779
782
783
784
788
791
792
793
794
797
798
802
803
804
805
807
808
809
810
813
814
815
817
819
821
824
825
827
829
830
836
837
838
839
841
842
843
845
847
849
853
855
857
858
864
866
867
873
874
875
878
879
881
882
884
885
887
888
890
892
897
898
899
900
907
908
910
912
913
914
919
920
927
929
931
934
935
937
938
939
940
941
942
945
946
947
948
950
951
955
