1
3
5
9
15
17
20
27
28
30
38
39
40
42
45
46
47
50
57
58
62
69
70
72
73
75
77
85
86
91
92
99
100
105
108
123
127
132
133
136
137
147
148
151
160
166
176
180
181
182
185
186
187
190
197
202
208
209
212
213
215
231
233
235
238
239
241
243
250
258
260
269
273
280
281
285
286
287
297
300
309
311
319
320
322
329
332
336
342
343
344
345
346
355
359
368
370
377
379
380
384
385
388
390
394
395
396
399
402
403
404
408
409
411
413
415
422
423
428
429
430
431
434
440
441
445
446
447
448
450
458
459
461
467
470
471
472
473
474
475
480
483
485
487
493
500
501
502
511
512
516
518
519
522
528
530
531
532
538
539
542
548
550
551
554
558
560
561
567
568
570
571
572
578
579
583
584
585
586
594
596
598
602
604
605
606
609
610
613
614
616
624
625
628
634
635
636
638
641
646
647
648
650
655
658
659
660
665
667
669
676
679
684
686
699
706
716
717
719
722
725
739
740
744
754
763
775
777
778
786
789
790
794
797
804
806
807
810
814
817
818
819
823
826
831
834
836
838
841
842
848
851
855
858
860
863
865
866
870
871
874
875
878
882
884
893
895
899
900
903
904
908
913
916
917
922
924
929
932
935
937
938
939
947
951
953
