1
2
3
4
7
10
13
15
18
19
20
21
22
23
24
25
27
28
29
32
34
36
37
38
40
41
43
44
46
47
48
49
50
52
53
55
56
58
59
60
61
63
64
65
66
67
68
69
70
73
75
76
77
78
79
81
82
83
86
87
88
91
94
95
96
97
99
100
101
102
103
105
108
110
111
112
113
115
116
118
120
121
122
124
125
126
128
130
131
132
134
136
138
139
141
142
143
145
146
148
150
151
154
155
157
158
159
160
162
163
164
165
166
167
169
171
172
173
174
175
176
178
179
181
182
186
188
189
190
191
192
193
194
195
197
199
200
202
203
206
208
209
210
211
212
214
216
219
220
221
223
224
226
228
229
230
232
233
234
235
236
239
240
242
243
244
245
246
247
248
251
252
253
254
255
256
257
258
259
260
261
265
267
270
271
274
276
277
278
279
280
282
283
284
286
287
289
290
291
292
293
295
296
297
298
299
306
307
308
309
311
314
317
318
319
320
323
325
326
327
328
329
330
331
332
333
334
335
336
338
341
342
343
344
345
346
347
349
350
351
352
354
357
358
359
360
361
362
364
365
366
369
371
372
373
374
378
385
387
388
389
391
392
394
395
399
400
401
403
404
405
406
407
408
410
411
412
413
414
415
417
418
419
421
422
424
425
426
428
430
431
432
434
435
437
439
442
443
446
447
449
451
452
454
455
456
457
458
459
460
461
462
463
466
467
468
469
470
471
472
473
474
475
477
478
479
481
482
483
484
485
486
487
488
489
490
493
495
496
497
498
499
500
502
503
504
506
507
508
509
511
512
513
514
515
516
517
520
521
522
523
524
526
527
531
534
535
536
537
538
539
540
542
543
544
545
546
547
549
551
554
555
557
558
559
560
561
562
566
567
568
569
570
571
573
574
575
576
577
578
579
580
581
583
584
585
586
589
590
592
593
594
595
596
598
600
601
602
603
605
607
608
609
610
611
612
613
614
615
616
617
619
621
622
623
624
626
627
628
630
631
632
633
634
635
636
637
638
639
641
642
643
644
645
646
651
652
653
654
655
656
657
658
659
660
661
662
664
665
666
667
668
670
672
673
674
675
676
677
681
682
683
684
685
686
687
688
689
690
692
693
695
696
697
698
699
701
702
705
706
707
708
709
710
711
714
715
716
718
719
721
722
723
726
727
728
729
730
731
733
734
735
738
739
740
741
742
743
745
747
748
750
752
753
754
755
757
758
759
760
762
764
768
769
770
771
772
773
774
775
776
780
782
783
784
786
787
788
789
790
791
794
796
797
799
800
801
802
804
806
807
808
809
811
812
814
819
820
821
823
824
825
827
829
830
832
833
834
835
836
837
840
841
842
844
845
846
847
848
849
850
851
852
855
856
857
858
859
860
863
869
871
872
873
874
875
877
879
880
881
883
885
886
887
888
889
890
891
892
894
897
898
900
902
903
906
907
909
911
912
913
915
918
921
924
925
926
927
930
931
933
935
937
938
939
940
943
944
945
946
947
949
950
951
952
953
954
955
