1
4
8
12
13
14
15
16
17
18
20
22
24
25
28
29
30
31
32
33
34
37
40
44
45
46
47
49
50
54
55
58
60
61
62
64
66
68
70
71
72
73
75
77
80
81
85
87
89
91
97
99
101
106
110
112
118
122
123
124
128
129
130
134
135
138
139
141
142
143
144
148
149
150
155
156
157
158
161
166
167
169
170
171
173
174
177
178
180
181
182
186
190
192
193
196
197
198
199
202
203
204
211
212
213
217
219
220
221
222
225
227
230
236
238
240
244
246
248
249
253
254
258
261
262
264
265
268
269
276
280
283
287
288
289
291
293
294
297
302
303
304
305
306
307
308
310
311
312
313
315
316
317
318
319
320
321
324
326
327
328
334
335
336
338
342
343
348
349
350
352
353
355
356
357
358
359
360
364
365
366
367
369
372
376
377
379
380
382
383
384
386
387
388
390
392
393
396
397
399
400
401
402
411
412
416
418
421
422
423
426
427
428
430
431
433
435
438
440
442
444
445
446
449
452
453
456
457
461
462
464
465
468
471
472
475
476
477
478
480
483
484
485
486
487
488
489
491
493
494
495
497
499
500
501
503
505
506
508
513
514
515
517
519
520
521
522
524
526
528
529
530
531
532
533
534
535
536
537
541
544
545
548
553
556
557
558
561
562
563
564
568
571
574
575
577
578
579
582
584
587
588
591
592
593
595
596
598
602
605
607
611
614
615
617
619
621
622
623
624
626
627
628
633
634
635
639
640
641
646
651
652
654
655
657
658
659
663
664
669
671
674
675
682
683
687
690
691
692
694
697
699
700
709
716
717
718
719
721
722
723
724
726
727
733
734
736
743
744
749
750
752
755
756
757
758
761
762
765
766
768
770
771
772
776
778
780
782
787
788
789
791
792
793
796
798
800
804
805
806
807
808
812
813
815
817
818
820
822
824
825
827
829
830
831
834
835
836
838
839
840
842
845
846
847
848
850
851
852
853
854
856
858
859
864
867
869
870
873
874
877
878
879
880
881
884
889
890
891
894
896
898
899
900
901
902
903
905
907
911
912
916
919
923
924
932
933
934
936
941
943
944
945
947
949
951
955
