3
5
6
7
8
9
10
11
12
13
14
15
16
17
19
20
23
24
25
26
28
30
32
33
36
38
40
41
43
44
45
46
47
48
49
50
54
55
57
58
60
62
63
64
65
66
67
68
70
71
72
73
74
77
78
80
81
82
84
85
87
88
89
90
91
94
95
96
98
99
101
102
103
104
105
107
108
109
110
111
113
114
116
118
119
120
121
124
125
127
129
130
131
132
135
137
138
141
142
143
144
145
147
148
149
151
153
154
155
156
161
162
163
165
166
167
170
173
175
176
177
178
179
180
182
183
185
191
192
195
196
197
198
199
200
201
202
203
204
206
207
208
209
210
211
213
214
215
216
217
219
220
221
223
224
227
228
230
231
232
233
235
237
241
243
244
245
247
248
249
251
253
255
256
258
261
262
263
265
268
270
272
273
275
277
278
279
280
281
282
283
284
285
286
287
289
292
293
295
296
297
299
300
301
303
304
305
307
308
309
312
313
315
316
317
319
321
322
323
324
325
327
328
329
330
331
333
334
335
336
337
338
339
340
343
344
345
346
349
351
352
354
355
356
357
358
359
362
363
364
365
366
367
369
370
371
372
373
376
377
378
379
380
382
383
384
385
386
388
389
390
392
394
395
396
397
398
399
400
403
404
405
406
407
408
409
410
411
412
415
416
419
420
422
423
426
427
428
430
434
436
439
440
441
442
443
444
445
446
447
448
449
451
452
453
455
456
457
458
459
460
461
462
463
464
465
466
469
470
471
475
476
481
482
483
484
485
486
487
488
489
490
492
494
496
497
499
500
501
502
512
513
514
515
516
517
518
520
521
522
523
525
526
527
528
529
530
532
533
534
536
537
538
540
542
543
544
545
549
551
553
554
555
556
558
559
561
562
563
564
565
568
570
571
572
574
575
577
579
580
581
583
585
586
587
588
591
592
593
595
598
599
601
602
603
605
609
610
612
613
614
617
621
623
624
625
628
629
630
631
632
633
634
635
638
639
641
643
645
646
647
648
649
650
651
652
656
657
658
659
661
662
663
664
665
666
667
668
669
670
671
672
673
674
676
678
681
682
683
684
685
686
687
688
690
691
692
693
694
696
697
698
699
702
703
704
707
709
710
711
712
713
714
715
716
718
719
720
721
722
723
724
725
726
727
729
730
731
732
733
735
737
738
739
740
741
743
745
746
747
748
750
751
752
753
754
756
757
758
759
760
761
762
763
765
767
768
773
774
776
777
778
779
781
783
784
785
786
787
788
790
792
793
794
795
796
797
798
799
801
802
803
804
805
807
809
810
811
812
813
814
815
816
817
818
819
820
821
822
823
824
825
826
827
829
830
832
833
834
835
836
837
838
839
841
842
843
845
846
847
851
852
853
854
856
857
858
862
863
866
868
871
872
873
874
875
879
881
882
884
885
887
888
889
891
892
893
894
895
897
898
899
902
904
905
906
907
909
910
911
915
916
917
918
919
920
922
923
924
926
927
928
929
931
932
936
938
939
940
941
942
943
944
946
950
952
954
955
