2
4
5
9
14
15
19
23
25
31
36
40
42
46
47
52
54
55
57
58
59
65
68
70
71
74
79
104
106
107
108
113
121
124
128
129
131
132
138
144
150
159
160
161
164
173
178
184
186
190
192
196
198
199
206
207
208
209
215
216
219
221
227
229
231
232
235
239
240
245
249
252
254
258
262
266
273
285
288
289
290
291
294
299
304
309
311
312
314
319
326
329
331
334
335
339
342
344
345
351
353
356
357
358
370
374
377
379
381
387
388
389
393
394
397
404
413
414
415
417
418
420
421
426
433
440
442
444
447
448
450
451
453
457
464
465
471
474
475
476
477
483
484
491
492
493
495
497
498
499
506
510
512
516
520
522
527
533
538
539
545
550
552
564
569
572
577
578
585
587
588
600
601
604
608
617
621
623
625
631
633
635
636
637
639
641
642
648
651
654
656
657
658
660
662
667
671
675
679
681
682
683
686
692
694
696
702
703
710
711
715
719
723
725
733
735
741
745
748
750
759
760
761
762
765
769
770
772
776
778
780
781
782
786
794
799
800
807
816
819
822
826
832
839
840
841
843
844
845
848
853
855
857
859
861
869
870
875
877
878
884
890
892
895
898
901
902
904
907
910
912
913
914
916
917
919
927
928
932
936
938
941
942
945
949
955
