2
5
7
10
11
15
16
19
22
24
31
33
34
36
48
53
55
58
67
71
76
77
79
81
83
86
87
91
95
96
105
109
111
113
115
117
118
124
127
129
135
137
146
151
158
161
164
166
170
174
175
176
185
186
190
191
197
200
201
204
206
209
220
222
226
229
233
235
236
243
244
257
260
261
262
266
270
277
278
284
290
291
292
293
297
299
300
301
304
307
308
309
310
311
312
320
325
326
328
333
336
338
340
348
350
352
354
356
357
363
373
382
383
384
385
387
391
393
395
401
402
406
408
409
416
419
421
427
428
429
431
434
437
440
449
454
457
459
460
461
463
464
469
470
472
473
474
480
487
489
490
492
495
497
499
503
504
508
510
511
512
517
519
520
523
524
530
531
532
534
539
541
542
545
546
550
553
560
563
570
580
582
583
597
598
599
605
612
615
620
622
623
624
627
628
630
636
642
648
655
658
663
665
670
671
673
674
682
689
691
694
697
702
708
710
714
716
717
719
721
724
726
729
730
731
732
736
738
739
742
753
761
767
774
777
783
794
795
796
798
799
801
803
805
812
817
818
823
826
827
828
830
831
832
833
835
836
839
840
844
853
861
862
865
867
868
870
872
875
883
885
896
899
900
901
902
910
911
913
926
929
931
935
946
951
952
