1
2
3
4
5
6
7
8
10
11
12
13
14
15
16
17
18
21
22
23
24
25
26
27
28
29
30
31
32
33
34
35
36
37
38
39
40
41
42
43
44
46
47
48
49
50
51
52
53
54
55
56
57
58
59
60
61
62
64
65
66
67
69
71
74
75
76
78
79
80
82
83
85
86
87
88
89
90
91
92
93
95
96
97
98
100
101
102
104
105
106
107
108
109
110
111
113
114
115
116
117
118
120
121
122
123
124
125
127
128
129
130
131
132
133
134
135
136
138
139
144
145
146
147
148
150
151
152
153
156
158
159
160
161
162
163
164
165
167
168
169
170
171
172
173
174
175
176
177
179
180
181
182
184
186
188
191
192
194
195
196
197
198
199
200
202
203
204
205
206
208
209
210
213
214
216
217
218
220
221
222
223
224
225
226
227
228
230
231
233
234
235
236
238
241
242
243
244
245
246
247
248
250
251
253
254
255
257
258
259
260
261
262
263
265
266
267
269
270
271
272
273
275
277
278
279
281
282
283
286
287
288
290
291
292
293
294
296
297
298
299
300
302
303
304
306
307
308
309
310
312
313
314
315
316
317
318
319
320
321
322
323
324
325
328
329
330
331
332
333
334
335
336
337
339
340
341
342
343
344
345
346
347
348
349
350
351
352
354
355
357
358
359
360
361
362
363
364
366
367
368
369
370
373
374
375
376
377
378
379
380
381
382
383
384
387
388
389
391
392
393
394
396
397
398
400
401
402
403
404
405
406
407
408
409
410
411
412
413
414
415
416
418
419
420
421
422
423
424
425
427
429
430
431
432
434
435
436
437
438
439
440
441
442
443
444
446
447
451
452
453
454
455
457
458
459
460
462
463
464
465
466
467
468
469
470
471
476
478
479
480
481
482
483
484
486
487
488
490
492
493
494
495
496
497
498
499
500
502
503
504
505
506
507
508
509
510
511
513
514
515
517
518
519
520
521
522
523
525
526
527
528
530
531
532
533
534
535
536
539
541
543
544
547
548
549
550
552
553
554
555
556
557
558
561
562
563
564
566
567
568
569
571
573
574
575
577
578
581
584
586
587
589
590
591
592
593
594
595
596
597
599
600
602
603
604
605
606
607
608
609
610
611
614
615
616
617
618
619
621
622
623
625
626
628
629
631
632
633
634
635
637
638
639
640
641
642
643
644
645
647
648
649
650
651
652
653
654
655
658
660
661
662
663
666
667
668
669
671
672
673
675
676
678
679
680
681
685
687
688
689
690
691
693
694
695
697
699
700
701
702
703
704
705
708
709
710
711
712
713
714
716
717
719
721
723
724
725
726
728
729
730
731
732
734
735
736
737
738
739
741
742
744
747
748
749
750
751
752
753
754
755
757
758
761
762
763
764
765
766
767
768
769
770
771
772
775
776
777
778
779
780
781
782
783
784
785
786
787
788
790
791
793
794
795
796
797
798
799
800
801
803
804
805
807
808
810
811
812
813
814
815
816
817
818
819
820
821
824
825
826
827
828
829
830
831
833
834
836
837
838
839
840
841
842
843
844
846
847
849
850
851
853
854
855
857
859
860
861
863
864
865
866
867
868
869
870
871
872
873
874
875
876
878
879
880
881
882
883
884
885
886
888
889
890
891
893
894
896
897
899
900
901
903
905
906
907
908
909
911
912
913
914
916
917
918
919
920
921
922
923
924
925
926
927
928
930
931
933
934
936
937
938
942
945
947
948
949
950
951
952
953
954
955
