1
2
3
4
5
8
9
10
11
13
14
15
16
22
23
24
25
26
27
28
29
32
33
34
35
38
39
40
41
42
44
45
46
47
48
49
51
52
53
54
55
56
57
58
59
60
61
62
63
64
65
66
67
68
70
71
73
74
75
77
79
81
83
84
85
87
88
89
90
91
92
93
94
95
96
97
98
99
100
101
104
105
106
107
108
109
111
112
113
114
115
116
118
119
121
122
124
125
126
127
128
130
131
132
133
135
137
138
139
141
142
143
144
145
146
147
148
150
151
152
153
155
156
157
158
160
161
163
164
165
166
168
169
171
172
173
174
175
176
177
179
180
181
182
183
184
185
186
187
188
190
191
192
193
194
195
197
198
199
200
201
202
203
206
207
208
209
210
211
212
214
216
217
219
220
221
223
224
225
226
227
229
230
231
232
234
235
236
237
238
239
241
242
243
244
245
246
247
248
249
250
252
254
256
257
258
259
261
262
263
264
265
267
269
270
271
272
274
276
277
278
279
280
281
282
284
285
286
287
288
289
290
291
292
293
294
295
296
297
298
299
300
301
302
304
305
306
308
309
311
312
313
315
316
317
318
320
321
322
323
324
325
327
328
329
330
331
333
334
335
336
338
340
341
342
343
346
347
348
349
350
354
355
356
357
358
359
360
361
363
364
365
366
367
368
369
371
372
373
374
375
376
377
378
379
382
383
384
385
386
387
388
390
391
392
394
395
397
398
399
401
402
403
404
405
406
408
409
410
411
414
415
416
417
418
419
420
421
423
424
425
427
428
429
430
432
433
434
435
436
437
438
439
440
441
442
443
444
445
446
448
449
450
451
452
453
454
455
456
457
458
459
460
461
462
464
466
467
468
470
471
472
473
476
477
479
480
481
482
483
484
485
486
488
489
490
491
493
495
496
497
498
499
500
501
502
504
505
506
507
508
509
510
511
512
513
514
515
516
517
518
519
520
522
523
524
525
526
527
529
530
531
532
533
535
537
538
539
540
541
542
543
546
547
548
549
550
551
553
555
556
557
558
560
561
563
564
565
567
569
570
573
574
575
576
578
579
580
581
584
585
586
587
588
589
590
591
592
594
596
597
598
599
600
601
602
603
604
605
606
608
609
610
611
612
613
614
616
617
618
619
621
622
624
625
626
627
628
629
630
631
632
633
636
637
638
639
640
641
643
644
646
648
649
650
651
652
653
655
656
658
659
661
664
665
666
667
669
670
671
672
673
674
676
677
678
679
680
681
682
684
687
688
689
690
691
692
693
694
695
697
698
700
701
702
703
705
706
708
709
710
711
712
713
714
715
716
717
718
719
721
722
723
724
725
726
728
731
732
733
735
736
737
738
739
740
741
743
744
745
746
747
748
750
751
752
753
754
755
757
758
759
760
761
762
763
764
765
766
767
769
770
771
772
773
774
775
776
777
780
781
782
783
784
786
787
788
790
791
793
794
795
796
797
798
800
801
802
803
805
806
807
808
809
810
812
814
815
816
818
819
821
822
823
824
825
826
827
828
829
830
831
832
833
834
835
836
839
840
841
842
844
845
848
850
851
852
853
854
856
857
861
863
864
866
868
871
873
874
875
876
877
878
879
880
881
882
885
886
888
889
892
893
894
896
897
898
899
900
901
902
905
906
907
908
909
910
911
913
914
916
917
918
919
920
921
922
923
924
925
926
927
928
929
931
932
934
936
937
938
940
941
942
943
944
945
947
949
950
951
952
953
954
955
