1
2
3
4
6
7
8
9
10
11
12
14
15
18
19
20
23
24
26
27
28
29
30
31
32
33
34
36
38
40
42
43
44
45
46
47
48
50
51
52
53
55
56
57
58
59
60
61
63
65
66
67
68
69
70
71
72
73
74
75
77
78
79
80
81
82
83
84
85
86
87
88
90
91
92
93
94
95
97
98
99
100
101
102
103
105
106
107
108
109
110
111
113
117
118
119
120
121
122
124
125
127
129
130
131
132
134
135
136
137
138
139
140
141
143
144
145
146
147
148
150
151
154
155
158
159
160
161
162
163
164
165
166
167
168
169
170
171
173
174
175
176
177
178
180
181
182
183
184
185
187
188
189
191
192
193
194
195
196
198
201
203
204
205
206
207
208
209
210
211
212
213
216
217
219
220
221
222
225
227
228
230
231
232
233
235
237
238
239
240
243
244
245
246
247
248
249
250
251
252
253
254
255
257
259
260
261
262
263
265
266
267
268
269
270
271
272
273
274
276
277
278
279
281
282
285
286
288
289
291
292
293
294
295
296
297
298
299
300
301
302
304
305
306
307
309
310
311
312
313
314
316
318
319
320
321
322
324
325
326
327
328
330
331
332
333
335
336
337
338
339
340
341
342
343
345
346
347
348
349
350
351
352
353
354
356
358
359
360
361
362
363
364
365
368
369
370
373
374
375
376
377
378
380
381
382
383
384
385
386
387
388
390
392
393
394
397
398
399
400
403
404
406
407
408
409
410
411
412
413
414
415
416
417
418
419
421
425
426
428
430
431
432
434
436
437
438
439
441
442
443
444
445
446
447
448
449
450
451
452
453
454
455
456
457
458
459
460
461
462
463
467
469
470
474
476
477
478
479
480
481
482
484
485
487
488
489
490
491
492
493
494
495
496
498
499
501
502
503
504
505
506
507
508
509
510
512
513
515
516
517
518
519
520
521
522
525
526
528
529
530
531
532
533
534
535
536
538
539
540
541
542
543
544
547
548
549
550
551
552
555
556
557
558
559
560
561
562
563
564
565
566
567
568
569
570
571
573
574
575
576
577
578
580
581
582
583
584
585
586
587
588
589
591
593
594
595
597
598
599
600
602
604
605
606
607
608
609
610
611
612
613
614
615
616
617
618
619
620
621
622
623
624
625
626
627
629
630
631
632
634
635
637
643
644
646
647
649
650
651
652
653
658
659
661
662
663
664
665
667
668
669
670
671
673
675
676
677
678
679
680
681
682
683
684
685
687
689
690
692
693
695
696
697
698
699
700
701
702
703
704
705
707
708
709
710
711
712
713
714
716
718
719
720
721
722
723
724
725
726
727
728
729
730
731
732
733
735
736
737
738
739
741
742
743
744
746
747
748
750
751
753
754
755
756
757
758
760
761
762
763
764
765
766
768
771
772
773
774
775
776
777
778
779
780
781
782
783
784
785
786
788
789
790
793
794
795
796
797
798
799
800
801
802
803
805
806
807
808
809
810
811
812
813
814
815
816
817
818
821
822
823
825
826
827
828
830
831
832
833
834
835
837
838
840
841
842
843
844
845
846
848
850
851
852
853
854
856
857
859
860
861
862
863
864
865
866
867
868
869
870
872
873
874
875
876
877
882
883
884
885
886
890
891
892
893
894
898
899
900
901
902
903
904
905
906
907
908
910
911
912
914
915
916
917
920
921
922
923
925
926
928
930
931
932
933
934
935
936
937
938
939
941
942
944
945
946
947
948
950
951
952
954
955
