1
2
3
4
6
9
10
11
12
14
15
17
21
22
25
26
27
28
29
30
31
32
36
37
38
40
41
43
44
45
46
47
48
49
50
52
54
55
57
58
60
61
62
65
66
67
69
70
71
72
73
74
75
76
77
78
81
82
83
85
86
87
89
90
91
92
93
94
95
96
97
100
101
102
103
104
106
107
111
112
113
114
115
116
117
118
120
121
123
124
125
126
127
128
129
130
133
135
136
137
138
139
140
141
142
143
144
145
146
147
149
150
152
153
154
155
156
157
161
162
163
165
167
169
171
172
173
174
175
178
179
182
183
184
185
186
187
188
190
191
192
193
195
196
197
198
199
201
202
204
205
206
208
212
213
214
217
219
223
224
225
226
227
228
229
230
232
233
235
236
237
238
239
240
241
242
243
244
245
246
247
248
249
252
253
254
256
257
261
262
263
264
265
266
267
269
271
272
275
277
282
284
285
290
291
292
293
296
297
298
299
300
304
305
306
310
312
313
315
316
317
319
321
322
323
324
325
328
330
331
333
336
338
339
340
342
345
346
347
348
349
350
351
352
353
354
357
358
359
360
361
363
364
366
367
369
371
373
374
376
378
379
380
383
384
386
389
390
392
395
397
398
400
402
403
405
407
410
411
412
413
414
415
417
419
421
422
423
424
426
428
429
430
431
433
434
437
438
439
441
443
444
445
446
447
448
450
451
455
459
461
465
467
468
469
470
471
472
473
475
476
481
482
483
484
486
487
488
490
491
493
494
495
496
497
498
499
500
501
502
503
505
507
508
509
510
511
512
513
515
516
517
518
519
520
521
522
523
524
526
528
529
531
533
534
535
536
537
538
542
543
545
546
547
548
549
551
553
554
555
556
559
560
561
562
563
565
566
567
569
570
571
572
573
574
576
577
578
580
581
582
583
584
585
586
587
588
590
591
592
593
595
596
597
598
599
600
601
602
603
604
607
608
609
611
613
615
618
619
620
622
624
625
627
628
629
630
631
632
633
634
635
637
638
641
644
645
646
649
650
652
653
655
656
657
658
661
662
664
666
667
668
669
670
671
672
673
674
675
678
679
680
681
682
683
684
685
686
687
688
689
690
691
692
694
695
696
697
698
699
700
701
705
707
709
710
711
712
716
717
718
719
721
722
723
724
725
727
729
730
731
732
733
735
736
737
738
741
742
743
745
748
749
750
752
753
754
755
756
757
760
762
764
765
766
767
768
770
771
772
773
774
776
777
778
779
780
781
785
786
787
788
790
791
793
795
796
797
798
799
800
801
802
804
806
813
814
815
817
821
822
825
829
830
831
832
833
834
835
838
839
841
842
843
844
845
847
848
849
851
852
853
854
855
856
857
858
859
860
861
863
864
865
868
869
870
871
872
875
876
877
878
879
883
884
885
886
887
888
890
891
893
894
895
896
897
898
899
901
903
904
905
907
911
912
913
914
915
916
918
919
920
921
922
924
925
929
930
931
932
933
934
935
936
937
938
941
942
944
946
947
948
949
951
952
953
954
955
