1
2
3
4
6
7
8
10
11
12
13
15
19
21
22
24
29
31
33
37
41
43
46
47
49
52
53
55
56
58
62
63
64
69
73
74
75
77
79
83
84
85
87
92
94
100
101
105
106
108
111
112
115
118
122
123
124
129
130
131
132
133
136
139
141
143
146
147
150
151
152
153
157
162
166
167
170
171
173
179
182
184
186
190
191
192
194
195
198
200
202
208
212
214
216
218
221
224
225
226
229
230
231
233
234
235
236
237
238
239
240
243
244
245
246
248
249
251
252
254
255
261
263
267
270
271
272
275
276
277
278
279
280
281
283
285
287
291
293
299
301
302
305
308
309
312
313
314
316
320
321
323
327
328
330
331
335
337
338
340
345
346
350
351
352
353
357
358
359
360
361
362
363
364
365
367
368
369
371
373
374
381
382
385
386
389
390
393
394
395
397
399
401
403
405
407
408
409
410
413
414
415
416
419
421
423
426
427
428
430
432
436
437
438
441
442
444
445
450
451
453
455
456
457
461
463
464
466
467
469
470
473
475
477
479
480
481
482
487
491
492
493
494
497
499
502
503
505
506
507
512
514
515
521
523
524
527
531
534
536
539
543
544
546
548
550
552
553
555
560
561
564
565
566
567
572
573
575
576
578
579
581
582
584
585
586
587
589
590
591
593
594
596
598
599
600
607
608
609
612
613
614
615
616
619
621
622
626
627
628
630
632
633
634
635
637
644
646
648
649
652
653
654
655
657
660
663
666
668
669
670
672
673
674
675
676
678
679
683
688
691
693
695
697
699
701
702
705
706
707
708
709
711
712
713
714
715
716
717
724
725
726
727
728
729
730
734
735
736
737
741
743
744
745
747
750
751
754
756
758
759
760
764
765
767
770
771
772
773
780
781
784
785
786
788
791
793
794
795
798
799
800
802
803
804
806
809
810
811
812
814
817
821
824
826
827
830
831
836
837
838
839
842
843
845
846
851
852
859
862
863
865
868
872
875
881
882
886
887
888
889
890
891
896
897
898
899
902
904
905
906
907
908
910
912
913
918
919
921
924
926
927
929
931
932
935
937
942
943
945
948
949
950
952
953
954
955
