1
4
5
17
18
19
23
24
30
42
44
53
54
55
59
64
65
66
73
77
78
88
93
94
95
101
104
105
108
117
122
124
127
130
131
137
140
143
146
148
152
153
154
156
159
161
163
166
172
175
182
183
194
196
200
205
209
213
215
221
222
224
229
237
239
241
253
263
266
275
278
281
289
290
291
293
298
302
305
309
312
313
314
319
322
323
327
328
329
330
332
336
338
340
342
343
352
353
356
360
362
363
364
366
368
370
373
374
376
381
382
383
385
391
392
403
407
408
409
416
419
420
421
425
429
430
432
434
435
440
441
444
449
453
454
456
457
458
459
461
462
463
464
466
470
471
472
478
480
482
488
492
493
501
502
503
506
509
516
523
534
536
538
540
544
548
549
553
558
561
562
563
567
570
573
575
577
579
585
587
601
602
603
605
616
617
619
620
624
626
632
633
635
636
644
649
653
654
656
661
663
665
675
676
688
694
695
704
709
710
715
716
721
723
724
730
731
736
737
741
750
753
754
757
760
762
765
769
770
772
778
781
782
788
792
793
795
798
801
803
812
815
823
829
836
838
841
843
844
845
850
858
861
865
871
875
878
879
882
885
887
888
894
895
903
907
910
911
913
914
917
920
926
928
930
931
932
934
935
938
940
942
943
947
948
951
