1
2
3
6
7
9
10
11
12
13
14
17
18
19
21
22
23
25
27
28
29
30
31
32
33
34
35
36
39
40
41
43
44
45
46
47
48
49
50
51
53
54
55
56
58
59
61
62
63
64
65
66
67
68
69
72
73
74
75
76
78
79
80
83
84
85
87
89
90
92
94
96
97
98
99
100
101
102
103
104
106
107
109
111
112
114
115
117
118
119
121
122
123
125
126
127
128
129
130
131
133
135
137
138
139
141
142
143
144
145
146
147
148
149
150
151
158
159
160
162
163
164
165
166
168
169
171
172
173
174
176
178
179
180
181
182
183
184
186
187
188
189
191
192
193
194
198
199
200
201
203
204
206
209
210
212
213
215
216
218
219
220
225
226
228
230
233
234
236
237
240
241
242
243
244
245
246
247
248
249
250
251
252
253
254
257
258
259
260
261
262
263
264
265
266
267
268
269
272
274
275
276
277
279
283
287
290
291
293
295
296
297
298
301
303
304
307
308
310
313
315
316
318
320
321
322
323
324
325
326
328
329
330
332
333
334
336
337
338
339
340
342
343
344
345
346
347
348
349
350
351
354
355
357
358
359
360
361
362
365
367
369
370
371
372
373
374
375
377
378
379
380
383
384
385
386
387
388
389
390
391
393
395
397
398
400
401
403
405
407
409
412
414
416
417
418
420
421
422
423
424
426
428
429
431
433
435
436
437
438
439
440
441
442
443
445
446
449
451
454
455
457
458
460
461
462
464
465
466
467
468
469
470
471
472
474
475
476
477
478
479
480
481
482
483
484
485
486
487
489
490
491
492
494
497
498
499
500
501
502
503
505
507
508
509
510
512
514
515
516
517
519
521
522
523
524
526
527
528
529
530
531
532
533
534
535
536
537
538
539
540
541
542
543
544
545
546
547
548
549
550
552
553
554
557
558
559
561
562
563
564
565
566
567
569
570
571
572
573
574
577
578
582
583
584
585
587
588
589
590
591
592
594
596
601
603
605
606
607
609
610
611
614
617
618
619
622
624
625
627
629
630
633
634
635
637
638
639
640
641
642
643
644
645
646
652
654
656
658
659
660
661
663
665
666
667
668
670
671
673
674
675
678
679
680
681
682
684
686
687
688
689
690
691
692
696
697
698
699
700
706
707
708
709
711
712
713
715
717
718
719
720
722
724
725
727
728
731
732
733
735
737
738
739
742
743
746
747
748
750
751
753
755
756
758
759
761
763
764
766
768
769
770
771
772
773
774
775
777
778
779
781
782
783
784
788
789
790
791
794
795
796
797
798
800
803
804
805
806
807
808
809
810
811
812
814
821
822
823
825
826
828
829
831
833
835
836
837
840
841
842
843
844
845
846
847
848
849
851
852
854
855
856
858
859
861
862
863
865
867
868
870
871
872
873
874
876
877
883
884
886
889
890
891
892
893
895
896
898
899
900
902
903
906
907
909
910
911
912
913
914
915
916
917
919
921
922
924
927
928
930
931
933
934
936
937
938
940
941
942
943
946
947
948
950
951
953
955
