18
21
42
57
62
65
67
85
86
130
139
193
197
202
223
257
272
291
294
308
343
353
412
471
481
559
565
611
685
697
754
762
785
790
795
835
841
848
852
861
864
884
890
902
922
928
957
963
980
986
1001
1035
1060
1069
1080
1111
1187
1189
1228
1278
1313
1339
1341
1356
1358
1381
1382
1386
1387
1398
1402
1407
1435
1441
1459
1493
1504
1508
1521
1535
1566
1572
1573
1585
1648
1657
1677
1686
1690
1698
1734
1740
1765
1809
1813
1833
1842
1851
1873
1880
1890
1901
1914
1919
1943
1952
1971
1989
2090
2112
2138
2168
2172
2173
2186
2196
2237
2262
2288
2307
2330
2336
2361
2371
2408
2414
2423
2438
2448
2483
2487
2558
2588
2591
2673
2709
2726
2732
2735
2748
2756
2779
2854
2864
2878
2886
2896
2900
2928
2931
2951
2973
3023
3041
3079
3152
3165
3168
3170
3175
3187
3202
3221
3253
3256
3272
3278
3282
3371
3383
3397
3411
3419
3428
3448
3482
3494
3548
3596
3602
3617
3645
3662
3672
3678
3707
3726
3753
3772
3782
3795
3857
3859
3865
3893
3912
3959
3977
3980
3982
3991
4004
4015
4072
4121
4126
4141
4144
4153
4186
4212
4215
4222
4228
4239
4332
4359
4371
4409
4446
4461
4462
4485
4504
4562
4564
4575
4613
4615
4628
4633
4637
4638
4641
4653
4723
4746
4790
4813
4826
4832
4836
4841
4842
4851
4868
4896
4913
4936
4947
4979
5000
5022
5054
5055
5151
5198
5212
5213
5243
5279
5294
5295
5328
5363
5372
5384
5394
5395
5404
5470
5473
5517
5547
5647
5657
5685
5702
5714
5724
5769
5776
5778
5783
5822
5838
5842
5873
5889
5931
5937
5944
5964
5973
5975
5989
6011
6015
6021
6054
6057
6075
6122
6130
6142
6146
6179
6205
6213
6256
6257
6286
6344
6366
6367
6382
6406
6408
6417
6419
6444
6451
6459
6466
6475
6494
6518
6532
6550
6575
6591
6628
6641
6650
6654
6676
6697
6733
6760
6792
6817
6825
6848
6850
6914
6929
6930
6964
6991
7015
7021
7043
7061
7089
7098
7104
7132
7138
7183
7196
7250
7273
7332
7349
7361
7365
7371
7378
7400
7417
7424
7425
7429
7441
7517
7519
7550
7553
7597
7607
7664
7670
7679
7715
7718
7722
7726
7754
7757
7809
7833
7834
7847
7875
7880
7896
7901
7935
7966
7971
8011
8037
8059
8064
8082
8087
8090
8121
8122
8151
8175
8180
8185
8195
8235
8254
8286
8306
8307
8312
8373
8380
8425
8427
8432
8467
8487
8502
8508
8510
8538
8583
8646
8667
8675
8696
8702
8705
8717
8723
8768
8805
8828
8872
8897
8910
8941
8971
8975
8979
9020
9061
9067
9069
9087
9102
9129
9144
9192
9206
9220
9236
9253
9268
9288
9302
9322
9325
9329
9362
9363
9373
9393
9423
9431
9465
9470
9501
9506
9562
9569
9571
9572
9577
9606
9618
9624
9674
9691
9700
9713
9724
9732
9768
9789
9801
9808
9809
9843
9854
9866
9917
9953
10025
10035
10080
10097
10107
10191
10215
10216
10229
10241
10264
10279
10314
10321
10347
10376
10396
10401
10403
10409
10426
10428
10431
10464
10471
10513
10523
10534
10647
10666
10667
10669
10684
10692
10707
10709
10715
10719
10799
10810
10843
10869
10870
10875
10880
10892
10949
10977
10990
11064
11078
11099
11111
11116
11171
11179
11222
11239
11241
11250
11297
11302
11306
11322
11352
11364
11375
11399
11432
11458
11461
11462
11501
11507
11568
11640
11675
11697
11719
11735
11757
11784
11786
11789
11791
11799
11813
11842
11843
11856
11863
11888
11895
11897
11918
11937
11986
12027
12080
12096
12097
12124
12129
12139
12151
12152
12159
12191
12217
12237
12246
12255
12262
12268
12316
12320
12357
12371
12386
12404
12449
12452
12513
12534
12544
12561
12581
12674
12677
12681
12695
12724
12728
12735
12741
12754
12768
12785
12798
12807
12815
12828
12888
12906
12922
12960
12985
12994
13043
13057
13083
13095
13142
13149
13177
13214
13223
13225
13227
13241
13257
13261
13265
13293
13308
13310
13316
13325
13345
13354
13369
13395
13397
13405
13464
13492
13501
13505
13541
13558
13563
13614
13658
13660
13682
13700
13701
13705
13751
13753
13759
13777
13780
13798
13804
13851
13867
13891
13936
13990
14003
14007
14055
14095
14101
14117
14118
14128
14139
14160
14233
14257
14291
14296
14352
14366
14379
14393
14396
14416
14421
14435
14442
14487
14502
14524
14536
14541
14576
14580
14650
14677
14680
14694
14758
14774
14783
14788
14808
14837
14878
14891
14908
14933
14943
14952
14994
15002
15025
15067
15090
15095
15113
15118
15135
15156
15206
15224
15248
15252
15272
15304
15387
15442
15484
15496
15503
15508
15515
15554
15565
15567
15582
15586
15589
15647
15658
15667
15701
15722
15742
15784
15795
15885
15933
15935
15936
15976
15984
15994
16030
16035
16049
16056
16058
16064
16073
16089
16104
16145
16152
16168
16204
16213
16220
16223
16227
16231
16254
16274
16283
16298
16322
16337
16353
16431
16445
16480
16482
16486
16506
16512
16515
16521
16561
16591
16620
16623
16638
16703
16716
16739
16760
16767
16789
16815
16818
16834
16836
16878
16958
16963
16983
16999
17000
17018
17041
17053
17059
17082
17084
17093
17111
17128
17145
17151
17159
17186
17187
17239
17260
17274
17287
17349
17350
17351
17369
17416
17425
17433
17508
17514
17523
17528
17532
17551
17557
17592
17595
17610
17667
17673
17710
17732
17781
17785
17787
17793
17795
17802
17808
17813
17823
17848
17860
17910
17911
17914
17932
17969
17990
18000
18003
18037
18075
18077
18168
18171
18209
18249
18276
18320
18339
18371
18402
18409
18448
18460
18472
18504
18529
18533
18571
18623
18629
18630
18663
18675
18681
18702
18703
18713
18730
18759
18769
18773
18776
18782
18791
18812
18889
18920
18925
19012
19015
19021
19038
19049
19054
19060
19064
19090
19107
19130
19167
19169
19194
19196
19197
19207
19225
19254
19261
19272
19281
19302
19310
19329
19330
19359
19366
19379
19425
19462
19467
19475
19478
19487
19500
19510
19517
19521
19563
19566
19611
19631
19635
19636
19663
19701
19737
19793
19818
19852
19870
19886
19911
19937
19955
20076
20090
20116
20165
20212
20216
20242
20259
20269
20284
20295
20302
20327
20370
20418
20422
20424
20455
20504
20509
20513
20560
20571
20587
20594
20605
20607
20619
20638
20640
20663
20676
20687
20748
20799
20807
20815
20833
20874
20881
20905
20912
20928
20940
20948
20957
20976
20999
21008
21052
21057
21078
21082
