12.39044
17.37739
18.84977
21.5732
24.47878
14.90195
20.73972
24.37903
13.27318
21.15761
25.51788
17.12783
16.03187
18.87269
21.51471
14.42218
18.64332
17.78481
14.63776
14.16123
20.23592
10.22647
7.760386
16.83427
22.23732
21.54637
20.39942
20.75397
15.1754
14.58813
15.75636
20.96502
13.2822
19.37191
13.09234
16.09666
15.04105
19.3443
18.31169
19.31259
21.49154
11.8151
27.13803
16.80178
30.73881
18.51236
35.84885
10.39096
19.24978
26.59013
14.97819
12.58904
23.90049
14.27682
25.49314
12.55141
-1.351639
-2.374106
6.669164
6.586617
5.884208
10.79931
6.788448
7.184724
10.42192
7.923038
6.686285
2.244829
2.41809
1.388484
12.57828
9.388309
4.446179
10.31286
4.347112
9.596422
13.08631
9.65122
1.440199
9.991029
11.2479
5.155341
13.04632
4.825458
10.88263
14.28653
4.718945
8.146852
13.83866
12.08617
4.321205
10.01385
14.5934
12.33801
12.69113
2.568855
11.57863
11.13074
4.512105
2.712199
10.92444
7.52716
3.624121
10.06316
14.78261
9.903219
15.03609
14.61056
8.654516
19.28484
1.751621
9.725883
1.320367
9.659513
11.02741
-0.3333196
11.15841
8.201718
9.698253
9.881057
10.1425
2.04181
5.501536
9.657207
1.825964
2.631698
3.472299
5.720745
8.505137
3.634556
14.51577
4.958995
8.77474
9.457148
3.871304
16.8104
6.828912
5.880476
10.77115
3.772069
7.354799
11.82739
6.986779
16.67937
11.48
-0.2270498
8.288341
5.182218
0.7104463
6.990451
5.190494
4.188071
8.461937
4.194448
4.927488
10.58952
9.5539
13.60864
13.1524
10.04032
6.821569
2.191566
7.049389
9.059425
11.6218
5.464275
16.98011
12.85127
19.87945
8.915918
14.31018
12.9937
15.4441
15.08171
3.666284
10.54091
2.987077
8.977952
4.515249
7.711483
9.873434
6.695315
11.26337
8.01448
5.593177
12.81585
12.12459
15.0641
6.731458
8.079469
3.824507
12.82799
6.403509
17.99036
15.15627
8.452402
6.440735
-1.351476
-2.518892
4.932516
11.83921
10.32175
5.343907
8.031393
12.68707
5.349144
9.185959
16.84722
6.407684
12.31045
4.43546
1.046371
9.361765
7.874682
11.66835
9.19965
3.446418
8.72611
4.401398
13.91046
7.009015
2.89719
9.221592
14.41417
5.976893
12.49277
4.628837
2.928075
5.688008
13.45011
10.72062
14.54582
14.1356
4.193965
-0.3022581
21.90012
12.93375
2.739566
13.18375
18.79371
7.463536
2.693022
10.43337
15.67585
13.19582
0.7170519
9.480795
14.07025
8.96206
18.74069
11.65076
3.205935
11.16769
16.25038
8.780416
6.08887
11.19515
4.504423
6.073214
16.983
5.995063
15.08028
14.23593
14.14177
10.84907
15.43328
19.31699
4.200853
13.98121
13.98444
10.24983
14.92437
6.024585
18.04571
20.95741
13.38173
14.94686
18.40306
13.29594
14.52788
3.953757
20.64092
11.14738
12.28518
10.18681
23.6313
11.00867
14.65137
17.42428
13.15947
13.92695
18.96552
17.79803
10.21076
10.70187
16.34539
11.32278
16.41541
4.753986
9.319021
6.993015
16.70335
21.83963
11.92254
6.819777
9.006978
10.30791
13.17011
19.01755
11.06565
10.96431
5.782062
15.18748
17.93907
14.45732
14.30439
7.257208
17.88881
11.63639
15.14511
8.879404
28.21799
7.397419
9.494681
6.533142
17.34583
21.58125
10.54149
11.48295
8.577978
14.76381
13.86114
12.31034
20.6201
7.40633
3.853939
17.94167
16.11125
12.19363
14.89698
10.14385
8.71932
12.63252
11.51813
7.51111
6.625137
7.164131
16.81785
11.66788
11.58214
20.06588
14.79902
14.84212
14.63141
17.53444
16.57899
17.92572
24.96094
16.02886
19.27123
10.92813
6.048483
17.04244
9.973787
16.71731
13.5197
20.91224
19.09596
21.71597
19.08959
21.53184
17.60548
15.0189
19.33109
8.861401
9.667016
13.99455
14.31171
6.595872
21.9656
16.22948
25.23292
15.68315
17.24103
21.03677
7.696753
2.797982
21.70106
9.555221
16.22019
20.65285
24.12049
18.34096
13.54388
25.40215
13.06324
8.872956
12.21113
10.9302
16.50476
10.75279
6.466642
18.35169
15.55045
17.34088
15.94976
21.94433
20.20257
13.98411
13.66675
9.951316
19.7522
11.63174
17.77031
12.40602
13.02455
12.3965
17.88042
9.038832
8.913042
7.886921
15.24454
11.37208
11.04081
6.814579
19.79598
12.64567
5.272002
12.24766
16.77053
12.60103
17.29302
11.59624
26.95204
12.68308
11.12433
22.43679
7.360107
18.93158
8.917134
19.69319
12.45039
20.36793
7.174404
21.26918
14.3988
15.9523
17.36058
12.4964
15.66821
19.67433
21.44879
14.66965
11.71255
17.01281
20.17531
23.73724
14.63392
16.74602
23.57853
22.52142
13.31913
16.50781
17.6803
11.32152
14.38672
28.19089
15.02244
17.55461
22.6388
23.33355
13.55197
30.39946
13.15922
14.3847
15.33874
20.76252
23.42332
24.83441
20.18372
14.65427
15.234
16.4408
18.18043
21.40858
15.69848
17.1709
19.3627
16.00461
10.32316
25.99089
20.23946
21.43717
21.34264
18.4038
18.16857
18.57129
20.16456
22.5389
15.01608
8.1071
19.30046
21.11977
18.28784
14.06018
21.15139
16.16314
19.53625
9.910622
15.93775
24.22053
9.235219
11.77366
22.92362
15.72875
16.33053
11.99427
16.04946
24.76262
15.84421
19.97487
27.53297
9.642462
27.21098
16.74167
19.62897
21.9152
17.21056
14.36614
20.46089
17.27858
10.46541
19.21406
21.04171
10.15871
32.58645
21.19967
24.49615
16.76914
23.43304
19.74631
12.50189
17.31829
10.02103
18.87894
22.75009
21.5654
30.03652
21.83616
15.36567
16.56076
16.08543
14.43108
18.7678
16.16526
16.57753
14.58423
26.45244
21.51265
23.18887
10.82798
16.30904
17.20822
17.05247
13.59408
15.54073
17.20498
21.66269
18.64156
28.59359
15.78103
13.67805
16.34753
25.25301
17.45637
21.02371
32.66192
22.36887
14.28794
23.83266
24.86114
28.03075
16.92275
14.19757
16.89071
20.1305
10.16335
22.32002
17.11266
20.59921
19.85097
13.89632
18.69431
12.88775
18.21812
19.14637
25.70158
15.72211
17.88458
13.22807
15.26647
22.46219
13.61052
24.55431
19.64431
13.41539
23.60355
16.0298
26.45531
18.26515
13.39892
22.32805
20.79737
22.73291
22.01646
16.6559
24.7466
17.81939
22.71816
24.38605
26.08167
19.12377
16.6892
18.70577
17.31872
22.13443
20.93645
24.3577
26.17972
17.75544
14.9829
25.1088
19.81027
17.37659
24.15739
14.55103
15.32322
24.04515
27.67013
12.73311
22.23431
18.35342
19.05429
21.1604
21.74246
24.38043
12.35221
24.97868
25.25235
25.78981
18.7799
25.12961
27.77595
22.65071
28.71163
16.68539
20.47626
19.61737
21.85828
25.12525
22.13272
20.53583
29.28124
29.13225
30.02208
23.71143
28.1646
28.76239
27.09544
30.03682
28.74988
23.38912
21.05926
26.19595
19.46329
26.553
14.35284
26.32754
15.15476
15.50269
19.82372
34.13344
23.77717
23.78003
17.65967
28.70409
16.70195
31.83317
23.43349
17.62538
24.81736
16.06884
26.68006
20.54049
25.3065
22.73677
22.39197
22.31016
32.34676
28.77634
22.18143
22.86904
19.02861
17.62765
24.21055
20.34415
23.94129
21.97533
18.36913
23.36409
25.7177
26.82711
12.13515
34.08332
21.34039
23.44071
28.72831
22.70804
16.32972
29.75727
25.0081
21.42305
31.33294
19.8443
29.87722
31.06939
23.88892
26.51097
23.83261
19.17186
25.16549
27.13433
28.58121
23.30114
18.18648
25.45526
18.84303
20.82548
32.33006
27.70762
24.74526
25.6294
27.91819
19.81048
23.73063
18.79011
25.09077
21.19535
27.72303
22.44208
23.75977
23.68086
23.77797
25.95927
31.91011
34.2602
33.73365
32.53688
29.81766
25.79964
32.5256
26.28652
25.59319
30.06443
20.77832
24.14848
29.92338
21.83947
26.83007
27.197
28.99682
27.47993
25.27173
30.52309
24.69272
26.45278
22.50336
27.39074
25.37172
29.92827
24.93772
23.61087
32.05216
22.3403
31.2183
26.19394
22.66779
11.21644
27.62391
34.2775
25.5668
25.35866
26.85855
28.04732
33.36305
29.66856
20.06018
35.52994
35.34783
30.25228
28.54209
26.51332
22.66
23.05988
28.77433
28.49075
21.55204
22.41043
17.89868
28.53231
37.48653
27.7715
21.34795
39.41777
18.58561
29.41152
23.73749
32.63497
24.22556
30.51808
25.92472
27.19657
27.93358
28.41806
26.68712
22.88791
28.08887
34.90197
27.84775
24.39222
25.15848
25.81022
24.53042
26.71956
27.67049
23.31688
33.8775
24.21141
20.95121
28.35195
30.37719
27.61732
21.38364
30.24413
28.02689
27.12865
16.52081
21.78925
31.05478
32.72254
20.75414
27.25495
26.47154
28.68714
24.69935
33.50936
20.58571
27.90619
35.09056
33.54393
29.99773
26.36547
28.34656
32.01061
33.68859
35.46638
27.29068
34.59696
32.16944
25.62384
28.34851
23.6029
37.31683
35.28541
27.03445
32.44545
30.68564
26.33703
27.43092
26.49951
24.45943
32.50497
20.81199
28.97166
34.51336
23.64034
27.01979
28.09814
34.84664
27.53035
33.15782
23.27625
21.14984
29.32352
36.24169
27.28615
20.28149
28.37511
26.39972
27.69163
31.01496
30.65948
31.15907
31.84419
25.8956
35.26661
27.85761
24.77081
34.23784
33.20916
35.49625
34.38393
22.5107
34.46632
30.66946
29.80102
29.50449
27.56218
16.61928
23.79983
24.98411
19.60932
34.89881
31.87947
32.09946
32.90625
22.89375
24.75763
34.32545
24.18173
28.00945
27.26951
27.07212
23.00827
24.64995
31.6903
28.70738
26.8693
23.68508
35.6311
34.22011
26.52028
30.66102
28.27406
29.41197
26.8809
27.69375
24.43183
25.61374
22.66452
25.83381
22.70865
23.36387
27.9946
33.33756
36.67922
41.87984
36.10035
37.08075
27.77618
30.13523
28.60507
23.74081
28.02473
34.22765
34.1002
25.42986
27.41671
29.27178
31.56648
35.33975
40.13632
36.51943
29.4048
27.8331
29.19119
30.56689
30.89924
32.66049
36.74856
33.43143
27.90241
35.20657
36.08209
36.31976
35.82537
26.97655
39.43478
31.27482
34.22588
37.28653
32.63644
31.64256
34.44723
41.69682
29.7361
27.09012
33.12957
24.06086
34.99269
28.97038
29.18881
34.7893
22.47158
34.38902
37.0947
25.81758
33.95238
33.2359
33.54711
30.85627
40.64135
33.1737
33.6794
38.10555
25.20141
28.28128
32.14406
27.95876
34.55056
30.782
37.40387
32.85765
37.65212
26.41415
34.27527
38.04656
34.45564
32.29577
35.51092
38.18591
37.23349
34.98084
33.19652
24.87592
32.55935
33.36992
30.00456
23.07415
39.03155
34.44671
27.71617
31.35652
42.35302
24.06853
27.86115
36.83056
38.46991
28.43644
32.17327
35.37742
39.62196
27.69536
36.04047
39.82776
