0.3054386
-0.08317684
-0.2129923
8.436272
5.559717
-1.634104
9.141968
5.378661
1.225074
5.545887
6.588908
4.961347
1.810504
3.204622
2.594093
7.00052
4.24083
0.3409887
0.9142001
-1.241627
4.890468
-0.3706042
-4.780067
3.301763
0.2041902
1.773239
8.658154
6.661947
4.409775
2.38215
7.349589
10.11795
1.030416
6.369799
3.14451
1.120978
2.991274
9.212129
10.39083
0.5409627
6.382727
-1.814477
8.897984
0.8934164
6.176593
5.215634
15.42394
-3.383235
3.853148
6.875739
2.074308
1.624487
5.277654
0.3250516
10.531
-8.729196
-9.237715
-8.319211
-6.02078
-5.497043
-10.44291
-3.94398
-10.6125
-3.198139
-3.918978
-8.103268
-4.972901
-8.169335
-9.197102
-9.253209
-3.436799
-8.403509
-12.42223
-0.283715
-7.751957
-6.213693
-3.94957
-6.653616
-15.07493
-3.872035
-4.243481
-9.282527
-4.769177
-4.695112
-6.872138
-0.810909
-10.665
-11.77735
-3.543115
-2.075786
-2.391714
-3.461093
-1.734167
-5.867764
-6.405367
-5.926023
-1.396838
-1.253569
-7.45674
-9.728614
-3.739639
-6.035645
-10.4819
-5.736372
-3.809393
-4.234989
-7.673511
0.2491125
-4.073579
2.644781
-12.7598
-6.475865
-10.12122
-4.758711
-6.102483
-13.42449
-4.428569
-7.255101
-6.779933
0.2700412
-4.603727
-4.589731
-5.818118
-6.435248
-10.59489
-13.04192
-3.43729
-8.633477
-4.966533
-12.75402
1.625058
-12.04099
-7.838174
-4.134334
-10.77193
-2.723812
-3.237821
-7.026713
-4.948405
-9.36857
-10.19473
-5.234404
-6.427255
-2.279521
-5.528979
-7.901461
-5.949367
-7.549184
-15.96567
-7.072752
-7.914917
-11.08154
-7.646935
-7.270492
-10.76805
-2.239937
0.193857
-2.019324
-0.5776929
-2.697142
0.192524
-10.10487
-8.781579
-2.991108
-7.155687
-6.939933
-2.146431
-3.538711
2.239113
-5.104044
-4.641767
-0.02769736
-0.6141044
1.745055
-8.379408
-2.688968
-9.541102
-4.002819
-3.449849
-2.789845
-7.824499
-11.01295
-5.695669
-6.440706
-6.886431
-3.87731
-2.009885
-4.857432
-5.172987
-4.883794
-8.553672
0.9595133
-4.791533
-1.543929
-2.951992
2.633228
-10.07536
-13.75571
-9.163265
-11.40286
-5.492519
-4.679376
-10.10028
-8.868386
-0.6456774
-11.15069
-6.313538
-4.834966
-7.580166
-2.003101
-8.189967
-7.925223
-8.084945
-6.473655
-5.717241
-4.816808
-6.359343
-3.897986
-6.466597
-4.014112
-6.121774
-7.802866
-4.615279
-1.112397
-4.563361
-2.410681
-8.617235
-7.878117
-8.554271
-2.794601
-2.409798
-3.627546
-3.955916
-9.160101
-7.723313
2.753338
-0.2594955
-8.13452
-4.450582
1.687661
-6.375832
-5.260335
-3.602668
-3.147778
-4.461042
-7.708044
-1.902723
-2.519531
-7.284271
1.175737
-4.457899
-8.545395
-3.939365
-2.469043
-4.422192
-7.309692
-6.161022
-7.694186
-3.559931
-1.334873
-2.147393
-3.82075
-5.174535
-3.689315
-1.829175
-0.8139575
3.926334
-8.050303
-5.290457
-1.810684
-2.20194
-5.883468
-8.723726
6.759385
-0.9737179
-3.463968
-0.5843887
-0.4051273
-8.952586
-2.84629
-5.868987
1.629203
-3.891893
-7.280751
-3.229593
0.1290494
-3.475686
-2.689656
-4.759704
-3.114713
-0.1014308
0.1058273
-0.1336613
-6.339635
-3.420707
-5.424405
-2.725102
2.166754
-9.147655
-3.586955
-10.2762
1.772129
1.014151
-9.537727
-8.831786
-4.417434
-2.321786
-4.414992
2.266126
-9.902283
-1.820878
-9.233028
-0.9902403
-2.00696
-7.079354
-2.430278
-3.159996
-4.628824
-5.199251
0.8754825
-2.451254
2.421809
-10.89119
-6.924493
-6.522592
0.8274113
1.600206
-5.811358
-5.626617
-10.70441
0.1247804
-0.6995577
-3.056791
-2.387909
-3.076333
-0.07263453
-10.38117
0.2088337
-5.264252
-2.467696
-2.937735
-4.467413
3.144284
-5.886531
-4.928172
-2.880236
-1.98983
3.685061
-1.825352
-4.685203
0.9670741
-4.374275
-2.218109
1.389752
-1.8434
0.3909044
-5.314136
6.357344
-2.147737
-2.597251
-4.058194
-5.49546
2.171099
-5.117975
-6.730953
0.762835
0.201433
0.469131
3.219566
-0.6022513
3.480835
0.2984041
-1.742562
5.522411
-3.884113
-4.197507
2.3772
-2.746972
-5.981776
-0.6835393
-2.356245
4.655276
1.208398
-1.347874
4.78805
-5.870208
-6.368531
3.963557
-5.209372
-3.590855
-2.862615
4.260044
0.9695427
-1.098219
6.615341
-3.11229
-2.520862
-3.252539
-5.068016
-1.948688
-4.595892
-8.90839
0.7666997
-3.504489
0.8392191
-0.4128841
0.5672756
0.7208245
-6.190736
-1.663766
-10.00937
-3.838239
-3.46159
-2.039671
-2.356055
-6.072926
-3.352761
-1.909756
-1.648961
-4.866221
-6.482606
1.538127
-6.267772
-5.354311
-6.712037
-1.919744
-3.465699
-2.784747
-10.04163
-1.764202
-2.840556
0.2673389
-2.407676
5.080901
-7.87432
-0.5908394
1.720863
-6.29039
2.046234
-6.056192
-3.392709
-2.980295
0.9508242
-5.454214
5.336038
-3.208263
0.3469517
0.7024945
-3.995859
-4.840298
-0.2494969
-1.293472
-4.683573
-0.0752025
-1.899626
-3.827854
0.936518
-2.257284
-1.412044
6.733209
-0.8616737
-4.289417
-0.5728462
-3.254221
0.9538765
-3.847603
2.584778
1.413479
-2.224091
1.246435
0.7379855
-3.574585
5.597384
-2.122574
-5.338287
-3.734978
4.042947
1.026195
4.635456
1.262019
-0.3453929
-1.612705
-1.697127
-4.785921
2.873584
-0.5790417
-4.123439
1.518064
-0.5461159
-4.84867
1.210832
-0.1923633
4.263374
-0.8690585
-4.627055
0.5283374
1.476726
-1.766015
3.164683
-4.678827
-6.546877
1.594126
2.209812
4.076247
-3.434913
4.3353
-1.218938
-2.7639
-6.947001
-1.245055
1.846102
-9.259387
-5.202831
0.6324519
-2.214023
0.8477899
-4.154139
-0.8643144
2.127285
1.095023
-1.748257
4.244149
-4.368422
0.5061277
-2.774912
0.8646488
-0.2479987
-0.07985702
-0.6395304
1.871609
2.672239
-4.942495
-1.999131
3.477059
-7.281223
10.75778
-1.350723
6.989998
0.6139889
6.381029
-1.115361
-0.7411894
-1.01664
0.5484339
1.673886
5.432003
1.43557
9.641047
3.17818
-1.549092
-4.246585
-1.923428
-4.209387
-0.9621563
-3.103176
1.814816
-3.970042
4.224135
2.264303
-2.966035
-7.012899
-1.710014
-1.479722
1.222874
-2.44516
-0.901809
0.6149525
2.409596
4.301197
1.901201
-0.9574459
-5.50365
-0.2350572
1.996015
-2.701202
-2.906652
11.66097
4.159039
-2.098936
3.610578
5.536578
3.056842
4.269727
-1.580039
-0.5407651
1.095603
-3.736423
1.087271
-0.9497697
-2.286167
4.749499
-2.417299
-1.701102
-3.466757
-2.94072
-0.8659973
4.606838
-1.613788
-2.860523
-6.276024
-3.177769
4.108741
-5.35428
1.95185
4.751561
-2.571829
-1.665482
-2.289922
3.589217
1.70693
-5.131548
0.0487421
0.1798466
3.089937
-0.1686064
-6.278261
3.555025
-1.568449
5.884395
3.451661
7.551936
0.1088077
-1.38266
-1.478854
-2.478985
5.874013
2.560615
-0.7730736
2.670886
4.176396
-2.370509
3.356277
4.36843
-2.173087
2.501767
0.07612364
-3.152144
6.986703
10.02299
-4.632497
5.635069
-2.047814
-0.1664904
3.674373
1.026442
6.786508
-0.5244642
3.694356
6.880836
8.04883
-0.6065096
2.954172
8.538461
-1.055794
8.875624
-2.220989
-1.216205
-0.3704362
2.536042
8.029445
4.655186
0.103457
5.410664
4.032424
9.059121
-2.192686
5.149135
2.003198
7.89713
6.666961
6.684728
-1.073537
0.1197881
2.347734
3.404109
4.900433
-2.027883
2.51344
-3.61601
-1.90529
-2.3159
10.32788
2.853902
0.8830956
3.683171
7.317594
-0.3224886
5.211509
1.368261
1.94483
3.695458
1.878428
2.195352
-0.6796327
2.314656
0.8630063
0.05669241
5.511371
6.361129
5.395031
2.807684
1.372902
-2.648843
-4.046202
3.801982
-2.893231
0.5526993
-1.114902
-4.56486
4.808303
-0.5661857
5.446641
-1.944584
12.77771
-1.068411
6.485897
1.475843
-2.239582
-5.354343
2.822796
7.496174
2.526017
10.00887
1.167102
2.956743
6.80073
5.518459
-2.331936
3.3851
0.1793388
3.613542
7.60042
5.091813
1.581423
-0.1565664
1.79263
-1.197851
6.709026
9.043646
5.535891
3.707397
5.299471
6.535421
-0.8096237
0.8292393
1.091279
5.67364
0.1168137
5.767465
1.075574
2.996077
1.212333
4.53397
3.286557
9.747526
7.213438
6.69793
6.159323
5.655236
3.767179
9.606294
7.205732
6.090628
3.252067
1.153869
3.373642
8.746114
1.262249
3.864554
6.40114
8.306418
3.561925
3.517248
6.572267
5.437542
6.1744
2.43464
3.877848
-0.05123237
7.398587
3.616425
-1.153382
14.47946
-1.317399
4.496877
1.236277
3.853345
-4.640626
7.74515
13.41874
5.36589
4.024675
-0.5500156
7.396534
8.605893
4.042107
-3.909711
9.57549
11.056
4.667681
3.745376
6.079921
1.257522
1.999191
4.695158
3.857567
-0.8886287
0.4711707
3.191356
9.428806
12.01078
4.821426
-0.9386462
13.36132
-1.620288
10.84095
7.182908
7.584353
-0.05593442
6.679933
-0.2873842
6.294106
6.183222
4.202096
6.133795
8.181974
3.299798
5.427702
5.542202
1.738411
4.430348
5.101287
0.9076134
1.808861
4.032072
0.5871411
6.130882
3.796942
5.032811
7.587246
6.054605
9.206149
4.822293
4.567068
5.917364
6.771394
0.6707041
1.571411
7.354231
9.774012
1.066573
1.947919
9.316325
4.656962
1.214358
8.000167
-1.052602
4.894767
8.135445
5.943696
5.578149
4.992122
8.86213
4.158337
3.351818
10.91154
2.77993
5.774144
8.805001
5.36791
4.292617
-0.8549384
9.225987
11.06822
8.478621
6.713601
4.84897
6.088516
4.204262
5.335887
6.540804
11.72777
1.182454
4.745622
12.00869
5.727974
-0.7253248
2.849394
10.86247
9.670191
10.76606
3.099138
5.125682
7.165367
14.63943
1.108282
1.1322
8.277859
6.620223
3.083571
7.444372
8.327457
8.875582
10.37178
2.385588
10.61974
-0.2174669
2.295422
13.45286
8.966512
11.15892
6.52577
3.367536
9.004547
8.768895
9.237335
3.675675
5.760358
-1.692697
2.467073
1.609894
2.838052
5.775246
5.590095
6.576277
11.77941
2.780042
6.395386
7.751118
0.1846794
3.191241
7.986324
8.595413
2.542332
-0.2924084
6.186387
2.753313
5.502816
1.271109
15.8471
11.51858
3.450429
10.28949
7.160028
5.508145
10.40829
4.062855
2.225125
4.593426
0.5474
1.082211
3.25033
2.090597
10.42888
5.694904
13.8419
13.56878
9.725065
7.918451
7.454188
2.340384
5.701808
5.119496
4.111998
5.530911
11.04176
4.867723
2.505233
4.306339
10.96675
5.171793
10.18539
9.130847
5.439335
2.523265
5.753406
9.881625
8.795997
3.766662
12.76583
8.503944
5.161662
3.177538
9.094178
12.18585
14.62711
4.680234
14.729
9.123334
9.397054
7.046643
6.314209
5.534343
7.779074
13.55261
4.210818
6.059602
3.087908
5.404714
8.987271
7.927145
8.32887
10.14051
6.263028
6.987303
9.68236
6.267719
9.387827
9.793143
9.00729
10.99889
12.6595
6.534971
12.80839
10.4034
5.656232
8.539587
10.24836
4.839624
10.96178
10.07851
10.70014
15.28822
14.29542
6.419967
12.05718
7.859677
3.33741
2.328067
8.785595
11.34645
10.27716
8.239478
5.873321
2.171752
3.047646
7.420302
8.005733
2.609842
9.496662
5.049035
2.863966
9.48866
12.76842
1.585549
4.226557
6.049381
10.6029
7.139081
11.31388
9.875201
13.07234
3.937868
9.382722
10.86362
