20.98456
13.62339
22.9402
23.42299
26.29819
17.75043
20.52839
30.83127
1.311117
19.46157
18.98121
15.10578
18.7549
12.2551
22.39624
20.76812
23.71979
22.74727
4.255589
22.64746
18.2393
5.069554
5.254596
19.89641
29.44695
20.55145
23.40421
18.69247
11.20041
17.42624
9.04274
23.6469
4.514462
21.30443
13.26032
16.22141
16.7201
17.7381
17.55295
22.03067
29.76925
12.64023
10.46794
17.52036
34.66836
20.62506
33.73893
8.340499
11.42595
27.75577
18.49323
6.49175
23.82618
2.284284
26.96449
13.64624
2.414959
-2.417447
1.473349
11.23119
9.854174
15.62263
9.051665
3.433102
11.24075
14.24453
11.67481
1.837602
-3.719879
-2.503792
24.78689
6.079105
1.040304
8.066933
13.26557
17.34117
7.993723
2.133115
-5.37615
4.353638
7.657208
-3.345742
17.97423
5.33596
6.188915
19.86221
4.423618
13.74833
15.32787
19.80407
-3.440321
5.539188
10.85395
13.14482
16.33826
-7.467613
17.19289
7.502601
3.109735
1.334776
12.37218
12.62171
9.189936
8.47299
12.07335
24.51826
9.747174
19.76311
17.80616
21.87483
-0.3914634
14.91475
0.1732478
2.891309
3.831682
-1.943335
10.78863
7.594308
3.405794
9.883487
6.77013
8.521029
19.60022
3.764881
3.777862
-0.7354336
5.9689
1.849396
8.876402
-3.279461
13.27442
-8.369062
7.575273
12.7766
-1.881948
17.20665
16.52017
4.586536
15.40272
-3.579376
4.885976
17.69279
7.860592
13.78047
18.43117
-12.23659
9.494046
4.938217
6.484764
-0.3028825
-0.4529043
10.12115
11.43895
5.795537
12.86
11.53059
5.362255
23.30568
15.33564
12.86528
13.22228
2.060039
0.5670132
-2.096966
13.22301
10.10555
12.18749
13.84161
19.27648
4.723574
20.05746
-0.8866625
6.252432
13.87467
8.763405
11.24459
7.26076
8.738894
2.401945
9.908572
11.66062
12.62097
19.69725
14.17652
5.826017
9.998885
10.93036
5.868436
4.2408
15.02522
5.326186
8.567253
8.449182
19.34962
8.031681
8.895993
-1.545487
-7.645128
-13.65953
-3.842917
13.61026
12.30424
3.321947
-0.8398125
10.15224
8.017976
4.227712
16.63912
5.271183
10.20262
-0.2394925
-7.633513
17.65705
7.562905
17.27175
14.84386
4.755305
5.075844
9.26771
20.24318
12.46298
-1.012154
7.399656
16.01591
9.324253
16.03633
0.09391116
-2.945689
-1.333268
17.18006
13.60485
9.691561
10.97474
3.231182
5.179867
15.83714
14.98385
4.622343
13.48667
12.19881
2.206417
7.116787
-1.561125
10.0962
11.53301
7.004039
10.16401
22.87064
7.939874
16.06509
19.59262
5.229441
11.71945
25.98147
10.85361
14.11768
15.48642
3.717593
7.798342
19.28071
5.631263
9.156173
9.585259
20.53785
16.48381
12.89706
28.53089
8.35582
20.02428
20.30413
8.331797
10.39226
7.208993
8.353874
13.33624
12.1764
23.64782
18.46329
7.751743
21.19309
4.092789
20.55101
16.92559
14.42001
11.36273
26.17936
20.01298
15.74982
17.54819
17.05202
14.32191
15.24694
20.50555
15.08396
12.76081
13.11591
16.73176
17.39949
5.524859
3.762984
12.1536
16.62764
30.61663
13.13623
8.45875
10.2946
14.90043
13.18203
26.34533
10.43724
9.451978
3.402706
13.79047
22.85359
4.459765
10.26443
14.6974
22.19474
7.940591
14.0676
10.88656
26.91023
4.773281
14.90535
2.146124
16.68628
9.818912
20.64065
3.152929
9.996197
8.347705
18.35072
8.232039
16.65467
6.444606
2.193196
25.21007
17.39674
4.122277
6.311863
15.88478
5.748772
17.22169
16.02715
9.579593
22.59404
-2.655957
14.97614
7.558477
17.32619
19.18491
17.23723
12.38703
16.9579
21.85212
20.959
26.36611
21.99278
12.97553
20.59892
19.11924
6.057014
18.99388
16.09652
11.71396
27.25513
27.42316
16.0277
21.00205
32.08568
26.10905
12.4701
17.61603
14.21779
3.333852
4.020184
8.97864
9.834488
9.940721
21.19993
11.38208
28.76803
20.9095
19.38953
15.41876
-5.626367
10.85814
24.38569
4.641893
23.91357
15.61397
18.53961
19.8838
20.60944
15.67437
18.0149
11.26923
6.529745
4.006134
17.89827
12.10625
14.51288
14.8606
14.37682
13.62362
18.33332
23.85297
17.36073
10.13751
13.5229
10.55824
22.36118
11.95113
20.57246
13.1483
7.963673
15.71891
13.4
3.264003
13.28846
0.1876741
14.48118
12.62816
9.929211
7.032794
9.352809
10.21118
1.291064
13.42755
32.33332
13.06892
28.28424
-1.856813
28.73059
13.13187
10.03141
15.44014
15.24861
13.74152
9.251544
20.08623
21.10329
18.1674
3.561792
20.63749
10.43665
13.81832
21.75898
10.77837
24.28749
19.76854
25.80496
16.35995
13.68749
16.6615
18.4752
19.88636
8.386877
28.29222
17.124
12.43721
7.561308
13.92192
16.40042
13.05655
11.03835
28.22199
23.32721
20.7684
18.24947
22.21584
13.88053
32.21741
16.0265
19.82256
7.471297
18.27509
22.28365
31.79407
18.78012
18.2047
18.58342
16.64605
25.2179
30.78741
11.67872
16.38329
27.52179
14.79798
15.03642
25.69725
18.65379
30.56775
18.32626
15.36121
15.45167
21.33877
21.68095
24.11739
16.30304
3.806167
24.44776
33.31328
25.67195
15.26633
17.15472
17.27374
18.3539
2.132835
21.97313
28.78598
6.130638
3.803038
23.44177
15.38471
11.35206
14.73018
18.93683
33.54716
22.34142
18.68464
26.82963
4.426615
26.97727
15.97001
25.64327
21.13635
11.13572
11.78013
21.36596
16.11135
11.76458
9.139764
21.38156
10.67726
35.25015
25.84692
29.56408
16.41338
24.53986
15.62443
16.89721
17.17818
14.24645
16.49748
19.88027
23.53359
32.52162
20.01388
20.96719
21.13714
17.6445
12.88167
21.62612
22.80122
18.2744
12.15667
27.11105
11.60185
28.02557
18.22698
16.22543
17.58584
13.90485
8.922472
20.98548
14.08642
26.22587
8.592433
34.85736
12.30568
11.8801
17.099
32.34081
15.93698
24.29749
27.94616
18.37969
6.070942
20.5587
30.92627
29.67623
10.277
15.188
14.71165
29.6508
10.81244
20.30273
14.35889
15.21978
21.01273
15.52085
28.32621
3.768208
27.25963
13.44882
25.46555
14.24115
19.86043
13.65363
20.43399
16.56908
18.69959
20.38365
19.14136
15.97097
24.06476
10.44137
31.68684
21.83946
14.29291
15.96515
21.17993
23.43444
20.4659
20.49981
20.4947
19.2951
30.55468
29.08224
19.48767
20.42861
15.34199
15.7954
11.16952
21.45594
26.15793
21.59466
21.64885
23.32209
3.947473
19.20713
24.84785
11.35494
24.01725
11.63392
15.00824
20.53117
23.47811
16.28773
22.1095
19.27561
13.45629
23.15937
16.9774
23.78725
15.7179
24.63793
23.98515
27.7178
16.32505
20.07761
26.45457
27.99882
31.37794
17.98945
18.39985
16.18853
26.39589
31.52448
28.16487
19.48336
24.63176
35.83222
28.19905
26.28551
33.32092
24.55389
24.50338
26.96497
27.92842
27.78182
32.03224
21.57827
22.17335
26.01279
17.89799
18.19657
16.33026
22.10769
19.73804
36.68204
30.1823
30.67011
17.02095
22.87446
14.35143
34.79773
24.85219
18.8832
27.7396
12.56251
27.91412
13.60026
19.42835
21.94175
21.08552
19.13089
24.05063
29.39564
15.91033
28.69583
21.74356
7.252031
24.16261
17.01566
28.68769
17.66057
22.19824
34.46143
36.88282
28.14774
10.424
47.68389
26.219
21.10524
29.8296
21.86002
13.19045
39.32629
31.5199
20.97509
33.12929
20.50606
40.89521
36.67118
14.21887
29.91899
35.78468
21.22355
30.0141
33.83289
33.02579
21.14604
20.81298
30.10294
15.33431
15.73225
30.27909
28.36251
17.93546
24.32853
25.81364
22.27027
17.86173
19.88649
20.69528
24.25316
24.23805
23.14083
30.90057
18.20394
15.6711
25.94237
30.8455
28.1163
30.98166
32.66294
28.46226
30.66892
24.94979
30.73568
24.90105
26.70148
18.98164
13.96929
24.81174
17.0171
32.88239
26.03306
20.92223
39.21636
26.57935
30.91777
17.33488
17.63379
21.64111
29.76105
26.42002
28.9739
29.0453
19.1407
27.678
17.42232
34.35837
20.20842
18.28503
11.02546
29.67962
34.48878
24.278
32.44294
34.96584
25.56762
38.07219
35.08034
12.77777
34.60248
40.68761
36.57485
31.2627
33.05031
27.21197
20.42151
25.25312
27.52544
14.41198
17.16364
13.98172
27.227
41.92921
39.60497
19.7549
41.85129
15.28058
27.83311
31.45864
28.22191
17.00443
26.42918
33.31169
20.50874
30.02844
26.31958
22.3792
20.15343
26.79234
28.81956
32.10289
21.30168
16.77489
27.07064
31.4309
18.89921
41.4319
13.35844
35.72815
25.79492
23.16072
40.40756
32.95397
28.48878
30.97546
30.40927
36.74921
26.8664
18.76364
18.76257
28.86288
24.86356
17.01783
24.47186
23.24235
34.66916
24.15922
36.80725
20.26774
24.3228
36.0586
31.13745
30.59634
23.92655
35.99163
36.38519
41.43532
41.56462
27.50073
40.22307
26.11695
27.59572
30.02268
28.57234
46.47732
27.88737
27.54544
31.2559
30.5057
23.50133
25.35613
24.8688
21.65609
34.60241
24.26227
28.53478
31.38315
28.69642
31.00984
33.9186
38.35502
26.4458
20.42531
22.74934
23.70768
32.24737
39.31018
33.51942
13.47658
26.34672
29.71057
16.2543
30.93204
27.02833
20.1435
28.91684
25.00138
35.3291
41.05118
30.95592
40.81129
35.2178
42.63826
36.60078
20.8859
41.17889
27.53866
34.97141
31.17851
23.51539
21.59707
15.09891
29.39351
18.04882
32.18173
42.66499
36.35702
22.90803
22.48214
25.47701
39.79913
21.81022
31.06726
24.96632
26.74927
17.293
28.47114
23.09358
25.59304
38.50463
33.40615
30.89969
47.81337
31.2707
33.80322
31.01813
14.10649
28.1137
33.08228
18.03198
26.72152
20.19515
19.42246
29.35546
31.39904
33.28412
29.07833
32.64979
44.92783
33.24735
42.11019
24.46124
22.82562
28.64909
20.66689
30.20468
37.06209
34.67214
29.88262
23.96269
33.65663
31.72594
31.56121
45.24631
41.61483
28.15885
31.08841
24.52977
35.0017
34.98709
29.63984
43.50876
23.70816
31.98848
29.02036
40.09852
29.19195
41.53029
28.87148
40.73042
24.57745
28.61578
37.74702
30.23781
30.82373
30.89754
43.76179
28.58883
25.56738
23.54417
24.50628
22.86662
20.66997
24.51834
39.4025
22.02051
30.06844
30.09503
26.24602
30.2195
34.56385
30.96618
28.58804
33.95596
31.61162
29.91665
43.09927
15.29364
24.72771
40.10301
41.27562
34.25438
31.38449
42.18496
27.81493
38.32115
21.55016
37.4033
25.8065
31.41793
29.72031
39.47843
42.46854
34.46783
41.75478
38.59347
28.60987
27.24775
32.97203
39.04676
17.61845
40.67627
43.20309
23.94179
25.97742
40.89216
31.39226
27.87057
28.73057
33.31679
25.23055
37.82484
40.49643
42.61967
29.54836
44.76202
38.68444
