8.899559999999997
-3.8371700000000004
3.87744
10.286059999999999
7.37913
1.214380000000002
8.930640000000002
11.8309
-10.736983
3.849849999999998
0.052240000000001174
2.9392999999999994
4.533529999999999
-3.4129699999999996
3.475629999999999
13.346461
9.3173
5.3034500000000016
-9.467971000000002
7.244609999999998
2.8938500000000005
-5.527526
-7.285854
6.363899999999999
7.413820000000001
0.7783200000000008
11.662939999999999
4.60045
0.43477999999999994
5.22025
0.6359689999999993
12.799829999999998
-7.737318
8.30232
3.312494000000001
1.2457199999999986
4.6703199999999985
7.605929999999999
9.632090999999999
3.259050000000002
14.66044
-0.9893399999999986
-7.7721
1.6119900000000005
10.10614
7.328330000000001
13.314020000000003
-5.433691000000001
-3.9706799999999998
8.041379999999997
5.58934
-4.472799999999999
5.203340000000001
-11.667486
12.002350000000002
-7.634359999999999
-5.471117
-8.362552
-11.216591
-0.8524700000000003
-6.472936000000001
0.8793399999999991
-8.349285000000002
-6.949758000000001
-3.1001499999999993
-1.7817799999999995
0.01562000000000019
-8.576558
-15.335069
-13.145482000000001
8.771809999999999
-11.712715000000001
-15.828106000000002
-2.5296369999999992
1.166500000000001
1.5310500000000022
-9.042157
-14.171724999999999
-21.89127
-9.509422
-7.834172
-17.783612
0.15872999999999848
-4.184609999999999
-11.565855
4.76477
-10.960322000000001
-6.175879999999999
-2.0538999999999987
5.642109999999999
-10.15324
-7.935752
-5.473620000000002
-5.0609600000000015
-2.7582400000000007
-15.962491
4.217419999999999
-4.881708999999999
-8.859115
-11.106034000000001
-2.2919
-0.9411000000000005
-4.916084
-7.326540000000001
-6.518649999999999
10.38005
-12.962425999999999
5.401670000000001
5.078059999999999
5.234770000000001
-14.902883399999999
-1.2870000000000008
-11.2683422
-11.526911
-13.298217999999999
-15.034505
-4.798350000000001
-7.862512000000001
-13.072396000000001
0.2724720000000005
-7.976100000000001
1.889488
8.28057
-12.327579
-8.642987999999999
-16.4090436
-0.9406890000000008
-12.504824
-4.595267999999999
-19.668041000000002
0.3837099999999989
-25.369042
-9.037637
-0.8148800000000005
-16.525178
-2.327560000000002
6.4534400000000005
-8.320654000000001
-0.3168399999999991
-16.720016
-12.663554000000001
0.6310000000000002
-5.553438000000001
-5.178420000000001
1.4221900000000005
-19.911002
-4.743663999999999
-7.793183000000001
-10.191356
-14.366082500000001
-13.5583143
-5.14847
-4.669919999999999
-5.669403
-2.83554
-1.298869999999999
-3.997787999999999
7.677709999999999
1.6055499999999991
0.12781999999999982
6.593235
-10.236401
-15.2639568
-14.147496
-5.55448
-2.2986600000000017
-6.939049999999998
-2.548370000000002
1.636140000000001
-9.296385999999998
1.1055199999999985
-13.9080625
-9.805778
0.5380099999999999
-3.282285
-1.985289999999999
-5.26742
-4.2418759999999995
-5.563153
-0.5927579999999999
-6.03731
-5.087289999999999
2.738220000000002
-0.27867
-6.653592999999999
-6.694274999999999
-3.20411
-14.053104000000001
-7.663639999999999
2.061959999999999
-7.0519940000000005
-3.301227000000001
-2.745858
-0.184669999999997
-10.076579
3.0768190000000004
-18.061577
-20.049357999999998
-20.303903
-20.178297
-3.72147
-2.69689
-12.122243000000001
-17.7395925
-3.1804999999999986
-8.481863999999998
-11.271787999999999
-5.04307
-8.716667000000001
-4.11093
-12.8649225
-16.605107
0.2103400000000022
-6.7854350000000005
-0.11383999999999972
0.827399999999999
-5.0504560000000005
-7.548256
-1.600290000000001
2.3186099999999996
-0.6678099999999993
-11.712214000000001
-6.437213999999999
0.4893400000000021
-1.2159969999999998
1.13288
-13.15215884
-13.751879
-15.575548
0.9353499999999997
0.4744299999999999
-8.481798999999999
-7.1167799999999986
-10.122888
-2.241188
-3.30964
1.7905999999999995
-6.251747000000001
-4.147659999999998
-4.90724
-11.632953
-0.8365689999999999
-15.597165
-8.727419999999999
-6.123850000000001
-1.4210570000000002
-1.2195100000000014
6.280850000000001
-8.306456
-1.4998599999999982
3.4839599999999997
-6.521889
-3.387599999999999
7.262050000000002
-2.349
0.7191200000000002
-1.869749999999998
-8.481017000000001
-1.8348030000000008
0.9628399999999999
-2.5111940000000006
-9.744856999999998
-9.825211
2.706759999999999
3.8055699999999977
-3.3501800000000017
13.140239999999999
-3.895340000000001
0.7526100000000007
4.509
-4.119973
-10.415579999999999
-7.539317
-2.9324460000000006
-8.59489
-4.669300000000002
8.11657
-0.3448899999999995
-14.496776999999998
3.818920000000002
-5.729955
1.5392900000000012
1.8863199999999996
-5.145920000000002
-2.05368
2.677109999999999
5.528619999999998
-1.5912100000000002
-4.6357899999999965
0.7778399999999976
0.2935300000000005
-3.61275
2.57386
-1.4664400000000004
-1.3617600000000003
-8.653880000000001
2.683880000000002
3.150830000000001
-8.376781000000001
-9.142996
-5.11561
1.6964199999999998
9.791150000000002
-8.324040000000002
-7.19281
-3.129809999999999
2.2707300000000004
-4.403080000000001
9.593900000000001
-10.53069
-3.3332119999999996
-11.612384
-2.3872500000000016
2.90756
-17.076915
-6.47024
4.280200000000001
-0.322890000000001
-8.895049
-0.20202999999999882
-0.4441000000000006
1.1140499999999989
-13.515328999999998
-1.5138200000000008
-10.909606
0.167860000000001
-10.162138
4.287800000000001
-13.956641000000001
-9.286192999999999
-6.2913250000000005
3.7900199999999984
-7.135090999999999
-6.353339999999999
-4.038053999999999
-1.733378
-3.1127699999999976
1.4943200000000019
-13.335602999999999
-11.052817000000001
2.803189999999999
-7.437958000000001
7.7334559999999986
-1.3775200000000005
-2.859687000000001
13.088667
-11.809918
1.8433499999999992
-5.934753000000001
1.05884
0.08610999999999791
-1.9360700000000008
-4.673200000000001
3.716239999999999
2.4742800000000003
4.770910000000001
3.1262599999999985
3.3891799999999996
-5.201070000000001
-1.269560000000002
4.132910000000001
-5.4869259999999995
4.122540000000001
1.004760000000001
-11.734300000000001
14.498260000000002
6.71236
-2.599119999999999
2.5056399999999996
12.393840000000004
8.058039999999998
-4.836979999999999
0.8545699999999989
0.4091100000000001
-9.411658
-9.844336
-2.6387099999999997
-7.224191999999999
-2.6369290000000003
-1.4492100000000008
-7.203639999999998
8.190380000000001
6.434750000000001
0.8006300000000017
-0.829959999999998
-19.193327
1.6916260000000012
6.64819
-10.122697
4.102519999999998
-7.901490000000001
-1.3208400000000005
2.51239
5.96734
-3.1124399999999994
1.8393700000000024
-0.12458999999999953
-8.933925
-11.992086
-0.55518
-3.2424300000000006
-0.8621500000000015
-2.7243900000000014
-4.678109999999998
-2.8780400000000004
1.970670000000002
2.475909999999999
-2.1210099999999983
-10.037339999999999
-1.80762
-9.40244
-1.22926
-3.1422000000000008
0.76248
-1.6137799999999984
-11.133797000000001
-0.03035000000000032
-6.390179999999999
-7.423786999999999
-0.4908000000000001
-14.181855899999999
0.7747700000000002
-5.01169
-6.465908999999998
-6.493825999999999
-12.362921
-5.90019
-6.7656849999999995
-8.861740000000001
13.79859
-2.3726699999999994
11.25856
-15.860733000000002
6.859449999999999
-7.425530000000002
-1.6837600000000013
-5.275780000000001
1.5981100000000001
-3.1438299999999995
-5.721786
-2.9996699999999983
5.672610000000001
-1.2497100000000003
-9.066828
4.70435
-7.17042
-1.7870299999999997
5.10089
-5.713879999999998
3.778979999999997
-0.15527999999999764
3.0626999999999995
-2.993269999999999
1.8997399999999995
-2.25094
-5.52796
-2.9143599999999985
-8.504323000000001
10.134160000000001
0.2786799999999978
-10.945889999999999
-10.047232000000001
-3.1587400000000017
-4.534109999999998
2.6889000000000003
-7.195970000000001
2.6158800000000006
9.718250000000001
0.9896999999999991
-3.142900000000001
-0.37971999999999895
-3.246030000000001
7.415330000000001
0.7446999999999981
0.09956999999999994
-11.602423000000002
1.5555199999999978
-0.11346999999999952
11.595110000000002
-0.14158000000000115
3.2050399999999986
1.7367099999999986
-1.4918800000000019
2.2515399999999985
12.252410000000001
-4.5988099999999985
-4.9110499999999995
9.67716
-1.7527500000000007
-0.13541000000000025
0.9171900000000015
-1.7780400000000007
13.39396
-3.885439999999999
-7.669640000000001
-2.188559999999999
4.244209999999999
-0.24962000000000018
4.743179999999999
-3.391870000000001
-10.847813
6.741419999999998
14.403319999999997
11.460349999999998
-2.228770000000001
0.338630000000002
-0.10833999999999833
-3.946249999999999
-14.724785
4.790330000000001
6.411549999999998
-12.363972
-13.173451999999997
1.1506000000000007
-2.5580599999999993
-4.13068
-1.4182299999999977
2.0230500000000013
10.911819999999999
7.592229999999999
-3.0384899999999995
3.5408100000000005
-9.584265
0.27242000000000033
-3.546570000000001
6.87895
-1.02684
-6.154700000000002
-3.2255400000000005
2.7766800000000025
1.5050100000000022
-3.6433199999999992
-12.073426000000001
3.8169000000000004
-6.76268
13.421479999999999
3.2965300000000006
12.057929999999999
0.25823000000000107
7.487850000000002
-5.23724
3.6541300000000003
-1.1567499999999988
4.773850999999999
-0.7075700000000005
2.562190000000001
3.403760000000002
12.126149999999999
1.3559000000000019
4.0524299999999975
0.32979999999999876
-0.3643599999999978
-5.758800000000001
1.8961600000000018
3.5327800000000025
3.5116899999999998
-6.397599999999999
4.882739999999998
-7.646489999999998
1.870669999999997
0.38610000000000255
-1.7936300000000003
-1.1021
-1.9247499999999995
-7.116767999999999
4.542939999999998
-2.5035999999999987
6.97278
-5.747927000000001
8.16497
-4.4327999999999985
-7.301599999999999
0.5164100000000005
9.083809999999996
-4.22059
0.3671199999999999
6.945209999999999
0.1698599999999999
-10.315938000000003
0.33662000000000347
11.601709999999997
4.70232
-2.37603
-0.5896099999999986
-2.71983
10.61591
-3.0873399999999993
-0.930019999999999
-3.7035399999999985
-7.665600000000001
5.91126
-0.7927700000000009
7.930800000000001
-12.586302000000002
6.10078
-6.563550000000001
4.370799999999999
-3.0947499999999994
-0.8846699999999998
-5.850460000000002
1.9897500000000008
-1.7843699999999991
-0.2652099999999997
-2.2188100000000013
4.248609999999999
-0.016250000000001208
-1.2042800000000007
-7.878350000000001
8.82075
5.28124
-4.237560000000002
-6.314159999999999
0.5624000000000002
3.7914700000000003
-1.7191599999999987
-2.4343499999999985
-0.6968799999999966
-0.09273999999999916
13.72091
8.147849999999998
0.9579300000000011
1.4136500000000005
-2.729870000000002
-4.389219999999998
-8.628189999999998
5.195519999999998
7.78209
-3.536109999999997
-1.8599800000000002
9.743039999999999
-13.405937
-2.545390000000001
9.406010000000002
-8.19474
2.3616300000000017
-2.8409899999999997
-3.4671199999999978
3.472719999999999
5.830970000000001
-1.0778800000000004
5.510259999999999
-1.125630000000001
-5.764490000000002
5.67334
-3.7386100000000013
6.19333
2.8412299999999995
3.3536099999999998
5.61364
9.97682
-3.0613600000000005
-2.0978299999999983
7.217079999999999
4.29232
11.54194
-0.9169299999999971
-3.29261
-3.7992799999999995
7.073650000000001
14.42867
10.687339999999999
-0.9490099999999977
0.7611899999999991
10.732399999999998
7.236090000000001
0.3813899999999997
10.30546
-2.205300000000001
5.305070000000001
3.595110000000002
5.86327
3.3191699999999997
11.092770000000002
-2.2699500000000015
6.114169999999998
4.360219999999998
1.51727
-5.617529999999999
-2.4405099999999997
4.699710000000003
-2.401579999999999
12.87649
9.259040000000002
7.77317
3.0444499999999994
1.4879599999999975
-2.673009999999998
8.176070000000003
2.7869600000000005
3.2026499999999984
6.617699999999999
-1.6279000000000003
3.4294100000000007
-7.619860000000001
-3.5634900000000016
0.06798999999999822
-1.249760000000002
2.3321000000000005
-1.9349999999999987
6.014340000000001
-3.4634100000000014
7.19969
0.06610999999999834
-14.421819000000003
3.75404
-6.221720000000001
5.299099999999999
-5.4296700000000016
-0.735750000000003
15.905650000000001
10.598940000000002
6.76727
-3.65573
26.378279999999997
3.810200000000002
4.15043
2.5771300000000004
-3.087600000000002
-8.493609999999999
12.39181
14.00798
2.078050000000001
11.805209999999999
1.8288600000000024
13.974739999999997
12.402519999999999
-4.151590000000001
1.0760900000000007
15.33717
2.2310300000000005
8.462149999999998
14.29898
9.5364
-0.5736799999999995
2.469940000000001
6.44031
-4.706570000000001
1.6157900000000005
6.99268
6.19078
-3.1024100000000026
3.9986099999999993
4.430869999999999
1.6501699999999992
-5.039659999999998
2.1876599999999975
1.2781500000000001
3.1746300000000005
2.282490000000003
1.7743199999999995
10.136869999999998
-4.264580000000002
-3.5729000000000006
3.269660000000002
8.682920000000003
1.06954
3.9459400000000002
6.28539
4.29983
8.63646
2.0304800000000007
11.654889999999998
5.398480000000003
-0.11088000000000164
-0.6428100000000008
-6.80555
3.63448
-3.5601200000000013
9.916880000000003
5.237199999999998
0.23181999999999903
15.298360000000002
4.824870000000001
6.966950000000001
-1.9202900000000014
-2.6445899999999973
1.5723900000000022
6.248160000000002
0.9970700000000008
6.444210000000002
7.724
-5.623560000000001
10.1053
-6.235379999999999
7.636950000000002
-4.74924
-0.5294100000000022
-4.8316099999999995
9.80086
13.630019999999998
4.077089999999998
11.10896
7.557269999999999
4.916830000000001
13.31503
9.453879999999998
-11.19212
8.648029999999999
16.39578
10.99025
6.465989999999998
12.616910000000004
5.80949
-0.6391799999999996
1.1739399999999982
2.8922500000000007
-8.028690000000001
-4.77562
-0.7256
8.1235
16.453449999999997
16.65489
-2.5317000000000007
15.794839999999997
-4.925319999999999
9.262550000000001
14.904059999999998
3.1712900000000026
-7.277060000000002
2.5910399999999996
7.099589999999999
-0.39372000000000185
8.27808
2.1036199999999994
1.8258800000000015
5.44749
2.0032700000000006
-0.6547100000000015
9.797350000000002
-1.352129999999999
-3.953240000000001
6.361710000000002
7.80809
-6.011479999999999
17.79348
-9.3713
7.981529999999999
5.38045
7.242320000000001
19.642859999999995
8.63139
10.07761
14.41412
4.7322099999999985
14.639689999999998
6.509149999999998
2.913529999999998
-1.4552699999999987
5.162330000000001
1.915029999999998
-2.669740000000001
-0.8351700000000015
6.087129999999998
10.638979999999997
0.6742300000000014
11.298060000000003
-1.3705700000000007
1.3113799999999998
9.103489999999997
3.5372200000000014
6.176760000000002
2.5532000000000004
16.5072
8.53292
11.098549999999996
17.00977
2.989979999999999
11.40026
2.752510000000001
7.339790000000001
5.96679
4.1145
18.38647
3.670180000000002
8.989609999999999
5.524060000000002
4.669029999999999
3.25282
2.1294700000000013
3.7051799999999986
3.7374699999999983
13.825209999999998
4.632730000000002
4.30874
8.87848
10.78406
3.2647200000000005
8.669849999999997
14.370850000000004
8.585639999999998
-1.9664500000000018
2.572230000000001
7.6835200000000015
10.089219999999997
17.70792
7.341559999999998
-5.67271
6.249470000000002
9.931070000000002
-8.353759999999998
7.361450000000001
4.69631
-2.139990000000001
7.4444300000000005
1.4913699999999999
10.682229999999997
12.976100000000002
8.480539999999998
20.02631
10.975149999999996
18.30092
8.742619999999999
1.7427399999999977
15.717110000000002
5.638090000000002
14.407719999999998
5.349699999999999
1.7135700000000007
3.2850900000000003
-6.23385
6.019289999999998
1.277549999999998
3.058160000000001
16.37561
10.833829999999999
1.7811899999999987
2.36843
7.11476
13.224799999999998
-2.1868300000000005
6.24905
5.6831299999999985
8.272569999999998
-3.1729400000000005
3.5287799999999976
-2.410330000000002
-0.3610199999999999
17.13815
10.992179999999998
11.11569
25.111839999999997
8.200850000000003
13.431690000000003
9.9041
-9.797329999999999
11.641080000000002
9.451379999999997
-4.174720000000001
5.7012
-1.9219699999999982
-5.329139999999999
9.89714
10.12576
15.718400000000003
1.4356800000000014
9.812460000000002
16.61677
6.872059999999998
12.947890000000005
4.139240000000001
-4.96923
5.7458300000000015
2.045569999999998
6.29195
8.36535
11.613709999999998
9.32048
-0.9487900000000025
8.69118
11.12621
1.393259999999998
15.295380000000002
14.226239999999997
4.193390000000001
5.778569999999998
1.0919899999999991
14.31644
12.883840000000003
0.7460199999999979
19.526030000000002
-1.2193299999999994
9.24773
-3.008680000000002
13.110610000000001
5.058039999999998
20.33203
6.575159999999997
16.02465
2.42596
3.7869600000000005
7.50713
3.915569999999999
4.7155200000000015
4.229379999999999
15.617579999999997
3.063550000000003
4.536860000000001
-6.497489999999999
5.85014
-3.1388
-0.3732600000000019
3.6583999999999968
14.753710000000002
5.811960000000003
2.666719999999998
2.682690000000001
6.6961600000000026
5.65494
11.121090000000002
6.4263600000000025
8.73066
5.974109999999996
4.972899999999999
9.04563
15.397119999999997
-4.2515399999999985
4.98602
18.207309999999996
18.156480000000002
10.665599999999998
10.681000000000001
15.481229999999996
10.2455
14.964460000000003
1.555970000000002
15.185210000000001
-4.380379999999999
0.29969999999999786
-0.24738999999999933
12.753100000000003
15.629079999999998
7.511499999999998
15.013409999999997
11.270270000000004
5.9056999999999995
-2.2639500000000012
7.022409999999997
17.047929999999997
-2.845860000000002
11.141380000000002
13.805420000000002
-0.9104099999999988
4.109559999999998
11.307569999999998
8.909279999999999
4.235980000000001
-2.0505999999999993
5.449779999999997
3.9331899999999997
16.96546
14.994209999999995
16.070059999999998
5.790869999999998
18.10427
9.720300000000002
