5
9
31
56
75
95
125
136
141
145
153
169
210
217
220
262
312
350
362
459
469
477
486
510
522
552
561
569
572
586
606
628
649
654
655
678
727
744
808
809
827
845
876
887
918
924
936
939
971
976
1024
1061
1076
1078
1084
1114
1123
1156
1163
1189
1194
1226
1232
1255
1274
1287
1294
1309
1315
1364
1366
1376
1382
1393
1402
1413
1452
1501
1513
1519
1522
1527
1565
1569
1600
1620
1657
1667
1673
1696
1701
1721
1749
1789
1799
1804
1825
1828
1852
1867
1875
1883
1893
1941
1950
1959
1988
2001
2061
2073
2082
2114
2115
2143
2146
2157
2167
2206
2251
2306
2307
2312
2357
2373
2384
2386
2388
2398
2400
2408
2410
2412
2415
2522
2527
2532
2554
2557
2592
2631
2643
2707
2737
2809
2849
2858
2878
2890
2895
2973
2975
2988
3007
3028
3061
3105
3112
3133
3154
3156
3164
3199
3214
3217
3222
3226
3232
3254
3304
3305
3329
3340
3347
3369
3390
3421
3431
3449
3450
3461
3484
3508
3510
3513
3533
3544
3550
3553
3567
3575
3622
3649
3684
3686
3687
3691
3694
3699
3705
3734
3744
3789
3798
3810
3814
3862
3940
3947
3957
4136
4148
4150
4208
4217
4234
4251
4258
4277
4324
4335
4364
4377
4389
4399
4409
4422
4449
4469
4486
4501
4539
4578
4601
4602
4610
4638
4644
4683
4692
4758
4785
4826
4830
4837
4839
4846
4902
4911
4918
4968
4975
4998
5077
5080
5081
5132
5178
5275
5278
5292
5331
5336
5340
5356
5365
5366
5369
5383
5388
5414
5426
5438
5455
5457
5459
5498
5506
5539
5572
5573
5603
5693
5704
5723
5740
5763
5769
5810
5822
5881
5886
5902
5906
5908
5924
5930
5933
5950
6030
6050
6067
6089
6093
6115
6172
6173
6176
6184
6211
6215
6220
6222
6224
6274
6277
6290
6312
6321
6325
6379
6394
6424
6479
6488
6544
6560
6572
6576
6635
6663
6696
6698
6705
6715
6733
6743
6745
6772
6803
6814
6832
6837
6844
6884
6889
6906
6978
6980
7012
7016
7031
7042
7048
7072
7077
7104
7189
7236
7290
7300
7329
7330
7356
7370
7387
7401
7423
7426
7479
7509
7545
7549
7592
7625
7626
7631
7650
7667
7674
7676
7697
7711
7717
7727
7730
7761
7776
7794
7815
7838
7893
7922
7930
7955
7958
7974
7975
8012
8014
8015
8065
8067
8097
8119
8136
8153
8192
8241
8273
8278
8280
8320
8323
8330
8376
8428
8455
8459
8554
8562
8564
8565
8585
8611
8622
8635
8636
8647
8653
8658
8670
8721
8730
8762
8766
8775
8798
8813
8867
8880
8926
8935
8958
8959
8974
8983
9017
9030
9034
9049
9065
9071
9081
9082
9095
9134
9154
9158
9160
9195
9196
9201
9224
9231
9291
9307
9312
9330
9418
9423
9436
9438
9439
9464
9472
9486
9546
9563
9578
9596
9623
9693
9705
9707
9710
9742
9749
9771
9777
9779
9781
9783
9796
9815
9823
9830
9836
9841
9864
9901
9920
9946
10002
10058
10071
10096
10108
10128
10164
10190
10262
10273
10275
10293
10314
10353
10402
10441
10467
10513
10518
10547
10560
10561
10580
10603
10624
10632
10645
10647
10667
10688
10730
10745
10757
10763
10810
10811
10839
10846
10872
10885
10890
10893
10938
10947
10956
10983
10986
11009
11022
11039
11055
11064
11087
11122
11135
11136
11138
11139
11171
11195
11229
11252
11278
11288
11316
11326
11361
11399
11416
11419
11432
11439
11452
11457
11475
11489
11509
11524
11533
11535
11549
11556
11587
11602
11619
11631
11644
11649
11659
11701
11706
11742
11745
11789
11801
11831
11852
11931
11932
11941
11949
11953
11962
11995
12006
12012
12027
12058
12077
12087
12111
12113
12147
12158
12174
12183
12198
12207
12218
12222
12242
12269
12334
12351
12361
12365
12419
12441
12494
12501
12547
12553
12593
12605
12611
12621
12765
12800
12818
12841
12843
12848
12890
12920
12927
12933
12951
12983
13000
13029
13033
13074
13079
13131
13228
13248
13272
13277
13298
13309
13319
13372
13390
13395
13414
13420
13424
13429
13484
13545
13564
13595
13604
13625
13655
13664
13670
13701
13706
13711
13723
13776
13780
13785
13791
13798
13802
13831
13879
13914
13932
13936
13964
13965
13985
13987
14010
14019
14027
14037
14039
14051
14060
14077
14083
14093
14177
14191
14202
14225
14257
14270
14298
14365
14375
14395
14474
14500
14523
14545
14546
14588
14665
14699
14722
14748
14754
14760
14770
14779
14799
14833
14838
14864
14886
14898
14909
14929
14946
14956
14990
14995
15006
15018
15028
15036
15050
15051
15065
15066
15088
15094
15096
15131
15135
15156
15159
15185
15264
15288
15297
15325
15346
15386
15395
15399
15431
15440
15464
15465
15488
15506
15517
15521
15529
15568
15588
15600
15609
15618
15622
15655
15662
15797
15811
15822
15849
15868
15887
15896
15917
15931
15970
15979
15994
16027
16042
16055
16070
16076
16091
16096
16100
16187
16188
16192
16264
16282
16309
16318
16332
16339
16345
16354
16359
16432
16435
16470
16487
16495
16514
16523
16526
16528
16560
16594
16680
16699
16700
16705
16746
16776
16827
16842
16861
16880
16887
16898
16917
16926
16932
16958
16983
16989
17012
17033
17036
17058
17060
17069
17078
17080
17092
17124
17149
17150
17170
17176
17177
17197
17220
17229
17244
17258
17266
17290
17300
17337
17355
17356
17387
17485
17488
17510
17549
17577
17602
17611
17616
17625
17628
17638
17650
17668
17711
17713
17731
17743
17772
17791
17794
17798
17810
17811
17823
17848
17872
17902
17930
17993
18010
18060
18119
18167
18196
18233
18239
18243
18244
18248
18262
18275
18300
18319
18353
18377
18472
18478
18513
18525
18535
18543
18555
18562
18574
18577
18588
18597
18618
18632
18664
18680
18731
18761
18795
18802
18809
18846
18861
18907
18915
18929
18931
18992
19004
19005
19009
19017
19046
19047
19064
19087
19096
19114
19161
19167
19197
19217
19221
19236
19265
19276
19297
19361
19364
19365
19392
19423
19450
19491
19498
19503
19581
19582
19610
19622
19654
19699
19705
19709
19713
19714
19719
19744
19753
19771
19790
19799
19808
19847
19850
19859
19860
19864
19921
20015
20016
20029
20030
20043
20055
20059
20061
20075
20082
20127
20130
20131
20197
20237
20246
20267
20286
20303
20308
20341
20458
20474
20490
20494
20513
20514
20515
20551
20555
20601
20615
20619
20623
20642
20670
20673
20690
20713
20739
20741
20763
20781
20798
20808
20828
20859
20868
20877
20879
20893
20935
20962
20969
20976
21006
21029
21035
