26.27824
12.80302
15.349
12.35301
19.69594
25.07162
13.69174
22.11772
18.81954
8.293669
14.87167
21.24085
21.71179
17.76634
15.37204
11.29121
19.86639
10.68698
16.46033
26.64358
12.08747
16.8526
22.09454
17.59093
19.66711
18.58685
12.58839
23.77372
19.33117
24.77791
18.58759
15.45499
19.3358
21.8714
20.68536
22.95152
15.85514
25.97228
22.59155
13.30526
19.46581
17.58043
16.54491
9.248939
18.70341
15.48999
18.93877
18.29089
14.08475
14.05631
21.50735
14.49524
11.76741
22.99971
13.52154
8.566889
3.81136
2.440769
12.65349
-2.374106
2.63587
2.929838
1.587733
7.215387
15.18712
8.758825
16.79433
11.24108
3.999615
-0.4210854
-0.3862839
-1.105613
6.686285
11.17761
12.57828
3.429157
8.927721
-1.28179
5.011104
7.777647
6.106543
12.71466
7.780242
4.315335
9.482318
6.696864
14.28653
6.367729
-3.431042
8.081759
4.191733
9.04721
-1.185878
8.101846
3.63218
12.06634
9.319595
3.073952
10.07745
5.046808
0.6716833
11.9112
9.643618
4.561248
10.02397
11.98526
8.735163
15.33253
2.894015
6.013903
10.63311
4.880929
1.874311
12.42104
12.18398
8.836916
6.880689
5.030111
10.67929
4.956024
9.881057
10.41826
10.7386
22.20304
7.739941
-1.588919
-3.021532
-2.041527
1.027959
1.825964
7.979744
9.297915
1.502449
4.587393
15.40324
7.306411
11.59325
4.344985
9.463487
5.027066
13.90325
-0.09587698
5.342856
3.293483
3.488684
11.55598
11.48
2.680406
7.111099
4.188071
-1.143275
6.401949
8.285564
7.526106
9.928018
4.356139
6.006761
5.351623
13.85169
7.487979
8.891262
0.9414381
10.77551
7.827554
17.91055
7.556977
10.43815
5.585978
8.845853
14.37781
5.146527
10.42965
13.97723
11.51592
11.92621
10.68316
10.14914
5.107522
2.998351
16.44154
4.284118
20.91713
15.74903
17.25537
11.70573
11.53446
6.367193
16.46421
12.14502
13.74336
6.711396
13.10148
3.60728
16.85498
7.775719
11.46874
15.93083
12.72573
13.33741
11.74412
-0.5756114
8.114141
7.406936
11.8355
7.776794
12.18532
5.996062
7.085585
16.48083
5.105693
12.72939
6.397616
3.042152
3.431577
6.227272
18.72763
6.652756
5.805207
11.75179
14.21442
10.47086
12.82154
17.42671
9.675373
4.401398
4.674903
10.63476
4.755636
3.165859
13.20507
11.91386
8.795268
10.07493
1.433719
9.357604
14.1356
7.797513
17.72642
14.87381
3.042645
11.15837
18.79371
10.38252
6.189343
5.989553
10.96609
11.49043
4.025809
10.28939
6.266752
9.847289
7.851884
4.344425
9.957213
17.23416
12.96161
10.55697
6.653019
-0.6972075
8.897127
10.10806
11.72432
14.17724
13.11393
17.37458
19.56019
13.17804
24.34752
17.87359
23.47355
7.936994
15.17172
14.24576
13.26088
22.42599
14.67374
6.427507
18.45894
10.63899
5.179725
13.28502
8.628374
7.255533
17.11563
10.23212
13.7509
3.953757
14.96911
10.18681
6.9832
26.0906
6.66799
17.2648
16.52113
15.03953
10.66728
17.51846
17.26201
16.16502
15.03674
10.93876
14.22031
7.909728
8.758394
14.5123
12.46345
10.7104
13.60351
10.17611
2.259531
8.130083
16.70751
8.606244
15.17103
19.05406
15.14845
7.817999
15.87995
9.122939
13.22687
10.83057
5.064795
13.56188
5.929116
6.144031
8.322214
13.44393
17.09842
5.339516
5.304504
12.12285
17.68192
14.11296
12.35901
16.11125
18.93905
25.77969
11.73387
16.1352
8.253714
7.898512
10.65734
14.41657
17.62603
20.65296
20.04185
15.59114
10.59623
18.56988
13.07823
10.65356
12.02859
13.91016
10.63622
20.2947
16.57899
14.272
15.92928
13.09776
18.54232
23.44009
23.50391
18.70937
6.050041
20.85574
14.07016
20.20094
21.6616
14.35308
20.91844
14.83396
21.4168
15.58581
13.41706
14.04758
18.59509
20.2263
18.8547
3.824709
10.34447
10.69073
15.96089
19.3024
16.35437
26.16863
14.31136
18.74815
13.94301
13.99055
14.55428
8.551648
16.49045
14.12934
8.792274
17.27904
17.09971
14.26681
11.41076
14.85739
16.52365
13.83475
12.45879
17.41317
9.392721
20.38806
15.72877
13.87213
12.01225
15.37329
12.4382
9.907526
13.33925
19.54629
11.46326
18.05634
19.28104
17.63304
15.36005
12.59108
11.58842
10.39942
14.23572
12.48173
19.60029
18.77369
13.30791
18.28682
18.5536
17.05169
13.96029
14.21904
15.25874
8.540454
11.8881
15.56747
15.58705
16.55723
20.1311
18.2891
14.90954
14.91123
11.89397
8.326307
11.03835
9.41156
11.84376
15.38571
14.82766
16.19231
16.93915
8.462038
19.17178
26.95898
12.83074
12.66917
11.58677
17.9398
15.99633
24.76561
15.84802
18.10178
16.9203
22.69195
16.36557
25.41428
19.88365
11.28298
21.05086
20.87067
13.15922
11.70896
17.52028
8.965638
21.53109
12.6926
13.13054
20.42175
24.79694
11.7772
14.99772
18.18683
15.93921
23.07056
20.93055
22.39355
15.80144
15.09326
11.75913
20.78374
14.43925
8.45584
17.20538
16.13319
14.19632
18.28788
12.69828
15.52125
23.81463
8.771865
16.94623
12.60627
13.3011
17.13893
19.67611
19.7258
17.02148
25.51728
14.42711
14.48372
18.70837
22.83722
14.27303
16.94003
14.4235
16.33053
20.28358
12.86558
11.60686
23.96806
14.36614
11.53836
20.29549
17.65139
20.61351
21.94604
25.54696
21.52912
23.59048
17.07886
10.46541
21.04171
25.34468
19.62951
14.51925
17.56544
9.946894
17.31829
12.62283
22.87806
17.86511
16.71738
19.6624
20.43571
26.61024
21.51171
28.24367
20.65441
15.74434
20.69055
23.84544
19.97909
15.14109
21.98683
14.43108
14.2092
16.60672
18.8095
22.86685
17.53427
17.74867
26.45244
20.31371
22.46674
26.22551
15.22627
18.82115
19.48299
20.09065
22.65091
15.78103
18.24646
21.21769
13.67805
24.71576
17.66929
16.77596
19.39943
28.1005
17.23783
12.55345
21.36483
15.11612
16.06296
14.47574
27.10795
23.43843
14.37959
19.95446
19.38385
23.43933
17.59089
10.09959
23.32913
18.84452
16.12526
10.16335
20.73577
19.50521
22.46622
23.11188
13.71289
25.64284
17.99396
31.94359
29.30514
21.17952
16.2726
24.58613
15.26647
20.12103
16.33324
21.7548
18.987
19.20591
20.08475
23.38055
24.92148
22.49012
15.91486
19.81579
20.52328
17.06528
17.34182
23.82306
24.29601
16.10298
24.73202
28.69323
28.59491
14.136
25.7831
24.78458
21.4261
24.71157
19.25377
15.16024
17.75815
21.96654
28.43909
17.85788
25.28142
26.28765
19.13806
16.51039
28.30375
13.29732
26.04878
24.20808
22.89633
24.34241
20.51771
22.87141
20.43675
8.613173
13.72882
27.92169
27.92325
29.28623
30.32883
28.87029
13.46807
28.44775
31.8998
24.17589
28.25934
19.46329
20.07841
18.18561
24.63809
21.12656
20.28645
22.37649
28.97284
40.44424
17.38734
19.61908
22.02996
17.71907
28.27954
17.62538
21.40917
24.21751
26.41857
22.66966
22.73677
25.2405
27.51655
22.39197
28.83863
16.48233
23.15296
22.04126
30.76808
22.86904
19.57995
25.34456
20.2428
22.06854
20.66454
11.86449
22.10821
23.71774
24.03522
17.54861
22.88085
20.0385
30.94738
27.69993
30.74052
30.94564
18.90308
29.19961
21.34039
20.39538
20.61672
20.54407
24.2827
17.14182
25.49464
24.4056
29.13845
24.60647
31.64665
20.23233
30.76109
20.70667
30.18769
25.01175
31.08261
24.25738
23.66568
24.52641
28.28841
22.2925
30.64349
26.14913
28.16664
25.44868
32.42928
24.84199
13.04959
20.62258
17.25491
31.36493
24.94431
25.50064
21.36175
20.85604
23.32583
24.49831
21.51743
17.51242
32.16527
26.30832
24.7033
30.4637
32.53688
29.81766
34.42569
22.64406
28.3252
32.49074
26.31339
29.08981
31.79105
29.81691
20.30906
31.52876
29.74372
22.36066
27.64972
28.21838
18.21961
28.42048
30.35081
26.79526
29.34515
26.34245
25.51784
28.61007
20.74688
21.30135
27.36365
26.95545
29.16362
25.44459
33.41942
22.89748
20.3383
33.58902
20.31051
26.21893
18.40802
30.0092
30.89817
23.30332
26.85855
33.30291
32.79857
20.74269
33.24263
22.89777
26.71028
18.41313
31.97363
35.14358
35.32778
37.50671
32.47486
35.2903
28.69128
21.88882
25.85573
26.39239
27.68005
22.87907
31.23274
29.4304
29.858
23.7654
21.10455
27.50589
27.47988
22.24296
18.55066
34.34596
23.70866
32.23065
31.40759
34.51085
33.65029
18.43384
29.34226
24.37142
14.66092
23.89224
24.78251
24.55242
27.5837
37.41609
32.42359
22.8504
27.15085
30.24413
27.12865
29.69258
33.63991
32.83776
25.54881
32.53899
33.7015
28.95972
24.59999
19.52961
25.2258
24.54219
34.87263
37.27541
29.58239
25.81175
30.79046
24.18575
12.09162
26.95122
30.02944
28.69008
25.48801
23.08943
28.91505
24.85036
24.06065
29.80864
26.64556
32.01756
35.71677
26.79143
33.80532
20.02893
30.96165
30.18505
21.97759
28.8398
40.01327
26.52426
30.69305
26.43953
21.06211
28.47554
23.70589
32.52882
38.85989
27.65333
28.91961
30.60549
30.21875
31.06152
27.28615
20.28149
35.21795
29.81211
29.60673
35.74377
34.18378
27.78011
31.27092
26.4615
32.5512
37.48204
27.52047
23.47107
28.38414
38.42395
27.29592
42.00761
25.1427
32.44495
31.29339
24.27621
19.60932
22.98112
27.50846
33.20802
24.0076
32.71634
26.14542
28.16457
18.61921
17.08798
33.34058
22.97541
26.20123
37.98647
30.19925
35.94046
35.86208
31.25241
26.61488
32.22665
30.35821
24.12199
30.26044
28.41661
26.78701
27.68941
31.14598
27.49218
24.98455
28.84377
33.80335
22.88112
22.94713
23.76891
27.9946
32.55753
32.64737
40.9251
23.47808
36.10035
28.60507
29.0671
32.19671
29.38925
31.15924
24.16729
31.02051
35.48249
33.60256
29.55504
36.99264
38.42832
34.69928
35.67526
36.95927
29.56851
23.77025
30.18677
32.19088
37.82899
42.44751
43.57418
30.85673
31.50329
28.58175
34.81243
29.12051
31.30382
25.39755
33.22323
36.51296
28.99438
26.94861
26.50468
32.00005
32.51311
33.08385
31.81866
33.73442
38.55943
38.07529
45.55366
41.07067
22.18376
35.96121
39.14641
27.31077
31.95665
38.67684
28.24965
32.91056
30.99471
31.0564
26.26759
33.65344
34.31543
36.61264
29.59487
35.33853
36.4467
24.76338
35.92604
33.97456
29.72565
32.85765
26.38286
29.65129
31.89302
35.20302
26.6051
32.51885
35.51092
29.68367
30.79417
38.91647
35.74714
35.46882
33.20124
34.37791
31.65987
32.86061
35.35313
27.03181
34.68894
34.31743
31.12796
30.3246
38.34797
30.93681
28.27747
32.19798
23.60193
23.34946
28.43644
31.17268
31.58376
40.29599
