10.58312
-1.342641
4.139587
1.961439
7.203055
12.62066
-2.449636
3.083627
6.237508
-2.68818
-0.4123085
8.118286
7.901495
-1.439428
-0.4631271
-1.054538
6.485829
-2.485976
4.642553
11.59066
-3.879205
7.777345
6.686888
6.997513
4.596061
6.718932
-0.2663145
7.083142
2.876334
10.17612
8.103265
-1.022157
7.567789
7.668753
6.49304
9.002068
0.4595247
8.151406
6.769138
1.873064
4.539925
8.376989
1.365142
1.108292
6.839369
2.291926
7.243921
3.143831
2.53198
7.622738
5.405905
-0.2519838
-3.488055
5.185966
-3.186819
-5.867591
-11.95844
-10.73055
-1.833275
-8.319211
-8.171384
-6.83327
-9.699967
-10.21424
-0.6419064
-9.078962
-3.12078
-0.2761159
-8.157826
-11.98791
-11.60359
-13.11745
-4.972901
-8.170081
-3.436799
-3.453081
-4.892844
-11.60712
-6.472202
-3.303862
-12.42538
-5.367342
-5.947226
-7.891887
-3.35035
-5.132491
-0.810909
-10.27473
-14.38455
-11.02382
-6.505115
-1.958168
-18.73964
-4.725667
-10.39712
1.464807
-4.535089
-3.678961
-3.742713
-6.63019
-12.99799
-6.984582
-7.580246
-11.7794
-6.568304
-2.425988
-5.202838
-1.445931
-5.892841
-10.36857
-3.391327
-9.41085
-11.23573
-2.450779
-1.485149
-7.64008
-6.315501
-6.603501
-5.054342
-5.123652
0.2700412
-5.74865
-9.420481
3.255515
-8.637825
-15.1206
-11.45734
-13.63201
-13.73386
-10.59489
-5.076177
-6.413406
-13.83857
-9.924615
-2.672102
-12.23866
-7.090505
-6.137281
-8.43113
-3.78165
-4.42055
-14.84936
-7.42261
-10.36671
-7.31737
-6.121726
-5.528979
-12.87552
-9.441386
-11.08154
-14.7788
-8.600996
-5.745469
-5.682044
-5.008732
-8.07705
-8.492938
-11.02417
-3.62815
-9.501233
-5.310356
-9.402556
-5.949813
-5.119937
1.728902
-11.97644
-3.452794
-11.40751
-4.942629
0.7648616
-7.062329
-6.558973
-4.083557
-5.285515
-1.915185
-5.0049
-3.53646
-9.410298
-5.028058
-4.630005
-9.674481
3.38891
-1.165947
-4.485601
-3.553157
0.9842387
-9.479766
-7.664693
-6.530938
0.5678763
-6.79847
-0.03298316
-3.703582
2.497777
-7.07191
-5.827349
1.4862
-1.990487
-0.317322
-5.983558
-7.963301
-7.832931
-6.193005
5.313609
-3.767479
-3.488161
-5.909136
-6.971854
-5.08424
-8.391866
-5.233897
-4.369595
-13.10624
-6.569986
-8.399917
-1.140178
-10.5224
-4.26251
-2.358812
-2.883863
-8.083467
0.4841667
-0.7102946
-0.7014215
-6.466597
-7.171268
-7.345331
-7.420889
-8.203106
-4.068367
-5.060955
-1.333998
-0.9721191
-3.45125
-4.786666
-3.955916
-5.761205
1.402434
-1.589091
-10.22094
-0.975773
1.687661
-3.75428
-9.485995
-6.92116
-0.632849
0.3161766
-10.34766
-6.90204
-5.602315
-4.346816
-5.620884
-7.192963
-6.251185
0.402683
-4.143051
-1.317014
-3.727969
-10.76071
-5.229513
-7.408209
-4.638713
-1.832754
-6.982904
-2.534086
-0.5087708
-6.122102
1.251414
-1.921047
4.534804
-5.692182
-3.51393
-2.839623
-0.6214475
4.278032
0.9746972
-7.056566
3.679939
-10.57237
-8.6445
-2.736182
-4.780631
-8.392929
-1.531427
-9.769327
-4.801726
-5.868987
0.6957972
-3.229593
-4.151742
3.436955
-11.06515
1.579421
-0.4507015
-1.874462
-4.155551
-3.07939
-4.355259
-2.35214
-2.427775
-4.282229
-3.014974
-4.639058
-11.53603
-3.159109
-1.344526
-7.521936
2.221693
-7.520257
-6.410937
-6.347461
0.4062083
-7.400239
-5.04036
4.269483
-5.460158
-4.072124
0.1948786
-3.925477
-6.441026
-6.204189
-9.024335
-3.752156
-7.581693
-4.819715
-0.2869217
-3.323429
-1.638614
-8.065521
-4.895379
-3.438303
-5.180686
-4.312195
-7.042561
0.2088337
-0.4997926
2.683138
-5.144321
-1.028443
-7.864754
-9.84941
-0.8212392
-3.440234
-2.071628
3.740153
-2.432364
-0.6134699
-6.066508
-3.756799
-4.399103
-5.69041
-1.500883
1.88209
-4.18844
1.737401
0.3909044
-1.192557
0.7066194
-1.642634
2.540623
4.347054
5.700533
-1.392364
-5.096638
3.741652
-7.981243
3.989021
1.273963
-2.845632
1.682413
-1.266519
3.972622
-4.439136
-0.7752903
-2.276628
-0.6395747
-1.277125
3.225842
-9.185279
-4.039551
-2.42826
-0.9430374
0.5277603
1.56785
2.777015
-2.920497
1.833099
-1.580885
-2.833339
-1.283562
-10.95189
-1.521189
-2.837576
-5.891257
-5.63079
-0.3352174
-2.389799
-0.9645674
-2.498411
-5.890453
-3.557211
-2.093553
-0.8450562
-6.828986
0.9301514
-8.50721
-7.900188
-2.030514
-0.9943597
-1.13785
-5.734608
-6.197753
-1.303772
-4.931408
-2.056667
2.165634
-0.1375786
1.93346
-1.99662
-2.218598
-5.077655
-4.163718
-5.310377
-0.7925356
6.183991
-5.160583
-0.6826973
2.000918
-1.01841
-3.086616
-3.012777
-6.215816
-3.403215
-2.132627
1.10666
-0.1768471
-0.9142454
3.665861
-2.13974
-1.805313
-1.378964
0.7204615
-7.516675
-3.931492
-5.856155
2.025574
-1.83089
-0.2822013
-3.587351
1.218922
-6.860474
-0.09637682
4.261633
-5.021661
-2.998643
-2.129476
-2.11753
-2.301053
5.983615
3.839933
4.176707
0.7080476
3.82781
-3.380886
6.022098
4.520606
-1.508266
-0.9368738
0.3426329
-2.122574
-6.429559
-2.795995
-5.932762
5.388629
-2.255807
-5.122299
2.158962
3.132905
-7.319654
-2.973625
-3.342832
0.1633812
0.2256292
-1.317271
3.856818
1.662536
2.322837
-3.434442
-1.21495
-2.005847
-4.225999
-1.523889
1.155809
-4.687328
-0.4798647
-4.247078
2.744501
4.142481
-7.932526
-2.401789
-4.297962
3.126266
0.5957449
1.183787
1.032213
-4.490971
1.020804
-1.301869
-1.297799
-1.608874
-1.481626
-3.043632
-0.5432438
-2.470145
0.8477899
4.10349
-5.042446
-3.6586
-1.248558
-0.6395304
-3.609311
-2.377924
-0.7221003
1.637836
2.222342
7.840318
-2.007421
2.369312
-4.108092
-4.942495
3.477059
3.432452
0.4196329
-5.108042
-2.256603
-6.389541
-1.01664
-4.120134
8.163413
-1.273946
-3.71157
-2.864278
-2.536244
5.31596
1.227758
8.129972
-1.756062
-3.026217
-3.840719
1.914086
0.5843849
-5.632123
0.8687498
-4.209387
-3.228994
-1.296684
0.1373321
4.433708
0.8346098
-1.422053
4.224135
-0.02185121
-1.22785
5.248063
-2.334808
1.484814
-4.003924
0.7159594
-0.009874788
-0.9574459
-0.3893034
-0.7375933
-5.50365
4.80473
1.245762
-0.0299414
3.25925
7.113229
-4.581182
-4.1891
-0.9650423
-4.652573
-0.7913768
-4.448588
9.320784
-4.893108
-0.284964
2.246403
0.7245479
-0.7116162
3.481967
-2.579199
1.586688
4.78799
-0.724035
-3.736423
-0.3241407
1.103339
2.627889
1.813913
-4.736904
3.062125
-1.339242
7.042556
9.510851
1.517397
0.1538236
4.313457
-3.177769
-1.016152
0.5240592
5.179504
-0.5889454
-0.1475587
0.7872636
3.640543
3.873778
4.149523
-0.8420447
0.03184398
2.340869
-5.427346
-0.4753159
0.1512006
2.824712
-1.259795
4.150131
2.868394
7.206385
-2.1488
7.549999
4.987597
-1.078861
7.775748
-0.2170814
2.147587
-1.475249
3.248213
5.878401
-1.70086
1.427061
4.227322
-0.898425
0.1983155
4.343705
-5.880409
6.62928
3.955412
-0.4510254
4.331993
4.713896
4.864736
-0.9120855
-2.548646
-6.431715
5.440613
5.90714
8.520977
3.187716
5.212484
-1.746747
8.468762
7.502027
3.354363
5.445796
3.404109
5.46566
-1.292228
7.88871
3.599788
2.151979
2.216263
1.295769
12.7388
3.037707
3.084616
3.737503
-1.162544
7.436944
1.94483
0.7604841
2.089925
4.861862
-0.4088454
0.8630063
3.74386
2.917767
0.05669241
7.889363
-5.897285
1.753217
-4.123947
3.313031
1.372902
-1.492601
3.795303
1.855551
3.68812
1.180043
-7.217137
3.654705
9.018322
4.350724
-0.09169524
1.918577
-1.418322
6.96959
4.818467
3.012264
7.299289
-0.701173
7.761047
-1.068411
-1.652643
-1.250819
0.6675591
2.170157
-1.373293
6.901421
2.441885
5.726062
3.724094
10.18624
-0.9127774
6.151539
3.148189
7.150704
3.861522
11.8848
-0.7124872
0.7389342
3.307276
-0.5064708
5.908698
4.391897
8.04959
6.738152
7.490305
9.643967
-0.7382212
-6.80157
-0.3478527
-0.1484895
7.319972
0.7553714
3.754896
1.110277
5.680145
4.579545
2.149679
2.385065
-0.7534766
11.20345
6.700368
6.89539
8.678516
6.159323
5.655236
10.32602
2.609792
3.835194
5.764845
1.630994
4.203062
0.949166
6.32733
-2.946089
10.01485
5.330264
8.312897
5.917339
6.118681
-2.364635
7.145864
4.207271
-0.1964887
12.1167
10.60171
5.998001
5.813128
-0.8131348
0.1914707
4.11101
3.768191
6.99163
1.268055
9.014815
4.463334
0.914158
10.76173
5.027621
3.624965
-1.247676
5.49092
5.69691
2.499747
-0.5500156
6.081464
7.218783
1.188612
9.015272
3.681212
8.425612
-1.209129
8.006289
15.79379
12.83501
14.92528
8.894162
9.043382
1.817623
2.832413
5.810113
5.133083
5.714817
-0.2574347
5.630333
5.450655
6.836812
1.315533
1.56893
4.574524
7.492806
9.075308
-1.062186
7.911258
4.254039
9.883155
10.1082
9.326275
6.221591
0.595432
4.810253
4.368087
-0.6599144
-1.047486
0.2117608
4.303215
7.256759
7.86344
4.434791
2.936511
-0.6585387
4.567068
6.771394
4.370765
8.197068
4.984189
5.264455
5.745642
4.651571
7.369627
6.161485
-0.1559252
2.795494
3.070715
10.41744
13.50934
7.791764
3.593258
10.03948
2.588311
-4.559343
9.628135
9.420232
7.682608
3.416374
-0.3896426
3.857661
4.40623
0.9549054
6.219989
7.161874
11.81044
10.50822
7.552953
11.0667
2.856225
8.745655
4.791245
1.635734
5.720804
16.27788
0.9226536
7.310742
3.212286
4.055441
2.392237
-4.501756
11.63839
14.45041
8.731902
8.22836
9.513902
8.47179
9.166327
1.108282
1.1322
8.978362
7.789156
2.215057
9.445822
10.37707
3.561314
7.545424
-0.3769709
10.3349
7.969887
3.904281
4.884197
5.133946
10.02137
1.210764
11.10473
0.1626989
4.13273
9.892298
-0.5418684
2.838052
4.397691
6.255878
7.337708
3.962468
7.071756
5.191965
7.314306
-2.55567
1.134062
8.003467
3.772374
2.499241
11.93902
3.114946
10.59177
13.32094
8.590711
8.937697
5.555668
6.389394
0.8684486
12.85267
3.363355
6.98742
7.355514
10.48076
5.665357
4.031147
8.249015
5.616983
2.533896
-0.9184669
4.75636
10.42888
10.08391
9.809719
12.90098
2.703454
9.725065
5.701808
7.095519
14.58682
5.807327
7.526568
0.1780578
9.746479
12.30418
5.843333
6.121714
10.43487
13.94297
8.238125
11.19151
10.53218
4.571889
6.210647
8.951513
10.5015
11.49402
12.76886
17.30314
4.572306
9.033715
1.706075
7.256514
6.171699
2.993392
2.491486
3.921832
9.430843
4.110475
1.626337
0.9218332
3.699206
11.99381
9.267108
4.225437
9.932579
12.84748
13.72469
13.71712
5.932496
1.286956
9.166111
14.74939
5.516624
6.664587
13.43666
4.387336
8.232734
6.10799
5.776254
5.13913
5.883985
10.54965
8.068827
8.311453
5.995327
7.593701
6.327224
9.740244
6.704473
8.023615
15.28822
5.390541
5.64027
8.98038
4.664846
6.08869
9.495493
8.785595
9.025528
8.761393
5.096521
8.27753
12.93845
10.16726
6.71884
9.649109
4.345021
11.28622
3.71633
8.336868
14.41614
6.203687
7.733059
6.932166
6.304239
3.381073
6.435133
-1.01883
1.350951
7.139081
4.441286
7.14232
9.706334
