26.05174
15.2173
24.67487
16.15895
17.62978
24.26551
16.90167
20.54374
15.43028
11.67991
14.23714
19.57502
16.51724
16.45401
16.58853
14.33052
18.79704
12.45603
17.7273
19.72074
12.3106
17.46114
20.60916
13.63081
21.52742
16.62242
15.26943
29.12382
27.53375
19.34793
13.52852
13.99694
22.20478
23.0688
26.32523
22.45467
17.97664
18.38169
29.6312
19.30009
19.86918
5.321985
15.42864
10.61812
8.968839
4.229385
14.3815
22.68323
19.41928
20.86116
17.43162
15.83488
16.96419
23.61231
16.2357
3.695689
11.29958
8.026136
14.14016
-2.417447
6.060579
3.537392
2.594081
11.19205
11.53819
10.64212
14.88306
10.6012
8.976827
6.892164
-13.59965
2.10189
11.67481
10.60736
24.78689
4.746839
18.96289
-3.922379
5.657282
2.361631
3.145021
11.69117
4.119109
7.152965
17.09054
8.872213
19.86221
-0.1486308
2.121577
11.86693
3.311172
-0.733136
-7.55178
15.81819
4.598471
4.582431
5.787028
-8.300509
14.16966
1.329236
-9.750841
14.45148
10.74565
10.388
12.96264
17.46952
16.73577
14.71807
10.0191
5.723621
1.783412
7.020287
-2.482378
13.2333
13.56962
7.329717
7.791674
6.426558
6.234664
13.82575
9.883487
15.77839
11.85458
10.76054
4.713259
-3.316945
-0.2570268
-0.9459785
-0.08775789
3.777862
9.196044
19.76372
-0.5372233
7.896631
17.65598
5.091721
15.1652
3.977722
6.895823
2.76761
12.53728
1.301093
9.252172
2.432746
3.870905
16.25076
18.43117
-0.4689926
5.20191
10.12115
6.344116
15.84368
-2.775616
10.33749
20.64001
12.50406
3.136594
-0.007020903
14.95612
7.02291
4.490825
-3.589019
10.25762
-1.078553
16.63038
10.74237
16.42807
13.55936
9.468703
22.6899
5.58546
12.04073
19.50361
5.185872
10.35879
16.30822
7.393268
6.749385
5.544401
14.62645
5.514091
17.99504
8.322208
23.1538
6.334135
1.857054
6.871529
11.98077
8.765171
15.1377
14.17002
14.53951
15.80792
12.78354
4.454687
9.768602
22.90132
18.15741
14.73134
13.21951
6.237613
15.5519
21.4301
11.04283
13.03615
9.527338
15.1475
19.31448
15.80643
0.3041533
16.28114
9.870709
9.203614
1.677314
12.72281
16.2366
2.965852
1.822126
17.07745
8.650261
18.90271
14.42812
13.86206
11.76332
9.26771
15.6118
17.84528
0.8223988
5.644431
19.85547
12.20935
2.189809
6.942573
6.933484
15.35514
10.97474
5.670124
18.4926
15.4029
-5.742455
15.98567
12.19881
11.00328
5.269095
4.192806
10.69671
17.20297
-3.191131
7.849946
9.212425
3.818763
4.536916
5.032634
0.9065864
20.49874
7.665439
16.20498
13.37267
3.829242
-2.4453
10.83017
19.0887
11.29447
10.43528
27.27796
22.06663
3.866973
25.20047
22.95738
22.03681
11.32731
15.14826
15.8293
11.39013
20.15336
16.9839
6.969246
21.86984
19.83808
0.2133395
14.96956
11.67844
14.82642
12.35617
1.766419
10.35023
4.092789
18.01229
11.36273
5.751357
30.96823
9.946514
16.05914
20.82831
8.449665
9.690295
23.04661
30.60863
14.36095
15.53367
10.10281
16.75921
8.714639
13.59297
23.63904
1.169759
15.92517
19.31954
5.053985
7.711453
10.63652
8.222953
10.27631
13.72902
11.51518
9.155415
1.087402
20.50868
14.03702
6.315194
20.21773
16.31144
6.715781
-2.009154
7.419336
17.34873
16.99846
10.08322
4.585362
11.19191
7.537232
12.46378
28.53986
8.129831
17.39674
21.89774
32.08059
11.55543
12.76
11.77007
5.182502
9.606226
21.3142
12.62755
7.709756
13.24158
12.96592
13.01714
10.30034
12.08142
3.031091
10.59706
12.70069
11.07429
25.69848
20.959
17.64294
13.1548
12.33568
17.82697
25.36679
21.33947
21.77201
11.6612
16.11274
19.18331
28.94478
15.22711
11.13831
14.77718
20.64747
15.26895
13.91708
11.11072
14.57213
15.02035
15.44848
19.92212
3.247181
9.630109
14.22818
11.21334
17.00127
15.89375
26.73628
18.80987
16.04757
12.50643
19.68549
7.551448
8.496816
16.31038
17.77897
13.61899
23.46932
12.07197
13.43158
5.045683
10.91584
27.86751
16.01061
5.999935
23.25134
8.48643
9.33235
7.854678
5.841061
9.753639
7.477503
11.60671
11.81307
26.18308
14.09432
7.780775
15.9201
18.10303
17.38014
12.32511
7.714868
13.87377
11.53201
15.0597
15.8569
24.75314
15.28381
11.76765
22.55993
21.52002
17.81108
11.86998
19.99043
23.8955
16.14304
11.4159
17.29161
5.210786
12.2079
17.74424
27.32093
10.55258
17.75823
7.138715
4.64524
6.126151
8.959821
8.747049
16.45338
16.96045
15.85575
25.88719
13.43991
18.36841
26.74953
20.41994
9.99965
21.24811
18.97127
9.533971
25.46738
10.0815
23.40881
11.05196
23.53413
19.26912
25.24462
22.83631
10.64658
28.04109
14.82811
16.0265
9.634627
18.41636
13.06098
21.32177
9.256735
16.82228
17.72345
22.41566
7.443875
19.24852
17.57007
11.88584
22.17232
20.17382
26.74058
20.25849
19.56169
3.104741
23.09324
20.99834
2.779579
19.3421
10.16707
24.00887
14.18898
11.22985
10.67266
23.12131
11.93984
18.12312
2.71535
9.098615
16.17465
22.35899
12.1732
24.29111
29.96584
13.83541
8.334737
10.08758
21.03547
18.10253
14.85776
14.17208
11.35206
30.77389
15.23807
16.01048
20.61682
11.78013
2.642794
17.47606
14.25856
12.50452
20.24935
28.0011
20.8801
20.90745
15.71038
11.76458
21.38156
31.52231
16.43127
17.74421
18.77764
8.569355
17.17818
14.64994
27.53998
12.57393
16.89709
30.59454
18.03052
32.49622
16.11076
27.52872
20.96123
12.18325
19.83141
24.11025
21.73609
7.140535
24.18369
12.88167
10.49283
16.73529
13.68605
30.53483
17.16086
17.98807
27.11105
19.20985
23.9409
21.88905
8.430343
18.26464
17.6192
22.64682
13.16056
12.30568
19.75126
10.91636
11.8801
23.86314
13.88843
14.0987
19.23208
17.34198
9.963432
15.2953
15.02149
10.82331
13.87103
5.092762
26.45204
20.25543
11.13035
17.69305
23.01578
18.6051
14.84711
13.11299
29.99412
12.82793
19.43885
10.81244
15.33336
22.19996
22.025
30.38234
18.82781
25.93368
22.10359
31.6828
29.7877
18.71092
13.32643
18.71078
20.43399
26.79062
13.30502
24.60987
5.842828
18.56505
26.0963
11.71506
16.52075
22.74863
10.70103
14.68272
20.52816
26.62802
21.60604
22.29482
35.35414
21.37252
23.35997
24.47277
20.10268
10.79614
28.95036
21.6218
26.47848
21.6895
16.60805
9.495631
14.83099
16.50929
24.5343
19.30443
25.2405
17.59271
15.54414
18.62649
25.38179
19.91697
24.54993
26.29551
27.69666
26.87447
21.71026
25.52155
24.27216
13.74294
5.636661
25.09179
27.48771
36.29186
27.86702
33.91195
14.71677
22.19493
28.39543
23.48745
32.27845
22.17335
29.6528
17.11827
34.21356
30.77427
21.06187
19.74867
31.94196
42.60016
30.41981
24.74861
17.7699
13.74651
33.04054
18.8832
18.71642
13.69335
22.22433
23.32444
21.94175
24.64125
29.70866
21.08552
26.71355
14.21305
14.76177
35.16217
34.21361
28.69583
20.85695
26.79506
23.89988
17.63872
17.48324
11.76656
24.6365
23.44314
20.77878
19.13828
17.9272
18.63046
28.52616
29.76612
23.81516
33.17436
18.95362
24.02803
26.219
11.05925
19.73353
27.97598
31.03438
18.9599
20.13731
15.25562
24.1159
30.01217
27.07777
14.87831
24.08417
20.53791
29.82539
26.45451
28.51199
32.50312
16.37702
28.57507
23.00652
20.15061
26.24323
33.27878
30.94946
26.28626
36.09409
24.55452
10.64508
24.54306
20.03004
31.9924
29.90246
24.82222
24.57452
18.8637
22.64466
27.25649
21.41442
17.21675
25.05802
21.16866
30.09823
27.9513
32.66294
28.46226
32.33131
21.52887
32.11033
29.96313
25.84171
32.42673
36.57129
34.4868
20.2357
33.49455
33.80601
18.36952
25.46345
34.86277
20.94654
18.71584
25.50955
28.26173
20.08713
22.83372
19.05345
22.95635
16.77284
21.96255
27.41937
25.25383
31.95781
28.25085
26.63559
20.7877
26.83198
41.77425
14.70063
31.75335
10.54364
28.6833
27.67464
16.68472
34.96584
39.7853
27.60308
9.023859
35.77146
17.18686
27.39337
14.63593
35.71273
32.36403
38.32587
35.46832
31.17946
28.36019
24.95646
21.36895
25.32379
31.47026
23.82819
33.70119
31.15634
22.62224
37.09842
16.76688
15.76787
24.45036
30.55396
19.45283
31.79314
30.98477
26.2934
36.57823
35.7165
36.00338
27.80717
28.41152
23.16637
28.7414
25.12954
25.98198
20.02073
17.72142
22.51659
42.84827
42.16725
20.8572
29.92434
30.40927
26.8664
26.06839
24.58928
23.99653
28.56585
37.8294
38.81835
37.56949
20.13647
24.65671
25.51928
16.31442
28.14586
38.6288
28.48153
22.17547
34.03943
25.70077
16.30512
30.95518
32.10644
34.23061
27.96736
27.62977
39.68765
21.14591
25.41757
34.56474
24.55485
29.71854
33.26177
32.91894
37.34053
17.89428
31.7148
24.69983
15.84489
26.74662
38.75523
25.05521
32.05254
28.39703
20.0656
19.02351
22.06473
31.14603
43.98703
32.79408
34.1434
28.42335
30.83913
32.22561
33.51942
13.47658
41.66182
32.35192
26.2254
28.17903
30.42147
26.75123
35.88542
26.23584
32.38191
34.82272
16.16682
26.56228
33.50313
37.46148
23.1336
49.91521
27.00784
33.71365
30.80249
20.93094
18.04882
24.37062
28.24669
29.37955
22.78531
32.96145
27.46021
21.59853
13.95132
24.93165
39.12461
19.5535
21.74381
41.97852
40.71185
44.6266
43.49377
26.31376
17.99835
28.71674
38.01702
30.68969
16.51868
25.90446
25.26407
28.20478
34.29815
21.30002
29.88135
33.65009
40.09801
27.84889
19.64131
26.47744
33.28412
35.49978
26.3839
42.23654
30.2935
33.24735
28.64909
26.37113
23.60684
22.22794
39.94555
17.54056
39.03761
32.83338
27.54669
23.25305
36.67953
37.56048
41.5357
33.89788
30.92998
31.78607
17.93371
28.83851
33.21968
37.21067
42.50341
49.88226
31.49498
31.54772
31.74487
40.36059
25.25863
22.75294
28.59647
41.55249
33.63579
27.3552
24.97654
35.51447
33.02101
33.3878
31.13029
30.29434
30.80913
35.12228
33.24618
42.01015
43.66298
15.06403
36.75853
39.78524
25.29527
39.8508
32.11207
27.85238
30.24665
24.66272
45.95881
34.34785
37.19048
29.27263
34.65873
21.76678
27.93823
38.92869
21.90932
37.92612
30.62916
25.52334
27.81493
19.91122
26.05247
25.70251
26.61679
29.50429
27.90775
39.47843
27.13623
34.48546
40.39162
36.86266
22.1531
42.9188
33.94041
28.41803
30.9697
42.55419
25.08262
25.88348
27.6307
33.78055
23.61309
34.81679
26.34313
33.04772
20.64045
17.9218
31.65983
25.23055
34.96823
30.12718
40.6405
