10.35662
1.0716400000000004
13.465459999999998
5.767380000000001
5.136890000000001
11.814549999999999
0.7603000000000009
1.5096500000000006
2.8482400000000005
0.6980599999999999
-1.0468399999999995
6.4524599999999985
2.706950000000001
-2.7517500000000013
0.7533599999999989
1.9847699999999993
5.41648
-0.7169299999999996
5.90953
4.667819999999999
-3.6560699999999997
8.385886000000001
5.201509999999999
3.0374
6.45637
4.754500000000002
2.414719999999999
12.433239999999998
11.07891
4.746130000000001
3.0441900000000004
-2.4802100000000014
10.43676
8.866159999999999
12.13291
8.50522
2.58103
0.5608199999999997
13.80879
7.867900000000001
4.943289999999999
-3.8814600000000006
0.24887000000000015
2.477473
-2.895201
-8.968685
2.68665
7.5361699999999985
7.86651
14.427589000000001
1.330169999999999
1.08765
1.7087299999999992
5.798570000000002
-0.47265999999999764
-10.738791
-4.470219999999999
-5.145174000000001
-0.3466100000000001
-8.362552
-4.746671
-6.225716
-8.693618999999998
-6.2375799999999995
-4.290839999999999
-7.195669999999998
-5.032049999999998
-0.915989999999999
-3.1806129999999992
-4.674665999999999
-24.81695
-9.909949999999998
0.01562000000000019
-8.74033
8.771809999999999
-2.1353990000000005
5.142330000000001
-14.247708999999999
-5.826027999999999
-8.719878999999999
-15.386899
-6.390830000000001
-9.608361
-5.0542549999999995
4.2578700000000005
-2.9571369999999995
4.76477
-16.7910908
-8.831933
-7.23865
-7.3856779999999995
-11.738516
-25.10554
2.9906799999999993
-9.430829
-6.019109
-8.067651999999999
-15.053421
0.3495000000000008
-10.347764
-23.420521
-4.444299999999998
-6.478209999999999
-5.95265
-3.629629999999999
3.0582699999999985
2.797769999999998
-2.060399999999998
1.2322439999999997
-10.658849000000002
-12.241018
-7.2714929999999995
-15.592418
-1.6385199999999998
-0.09950999999999866
-9.147283000000002
-5.404515999999999
-5.207051999999999
-9.498966
3.7460699999999996
0.2724720000000005
-0.38852000000000153
-8.304499999999999
-8.18698
-11.664511000000001
-16.848625
-8.6928348
-12.536468500000002
-14.84957789
-8.642987999999999
-3.859876
4.052399999999999
-15.878243300000001
-6.615379
-0.41936000000000107
-14.453349
-3.518559999999999
-6.504548
-10.998797
-6.041106000000001
-5.786519999999998
-13.452387
-3.5132980000000007
-11.227444
-6.935145
-1.4269500000000015
1.4221900000000005
-16.0249126
-11.350579999999999
-5.14847
-7.291404
0.8407300000000006
-16.806646
-2.870659999999999
5.70326
0.0708700000000011
-11.363106
-16.382820903000002
-2.523719999999999
-9.9663
-9.710795000000001
-13.933009
-6.467700000000001
-14.026043
0.44872999999999763
-8.79105
2.537130000000001
-3.4341300000000015
-4.319777
9.076950000000002
-6.623399999999999
-4.947890000000001
1.4428299999999972
-11.615568
-3.4826099999999993
0.6201599999999985
-6.292332000000001
-7.768435
-2.4820090000000006
-6.445089999999999
-8.444509
0.46681999999999846
-8.592762
1.4128299999999996
-8.924755
-8.693166
-8.975431
-12.148130000000002
-9.910789
1.9622200000000003
0.6601499999999998
1.4050499999999992
8.497057999999999
-1.5736600000000003
-10.392943
-7.527488
8.456689999999998
3.441189999999999
1.0766099999999987
-4.50817
-1.1500770000000005
-0.39517000000000024
7.830159999999999
4.52094
1.49188
-6.146141999999999
3.2423
5.25704
-5.758639999999998
-13.1934067
-1.68215
-0.8965010000000007
-6.944775999999999
-8.324245999999999
-1.9043799999999997
-3.6312099999999994
-14.209308000000002
-8.245594
2.966849999999999
-8.448028999999998
0.3483799999999988
2.09075
-4.2749500000000005
1.3865300000000005
-1.600290000000001
3.76563
-0.13481000000000165
-11.3541312
-5.724538999999999
2.5820399999999992
-4.7654700000000005
-7.939461
-4.104477
2.048515
1.21087
-7.1167799999999986
-7.888595999999999
2.1686200000000007
-1.0600000000000005
-19.006045
3.8515200000000007
-4.90724
-3.133519999999999
-10.406245
-8.717904
-0.9022300000000012
6.02872
-17.564601
-9.341484000000001
-2.656645000000001
-10.375347
-8.935854
-6.504756
-15.301813600000001
3.667270000000002
-9.439221
4.33099
2.991679999999999
-6.234268000000001
-16.57194
-6.686099999999998
2.725670000000001
-4.715519999999998
-9.66155
7.3692899999999995
1.9976699999999994
-15.433167
2.1043699999999994
3.1627399999999994
3.0980600000000003
-2.301869999999999
-3.5373899999999985
-1.2560800000000008
-2.492190000000001
2.005399999999998
3.2848599999999983
-6.514823999999999
7.09084
-1.3732799999999976
-13.6108805
-1.0516500000000004
-1.7305600000000005
-0.8220399999999994
-6.29088
-18.235021
-8.2024
-5.729955
3.7389799999999997
-2.05368
-5.383583000000001
8.314589999999999
-7.786625999999998
0.373759999999999
3.8564799999999977
-8.464324999999999
-5.132534999999999
2.44876
8.99136
-4.15621
-1.9308499999999995
-5.118180000000001
-0.47607
-3.8341510000000003
-6.7014499999999995
5.96763
-12.638210999999998
-2.307170000000001
7.9377200000000006
-12.642385
-0.959015
-3.8410199999999985
-8.078347
-5.730169999999999
-6.482370000000001
-3.2693899999999996
-11.453195
-10.802717999999999
4.823609999999999
0.9885999999999999
-13.352706
3.182970000000001
2.2223100000000002
-10.598258999999999
-15.519964
-3.544413999999999
8.739594
0.23110000000000142
-8.65381
-8.819678
0.9920299999999997
-8.023917999999998
-10.39882
10.1147
-11.271739
1.4943200000000019
2.4589
8.98404
-5.322760000000001
-4.403650000000001
-4.348399999999998
-12.565418000000001
-1.8723539999999996
3.45739
-7.07011
-9.203044000000002
-9.232629999999999
-3.2386899999999983
-3.6456
-12.02634
-5.395909999999999
-13.312878999999999
-2.932409999999999
0.6726200000000002
-3.75037
7.1411799999999985
4.770910000000001
2.178379999999999
-2.0678599999999996
-2.4047099999999997
1.8252699999999997
6.273750000000003
3.536089999999998
1.6702800000000018
0.5145199999999992
-1.0013500000000022
-2.8680900000000022
12.732860000000002
-5.160530000000001
-6.060399999999998
-4.45884
4.546999999999997
-2.175229999999999
-6.1078600000000005
-3.0816299999999988
-1.7520700000000016
-4.214320000000001
-6.054950000000002
4.29326
-9.762809
-4.753911
1.10919
-5.6905899999999985
-1.77337
1.1072300000000013
3.3446700000000007
1.578009999999999
-0.8674800000000005
-3.01746
2.8616100000000024
-8.286392
-11.006724
-1.7012600000000013
0.8120500000000028
-1.0645399999999992
0.5594900000000003
-5.362950000000001
-3.2250300000000003
-7.329637
-6.439959999999999
5.453409999999998
-1.3813500000000012
-8.552405
4.993119999999998
-7.735280000000001
-10.125559999999998
-16.381302
-15.931249000000001
-4.289131000000001
-8.890147000000002
-1.9693400000000008
-3.82906
6.646070000000002
-6.755739999999999
-8.613884999999998
-4.1929099999999995
0.9876199999999997
-0.39048000000000016
-1.1014799999999987
-6.872832
0.06676000000000037
-3.945070000000001
-3.339739999999999
-1.9352100000000014
4.360309999999998
2.6941100000000002
-6.7008399999999995
3.590410000000002
4.96734
-0.2590199999999996
-5.1769300000000005
2.758610000000001
2.4209499999999977
4.19937
-2.60482
2.830799999999998
-10.553114
-5.263579999999999
1.279
6.89209
-6.162280000000001
1.4680300000000024
-4.034795
-11.19774
-8.843689
-6.307899000000001
-1.0711389999999987
-0.7632300000000001
1.8505900000000022
-3.9239099999999993
10.16696
-1.8826
-0.8997500000000009
4.05218
2.567540000000001
-5.6681599999999985
7.53187
-1.0860599999999998
-8.763409000000001
6.6853799999999985
-1.9265899999999991
9.48373
-5.160290000000002
4.669990000000002
-0.4773399999999981
5.852440000000001
7.473260000000002
-2.14466
6.053360000000001
-5.69993
0.7446999999999981
-8.503893
-1.8999099999999984
-1.8374199999999998
5.179300000000001
-5.691675
-1.4305599999999998
-0.5393399999999993
0.7516199999999991
-11.652985
1.2771799999999978
-3.9595899999999986
-3.8899799999999995
-0.6726100000000024
-2.0740000000000016
8.203850000000003
6.119589999999999
6.791269999999999
-12.088828999999999
1.094540000000002
4.553239999999999
-9.902261
0.6128299999999989
-4.810309999999999
5.125220000000002
-4.578759999999999
-5.7155000000000005
-2.1040899999999993
3.4491600000000027
-4.76455
-1.2249000000000017
-14.188879999999997
-1.0762149999999995
-0.3685399999999994
3.866669999999999
-6.520390000000001
2.7786599999999986
5.469360000000002
-1.8935700000000004
-7.446783
-10.22966
-3.283380000000001
0.7858700000000027
-2.6255100000000002
-2.7215700000000016
-4.13068
14.593800000000002
-2.66995
0.745020000000002
-4.599789999999999
-3.2255400000000005
-12.504876
-5.19736
-4.114930000000001
-6.4711500000000015
0.5256499999999988
10.29446
-2.65644
-0.3137100000000004
-5.476569999999999
-3.6433199999999992
3.8169000000000004
9.61009
-2.778609999999997
-1.8830799999999996
-1.0443999999999996
-7.767075
-1.1567499999999988
-2.093029999999999
12.82534
-6.56512
-3.5318600000000018
8.06786
-4.94144
11.20194
-4.173190000000002
7.415030000000002
-1.4492399999999996
-6.58731
-4.6998599999999975
2.1789000000000023
2.341380000000001
-13.632684999999999
3.0656099999999995
-5.758800000000001
-6.945369999999999
-1.1681200000000018
-4.986120000000001
12.101689999999998
0.46119999999999806
-1.1826599999999985
4.882739999999998
-1.1257100000000015
0.2463099999999976
0.9116099999999996
-9.130737
0.9283000000000001
-5.867720000000002
3.2721300000000006
-9.500229999999998
-4.4327999999999985
1.1154999999999973
-11.038930000000002
-7.301599999999999
3.952110000000001
-2.5350900000000003
-2.707200000000002
3.091899999999999
-3.6452899999999993
-11.855588
-1.4472500000000021
-7.30838
-8.94538
-2.9833100000000012
-13.831568
8.66487
-8.07611
-3.5342000000000002
-0.01501000000000019
4.356479999999998
-5.5458500000000015
0.7381900000000012
0.4342000000000006
8.25168
-1.2286000000000001
2.5895599999999988
-3.0873399999999993
-5.726549999999998
3.7980800000000023
2.1866699999999994
9.08437
0.37801999999999936
3.3529599999999995
2.770389999999999
6.781760000000002
9.99341
-0.9512
-2.7923500000000008
-1.5619000000000014
1.9897500000000008
5.65344
-2.504159999999999
8.034570000000002
-13.733121999999998
-0.7884200000000021
6.79881
-8.024950000000002
-4.526949999999999
4.40804
-6.055870000000002
-5.101220000000001
2.345749999999999
4.135400000000001
3.7889000000000017
-1.3770299999999978
13.882840000000002
4.009740000000001
2.778079999999999
-1.352059999999998
-1.28585
-5.488660000000001
10.71726
1.8248099999999994
3.9735200000000006
4.753679999999999
-2.8628
-3.517029000000001
-4.40241
-2.2090400000000017
1.9736100000000008
-0.25431000000000026
1.386140000000001
-4.46762
-4.49234
2.314420000000002
1.4217499999999994
0.7392399999999988
5.1304300000000005
6.042840000000002
4.349310000000003
6.864049999999999
5.906440000000002
7.514870000000002
2.92333
2.5811200000000003
-14.523869000000001
2.610710000000001
5.471599999999999
15.526599999999998
0.7258999999999993
10.254139999999996
-0.4980399999999996
2.2159499999999994
3.9976599999999998
2.66592
9.46491
6.114169999999998
15.040049999999999
-2.359560000000002
17.464180000000002
13.247500000000002
2.9273999999999987
-0.4115599999999979
4.264890000000001
14.894720000000003
16.07018
8.21415
-0.5225599999999986
-5.135099999999998
12.197949999999999
3.2026499999999984
-1.932269999999999
-8.43424
0.6676199999999994
0.24594000000000094
0.06798999999999822
3.14461
5.109879999999997
-1.249760000000002
5.764280000000003
-8.166559999999999
-6.637980000000001
8.996960000000005
6.758560000000003
7.19969
-0.21559999999999846
5.245799999999999
5.512629999999998
-0.7417000000000016
-2.001260000000002
-7.31507
6.183000000000003
8.74372
1.0942900000000009
1.4979800000000019
-3.035070000000001
-2.826360000000001
4.548370000000002
6.88466
-3.9131
9.528009999999998
-0.6506299999999996
2.589470000000002
3.810200000000002
-10.98877
-2.1340100000000035
8.09947
8.92184
0.44479000000000113
1.5440900000000006
-6.708099999999998
0.703520000000001
9.12979
5.617350000000002
-6.2667899999999985
-0.5253799999999984
2.9794300000000007
6.788399999999999
5.3042799999999986
9.31417
7.5332500000000024
-6.549719999999997
7.35594
-5.788360000000001
3.7668099999999995
-0.008359999999999701
15.179239999999997
9.520969999999998
8.32789
13.308780000000002
-1.0256900000000009
-9.20608
3.5726200000000006
2.6266399999999983
7.94744
5.713520000000003
3.07648
4.323039999999999
3.687800000000001
3.89837
4.9078599999999994
2.2820600000000013
-1.0491399999999977
4.0962
1.5607100000000003
12.290320000000001
6.166119999999999
6.28539
4.29983
8.231630000000003
1.4946100000000015
7.620329999999999
3.2372300000000003
1.1593199999999975
7.53998
5.729409999999998
10.997220000000002
-3.019449999999999
11.980639999999998
9.39255
4.3217500000000015
3.7310700000000026
12.763069999999999
0.3622999999999976
-2.558769999999999
-0.6339900000000007
1.2699800000000003
2.8586799999999997
7.092979999999999
-0.466389999999997
0.15941000000000116
-4.78717
0.8526699999999998
4.166730000000001
2.0665700000000022
9.785819999999998
4.07432
2.230990000000002
2.353550000000002
7.407830000000001
18.946970000000004
-0.5822599999999998
9.159380000000002
-9.11206
4.165019999999998
2.473379999999999
-4.118850000000002
7.557269999999999
12.563849999999999
2.0232899999999994
-10.530221
11.544099999999997
-2.029700000000002
9.108700000000002
-4.986330000000001
11.74539
13.014240000000001
15.833100000000002
12.886889999999998
7.598759999999999
2.1132799999999996
-1.9171900000000015
2.312540000000002
5.278169999999999
10.21095
1.8629499999999979
10.564679999999996
5.553930000000001
-1.3575099999999978
14.077229999999997
-5.682980000000001
-3.7677500000000013
1.5189899999999987
10.566880000000001
6.285179999999999
12.180300000000003
4.550070000000002
6.83878
14.230739999999997
14.417110000000005
10.81881
0.3784700000000001
10.57311
-1.365639999999999
8.738059999999997
9.808709999999998
1.0422499999999992
-4.55002
-2.52778
2.1896500000000003
13.29562
14.178450000000002
0.9433100000000003
2.1149500000000003
4.7322099999999985
6.509149999999998
0.7465800000000016
-0.8535600000000017
-3.8570400000000014
8.281500000000001
11.03605
9.768420000000003
15.979390000000002
1.6979599999999984
4.971170000000001
3.0889699999999998
-5.157060000000001
3.6906599999999976
14.862729999999999
6.690909999999999
-0.043019999999998504
13.288450000000005
4.10333
-0.3458500000000022
13.632089999999998
11.497239999999998
13.223139999999997
5.89573
4.1507000000000005
14.630259999999996
0.7017799999999994
2.3118300000000005
10.97609
5.071169999999999
9.511420000000001
8.05322
13.68046
14.60191
0.7215799999999994
9.4988
-0.6939799999999998
-4.496970000000001
3.6276200000000003
15.019849999999998
-0.546400000000002
8.67023
5.1697900000000025
3.05893
-7.059799999999999
-6.14292
10.255600000000001
19.57755
13.87266
13.45215
7.331759999999999
9.09217
10.330420000000004
7.341559999999998
-5.67271
15.422229999999999
10.328969999999998
-1.1662700000000008
1.8810800000000008
6.61476
2.532440000000001
12.159920000000003
-0.6026300000000013
10.165609999999997
5.3105699999999985
-7.449369999999998
7.97541
10.252939999999999
9.058900000000001
-2.951559999999997
19.012320000000003
2.0278300000000016
5.401430000000001
9.401399999999999
-3.8871399999999987
1.277549999999998
5.787189999999999
6.994110000000003
3.5092399999999984
2.740169999999999
7.316859999999998
6.50675
0.7482600000000019
-7.223560000000001
8.97774
13.787489999999998
0.3504599999999982
-1.9581799999999987
15.931080000000001
13.62755
19.277910000000002
20.95263
3.6520599999999988
0.3211699999999986
2.0457600000000014
14.048200000000001
7.436149999999998
-0.8890899999999995
0.8511999999999986
5.464480000000002
7.87088
13.632940000000001
-0.5268000000000015
8.92794
13.055339999999998
11.911640000000002
7.501670000000001
-4.22428
7.4648900000000005
15.718400000000003
13.026150000000001
3.5462500000000006
14.212419999999998
9.518870000000003
6.872059999999998
5.7458300000000015
4.399550000000001
5.996939999999999
-1.35398
16.312869999999997
-6.44867
17.76358
9.655069999999998
-0.21253999999999706
-0.18027999999999977
10.121759999999998
13.075129999999998
15.074539999999999
9.41413
4.502890000000001
6.789449999999999
0.3741100000000017
7.603249999999999
11.530299999999997
10.875700000000002
12.824760000000001
23.611210000000003
5.210550000000001
9.078140000000001
4.869199999999999
12.804670000000002
2.3098199999999984
-5.557490000000001
5.69041
12.251089999999998
6.55368
2.4712999999999994
-0.34572999999999965
9.931630000000002
4.720159999999996
12.868499999999997
7.313549999999999
2.7011199999999995
7.007290000000001
9.410340000000005
8.895570000000003
10.173610000000004
8.524799999999999
-5.832769999999998
9.963440000000002
15.38822
3.5011200000000002
14.55873
6.871890000000004
3.9900599999999997
5.568829999999998
-0.2240000000000002
20.67867
13.21939
9.421030000000002
5.50685
6.114919999999998
0.4833600000000011
-1.4049699999999987
10.075700000000005
3.47316
11.740329999999997
3.359069999999999
3.8213100000000004
10.2455
-1.0810999999999993
2.041450000000001
2.7898700000000005
-3.921389999999999
8.98788
4.88439
12.753100000000003
6.478080000000002
12.452680000000004
6.571670000000005
9.393049999999999
-0.37726000000000326
19.884809999999998
6.28134
6.4072700000000005
2.45411
18.48728
1.7671399999999977
-0.4685900000000025
7.7294100000000014
8.856279999999998
1.0215399999999981
3.4009899999999966
1.7105599999999974
8.151319999999998
-5.122399999999999
-6.69896
9.66132
3.9331899999999997
8.236839999999997
5.685739999999999
10.050840000000004
