37
49
88
108
128
144
155
172
200
223
248
267
314
327
356
357
364
370
371
376
406
409
420
446
561
574
594
623
666
685
736
740
757
785
789
792
793
819
824
836
840
864
872
888
902
903
948
960
1019
1024
1037
1053
1060
1068
1093
1112
1162
1194
1206
1220
1284
1289
1290
1337
1350
1389
1408
1410
1416
1426
1455
1469
1498
1520
1525
1526
1531
1569
1573
1592
1610
1672
1683
1686
1732
1754
1792
1838
1845
1850
1872
1895
1908
1921
1943
1974
2019
2028
2040
2101
2110
2123
2128
2140
2204
2207
2238
2248
2254
2291
2294
2297
2302
2333
2335
2356
2402
2408
2421
2474
2483
2519
2555
2556
2574
2583
2588
2649
2668
2685
2691
2693
2706
2723
2776
2810
2829
2846
2850
2855
2863
2919
2934
2942
2944
2962
2994
3011
3012
3031
3032
3038
3056
3081
3100
3105
3108
3116
3149
3153
3173
3183
3194
3220
3274
3277
3284
3293
3295
3338
3425
3428
3463
3498
3545
3633
3636
3637
3657
3669
3692
3695
3724
3751
3752
3759
3779
3811
3824
3834
3870
3931
3974
3980
3988
3989
4003
4007
4015
4034
4050
4053
4075
4082
4131
4143
4183
4189
4192
4241
4243
4246
4254
4261
4283
4306
4310
4313
4328
4363
4370
4451
4503
4507
4517
4522
4551
4590
4596
4607
4646
4661
4671
4684
4694
4699
4746
4747
4748
4765
4770
4875
4879
4888
4894
4896
4910
4923
4927
4972
4997
5013
5039
5043
5083
5103
5121
5133
5135
5150
5169
5182
5199
5226
5237
5258
5336
5358
5364
5388
5394
5416
5445
5530
5539
5558
5573
5588
5619
5640
5676
5700
5723
5732
5752
5759
5764
5773
5815
5826
5845
5850
5855
5870
5873
5881
5886
5900
5926
5931
5934
5938
5963
5973
5986
5988
6001
6005
6014
6043
6079
6109
6124
6151
6155
6224
6234
6241
6276
6280
6283
6286
6308
6309
6319
6338
6353
6364
6398
6408
6463
6473
6477
6538
6539
6551
6594
6624
6661
6666
6669
6705
6716
6778
6831
6838
6845
6854
6872
6880
6942
7040
7066
7083
7086
7188
7190
7218
7224
7291
7303
7310
7338
7347
7373
7381
7383
7386
7389
7395
7418
7430
7457
7468
7543
7555
7564
7577
7585
7588
7591
7615
7646
7650
7694
7696
7698
7734
7841
7885
7893
7903
7906
7927
7981
7988
8008
8015
8089
8107
8139
8172
8196
8270
8285
8320
8329
8334
8338
8391
8398
8403
8410
8417
8419
8433
8457
8464
8469
8478
8484
8494
8498
8506
8519
8527
8553
8595
8633
8641
8647
8648
8734
8757
8783
8801
8803
8847
8867
8877
8885
8994
8997
9016
9017
9018
9025
9038
9044
9045
9066
9078
9084
9092
9100
9118
9129
9135
9168
9204
9213
9252
9266
9297
9299
9321
9366
9381
9432
9439
9453
9456
9468
9485
9565
9577
9631
9635
9686
9696
9724
9749
9759
9785
9804
9824
9837
9856
9865
9897
9918
9919
9952
9962
9969
9974
9983
9997
10032
10045
10066
10083
10086
10145
10174
10221
10252
10274
10282
10292
10334
10357
10388
10408
10409
10412
10423
10424
10430
10463
10464
10485
10489
10497
10499
10500
10510
10531
10552
10585
10592
10605
10640
10652
10670
10698
10708
10721
10751
10771
10797
10804
10822
10831
10833
10875
10879
10913
10917
10924
10952
10986
11019
11043
11078
11108
11160
11175
11181
11192
11195
11220
11243
11267
11299
11310
11344
11371
11382
11398
11481
11510
11518
11543
11545
11552
11577
11582
11649
11654
11663
11674
11679
11687
11699
11708
11711
11720
11723
11753
11859
11862
11885
11930
11999
12014
12038
12048
12079
12080
12141
12155
12176
12179
12188
12216
12217
12231
12262
12285
12289
12296
12301
12302
12307
12424
12467
12470
12485
12525
12553
12615
12618
12623
12628
12632
12662
12707
12711
12716
12734
12738
12754
12755
12767
12777
12787
12818
12859
12871
12872
12881
12900
12915
12924
12928
12964
12970
12981
12988
13005
13033
13043
13085
13094
13104
13140
13150
13152
13161
13232
13242
13254
13294
13298
13302
13323
13329
13349
13359
13397
13434
13449
13461
13473
13476
13514
13516
13559
13576
13585
13589
13599
13629
13636
13692
13705
13717
13718
13753
13769
13849
13865
13867
13876
13899
13900
13923
13942
13949
13982
13994
14007
14026
14027
14030
14035
14053
14075
14107
14109
14120
14135
14172
14195
14255
14274
14283
14304
14364
14380
14411
14426
14467
14479
14507
14520
14523
14547
14624
14625
14629
14631
14634
14658
14809
14817
14841
14844
14876
14881
14883
14920
14923
14925
14927
14931
14934
14945
14978
14980
14987
14995
15080
15100
15116
15138
15149
15156
15172
15208
15230
15282
15283
15291
15306
15313
15323
15372
15379
15409
15418
15458
15474
15485
15492
15520
15527
15553
15561
15596
15639
15643
15664
15666
15683
15699
15707
15727
15736
15769
15789
15797
15800
15832
15848
15850
15928
15960
15982
15996
15997
15999
16031
16034
16041
16062
16070
16074
16139
16145
16147
16150
16153
16174
16273
16280
16289
16298
16342
16380
16395
16405
16423
16456
16457
16460
16480
16564
16608
16616
16632
16661
16680
16733
16770
16781
16799
16819
16851
16854
16861
16888
16901
16909
16910
16929
16946
16955
16966
16972
17057
17070
17089
17091
17112
17159
17162
17192
17224
17225
17253
17257
17272
17275
17324
17345
17354
17356
17359
17361
17454
17485
17487
17498
17543
17564
17581
17640
17646
17660
17666
17671
17691
17726
17728
17764
17791
17822
17850
17862
17920
17943
17947
17958
17972
17979
17998
18001
18017
18029
18031
18085
18108
18165
18190
18191
18204
18216
18243
18274
18276
18278
18308
18349
18380
18383
18388
18457
18463
18503
18524
18540
18548
18594
18602
18614
18660
18666
18689
18749
18750
18794
18798
18809
18822
18845
18862
18873
18881
18883
18890
18911
18921
18946
18975
18976
18978
18996
19016
19024
19034
19046
19047
19089
19123
19130
19149
19150
19164
19197
19205
19225
19229
19259
19288
19332
19348
19359
19382
19389
19409
19415
19423
19460
19462
19480
19529
19544
19591
19593
19634
19637
19643
19659
19684
19725
19751
19761
19773
19834
19843
19846
19862
19892
19894
19934
19966
19968
19974
20000
20005
20032
20037
20074
20076
20081
20109
20131
20161
20163
20180
20247
20278
20284
20287
20300
20310
20332
20350
20385
20391
20402
20429
20437
20444
20445
20519
20524
20525
20578
20585
20619
20624
20628
20648
20668
20671
20693
20705
20717
20741
20783
20874
20929
20985
20997
21009
21019
21020
21030
21049
21070
21088
21092
