10.78218
11.67874
14.56046
15.10849
17.95958
15.34023
14.94042
23.22128
15.29752
21.51471
16.5029
18.73385
5.093731
16.60632
23.55379
15.40203
20.07209
19.70252
16.33986
16.0917
17.10238
13.84777
21.28554
22.94574
12.58839
20.39091
18.92633
15.34087
20.99809
15.1754
15.19503
15.8111
17.9963
13.2822
11.27833
19.68998
27.53982
12.36708
13.82138
16.24686
15.32035
21.49154
17.01473
17.80742
16.80178
11.2648
15.06898
16.98113
16.30565
21.50735
9.672014
24.31826
23.90049
23.36418
6.556239
8.64842
7.545888
2.63587
8.509048
8.830417
15.20432
8.466806
3.840842
11.33214
-4.742498
5.034022
10.01131
9.835948
5.237607
8.361324
15.45592
-0.1178653
7.797267
1.88108
0.2934725
8.306529
-0.145804
4.315335
13.04632
7.679942
5.849572
-0.7379271
12.96513
8.146852
6.204388
2.959979
15.84866
7.517373
4.725934
6.524055
3.432099
10.6572
6.519719
10.97085
14.78261
2.127281
-0.1344667
0.816682
4.888592
13.4383
7.285503
4.619652
2.646784
5.221226
4.162677
6.662503
8.017675
8.457864
4.971246
10.90704
8.675933
-2.634198
11.35785
11.61468
-4.11298
14.30837
9.204297
1.825964
14.82637
1.012718
3.634556
2.186402
8.871397
16.43513
3.052512
12.12637
8.77474
14.19319
-0.4447391
4.864098
5.880081
6.632146
4.636659
6.530501
13.03387
3.786515
15.1025
3.579593
2.518037
11.98758
14.03997
9.552744
6.249032
5.815883
12.51047
1.73652
15.20849
2.163568
5.118514
15.68148
11.06355
10.2123
-0.6323091
18.34898
6.86993
4.356139
11.06155
13.28749
14.30944
10.28748
6.79412
9.985381
13.00309
20.50114
9.948912
14.87791
12.34924
3.80096
7.819386
5.597817
13.85595
15.08171
4.242994
8.560436
9.086501
14.76549
7.965384
5.109716
15.17839
14.76687
4.627478
12.5393
2.376205
8.063404
5.909963
13.77533
8.303862
11.59176
11.23531
7.803259
7.244345
11.76044
10.22173
-2.518892
3.759886
14.98415
14.21864
18.69673
5.343907
7.602656
17.38967
9.083925
6.567199
17.15019
11.902
11.52594
7.846753
9.571021
13.75928
4.445454
22.52001
8.461391
13.9132
3.981878
9.362949
3.108671
9.217612
9.882606
14.16562
20.31505
3.695939
7.589215
6.771476
16.74698
2.627138
14.43712
10.9419
16.74448
11.16967
8.457816
15.66593
7.782441
10.58273
11.373
7.060389
14.48814
12.93375
4.68091
7.620749
20.43838
8.583741
8.426278
18.25716
14.49426
3.254085
9.480795
3.345245
8.820067
8.965035
0.8336859
5.856599
3.072805
4.000077
6.91009
13.73366
17.16331
7.054009
17.44831
7.580377
8.608306
17.16641
22.48063
13.56708
23.37109
23.43913
21.07773
11.72432
5.900108
13.6301
17.87359
4.200853
10.44627
7.89017
13.65845
18.45894
14.05663
5.179725
10.08673
15.71719
9.515379
11.62486
10.31723
17.11563
10.25305
16.6936
15.71131
20.27077
7.586364
15.86418
15.18198
18.24896
13.84327
19.89907
12.42088
14.65137
6.9832
26.0906
8.605531
16.12207
13.15947
16.80533
24.38693
15.86409
10.21076
10.12537
12.198
6.755645
20.02818
10.99023
19.08118
7.913077
8.578933
16.90074
17.25814
4.761363
8.606244
21.67706
17.58076
22.27285
16.7877
17.79354
5.782062
10.60078
15.16255
12.46506
18.16051
15.88256
12.70847
12.86714
17.88881
8.969406
10.61898
15.18978
1.41977
7.054174
17.40852
11.13432
14.39722
11.01425
19.35321
9.110455
14.11296
10.13378
5.733072
6.733189
11.35614
7.011055
18.91506
15.74196
6.193779
13.5836
10.46965
14.37697
17.73551
7.797256
10.09825
16.75432
16.24809
17.83737
3.672995
16.32705
22.55715
14.86153
10.40005
7.507415
17.19639
22.20504
14.41086
10.35039
23.15903
24.30559
20.83439
10.60958
11.93932
14.58423
17.83818
28.50277
20.46374
13.52811
21.85239
14.5886
17.97608
16.76834
20.2263
8.815352
12.14154
10.93208
11.82087
9.767671
14.70111
8.551648
21.68206
5.292385
26.88854
20.02634
14.95725
14.27221
16.52365
29.0764
12.32976
16.05814
13.33578
13.72621
12.2875
15.16289
13.33925
16.41304
13.93029
19.13885
14.80601
20.15779
15.99918
16.19512
14.16703
7.612499
18.16755
21.24127
21.11826
26.31618
16.54514
11.79023
11.40434
17.89822
20.11557
14.46838
21.06379
19.24936
17.89419
15.08676
14.3977
18.5536
21.652
11.99165
20.51315
17.45545
19.67284
9.165624
13.89558
18.2891
20.58719
13.81546
14.98619
15.01622
17.68593
15.38571
16.18078
17.20958
15.4963
15.60974
11.11264
15.63546
5.687161
13.41638
22.63712
10.56691
10.46109
23.73724
14.72837
23.19226
17.94586
21.67281
14.04939
13.7258
20.63384
20.22904
19.06465
21.94078
14.89386
19.55263
8.965638
23.55344
16.32724
12.9465
15.06638
10.57859
18.18043
17.25546
11.43056
13.68935
15.28355
20.23946
15.09326
16.64653
11.69749
21.31878
19.5119
20.96399
12.61579
17.07405
18.74655
22.97219
21.33141
16.73821
11.04713
12.03588
9.944992
14.58549
19.92635
7.820364
16.10709
24.60343
24.78841
18.24866
19.03885
8.80286
16.73155
18.82721
16.86581
10.86537
16.98488
19.25652
21.18278
12.11132
24.30347
9.642462
16.46172
20.00723
18.56468
14.68163
23.94018
21.9152
24.11321
14.53934
14.1903
18.1134
25.38254
24.23051
15.96398
10.5634
24.29387
23.91677
17.33337
14.38216
14.44266
9.488909
19.48092
23.06804
12.66862
25.39593
23.29965
14.45283
16.06273
15.24628
21.00022
24.88696
21.5654
21.16553
9.15151
22.69537
14.83665
17.06658
20.69055
21.32446
12.72569
18.7678
24.74162
28.4214
20.57857
26.71334
16.72963
20.31371
16.93945
13.19708
20.08147
21.69995
19.02123
23.04203
14.27939
25.81046
12.86621
17.86333
24.10557
19.19329
21.42382
18.59261
19.20971
27.22917
19.58851
23.43933
27.36083
23.36863
19.91971
17.73279
15.68698
19.6227
19.51261
20.32831
27.69575
19.79215
20.24127
20.73294
25.40066
18.64785
25.58116
23.80808
21.58379
15.23239
13.86352
21.81908
22.46219
19.40075
21.5209
14.02754
26.70236
15.55015
23.89179
22.32805
32.18972
16.6559
19.16667
19.52469
26.86774
21.4248
15.79594
25.49553
26.0835
18.07208
20.81518
21.52655
20.44067
24.71157
23.79806
13.04953
23.7274
16.55259
22.87479
26.79959
20.61553
23.29671
15.81993
21.8918
24.8229
27.67013
17.45148
12.54415
28.31858
22.5219
25.28142
18.4664
13.91873
15.8373
24.48208
19.3841
19.06587
25.18727
18.92296
16.73907
24.661
24.72804
20.53028
13.08633
20.43675
25.12961
12.81951
16.57883
22.44603
22.43674
17.37081
23.51649
16.42057
31.5426
23.48547
17.42029
34.12821
13.46807
26.77017
27.76715
23.50039
28.14456
32.9527
26.553
24.7404
29.92179
19.66854
23.30065
24.81296
19.83379
32.61192
25.06731
16.39421
15.58233
20.22977
15.92051
31.54301
29.59404
14.15195
24.81736
25.12863
27.16686
26.68006
25.24442
24.46669
28.97531
28.77634
25.55533
30.87334
31.93723
27.82424
25.07791
25.99212
22.07603
22.96875
24.21055
17.27078
22.10821
21.51516
24.49549
20.69183
22.20951
21.14554
14.12393
21.2485
22.67753
14.78503
26.53628
19.74674
26.10655
24.27344
25.64013
31.93912
31.61925
18.21211
24.91183
32.23271
19.45904
21.2262
25.40786
29.13845
17.16267
33.6364
19.76443
28.62462
27.01026
20.79171
21.39066
20.52932
29.6947
17.67309
27.65796
24.63291
22.84894
23.59697
22.42424
31.44725
27.46517
25.1883
19.10126
25.41876
22.46463
19.16853
21.01818
22.34124
31.36493
29.06929
24.09496
26.25693
20.18563
29.50819
29.81766
20.33576
20.47452
21.9005
21.36708
25.21154
31.80266
35.6152
21.19182
31.03379
37.45539
18.30798
27.02753
40.23126
34.19961
24.43179
22.66341
23.46538
32.23772
32.48969
22.0291
35.64461
32.6264
32.04253
31.12869
28.51874
23.60665
27.95287
23.41365
24.61175
23.03961
28.48968
24.04854
27.99077
25.44459
28.62983
18.50586
28.78614
24.55815
30.01932
20.46302
25.16624
24.86847
20.25035
22.97385
29.87894
17.64825
34.60817
34.68506
33.24263
32.20583
23.32479
22.66
23.32954
26.83288
23.53843
24.69883
26.49969
18.1663
25.13673
18.58561
34.63226
20.38962
29.74564
24.47473
24.91874
24.15005
21.48635
28.49618
25.92472
31.40231
27.20063
31.13032
26.41381
20.24984
31.40759
29.40536
27.2775
25.89042
32.332
27.78894
26.87594
32.45531
24.78251
28.17998
26.13715
28.71657
29.65318
26.27159
26.07487
24.9526
20.08582
37.87902
25.67892
27.29077
34.43042
23.08856
28.42781
33.54393
27.3543
33.17643
30.44848
32.01698
27.57187
29.59973
32.24253
23.82795
34.14173
31.12381
30.24815
29.80864
27.86047
34.09145
26.91468
32.01756
29.11261
29.1456
31.63752
33.57173
29.13519
20.10781
36.35105
18.03734
27.73013
24.36271
33.65026
39.10257
30.5048
25.91372
27.65333
25.30568
32.13624
27.40469
30.12534
26.7106
31.27456
26.94491
33.26241
24.09631
32.02779
32.73787
24.99739
30.81622
31.78489
32.17677
27.82939
30.44426
26.38818
33.56976
30.22883
30.54138
23.47107
27.03456
34.46632
28.19058
25.92492
28.41805
35.21402
27.17895
31.75435
30.15202
25.78923
29.39045
26.22458
21.38883
41.08867
24.51647
21.29751
25.02979
30.84395
27.82406
24.19814
22.25045
29.70798
27.67734
31.67218
30.35821
36.74981
27.04852
32.6492
28.30043
30.3924
28.43035
28.98833
34.45476
37.5172
20.45083
30.50368
35.48435
33.2558
37.02096
29.78172
31.49825
30.72317
22.94713
23.76891
22.30123
32.22716
41.87984
35.23596
29.32417
45.23515
28.60507
31.49536
28.02473
33.45542
25.69823
31.14947
27.19357
33.6328
36.51943
35.40695
31.39722
32.91823
36.44328
38.42832
28.90102
30.56689
35.93912
32.00112
31.94517
30.1369
32.40018
31.71128
33.73072
37.20513
39.14663
35.90564
40.41109
30.84837
31.57367
32.0175
31.51778
33.14858
34.13386
27.69907
26.89967
31.82213
33.79539
41.6675
29.40305
24.10679
30.73252
31.42797
30.3786
33.48536
29.22625
34.7893
34.56319
31.39053
30.99471
31.97184
31.21818
24.36624
26.45742
39.48043
40.64135
36.33243
29.23683
28.20828
20.21864
33.73589
33.15175
41.85357
32.68211
31.3399
35.46298
34.78746
34.8082
31.65085
25.40574
27.29908
39.94867
34.08743
35.51092
37.43559
34.06883
33.01351
41.03895
28.66925
37.48044
34.24223
38.79996
31.65987
38.79734
34.44671
30.02831
33.2489
32.32025
30.45587
36.42754
34.36512
29.23741
35.78858
32.31004
32.48594
29.16474
