1.486274
-0.590453
0.9199931
2.140709
2.790839
1.844509
3.457349
5.55527
1.271755
2.594093
-1.366549
2.486236
-7.312646
2.743489
5.572364
5.068349
4.648286
2.639147
5.65632
-0.6804583
1.216255
3.524515
5.405039
8.968925
-0.2663145
4.861819
8.336898
0.9345248
5.418247
4.409775
4.365855
0.2867714
3.544217
1.030416
-2.744945
4.437827
4.851121
-1.233431
0.1228705
2.203835
-0.5414971
6.382727
10.12161
6.662237
0.8934164
2.733163
1.296755
4.898416
6.525456
5.405905
0.7176571
9.017605
5.277654
6.099225
-1.55171
-10.2791
-6.543652
-8.171384
-5.053195
-3.729828
-1.189474
-8.067498
-11.99525
-2.916205
-12.73956
-8.796651
-7.027037
-9.321308
-8.820913
-5.803107
-0.3782666
-12.15994
-5.868962
-9.456531
-11.8441
-7.276107
-11.45785
-7.891887
-4.769177
-4.099449
-3.555181
-14.53202
-4.09546
-11.77735
-5.543848
-10.94322
-5.267942
-5.502295
-9.365264
-10.99158
-12.30305
-5.931619
-4.627274
-6.334786
-3.809393
-7.604176
-9.106014
-11.23559
-8.37335
0.7975394
-8.069776
-11.28196
-8.311495
-10.54818
-6.568624
-6.146589
-6.449506
-10.93833
-7.865149
-1.475946
-9.839568
-8.830883
-4.232028
0.0318219
-12.10644
-4.507186
-5.028278
-10.59489
1.746318
-5.331849
-12.75402
-11.02527
-3.448681
4.048912
-6.291634
-5.274392
-7.838174
-1.98669
-9.957891
-10.89788
-9.718263
-7.2433
-10.44134
-6.64658
0.9774731
-11.83864
-5.032006
-11.00805
-9.80959
-2.429376
-5.407065
-8.035278
-11.62029
-9.433781
-2.157385
-12.88637
-2.244142
-11.23406
-7.231184
2.581016
-1.43379
-3.465872
-12.38468
0.4662221
-11.62881
-8.07705
-6.148547
-2.326728
0.09873744
-4.687003
-11.28753
-4.847626
-3.457752
0.2122421
-3.624796
0.2786068
-5.465028
-9.232154
-5.02257
-6.429064
-3.534225
1.745055
-10.54969
-0.5366797
-4.83004
0.2727695
-7.797045
-6.485188
-0.5684818
-1.861693
-7.029461
-0.9227097
-11.86685
-4.139408
-3.794123
-5.06818
-3.388141
-3.462589
-1.854836
-6.342999
-8.23285
-4.429114
-11.65181
-9.163265
-5.910667
-0.1113229
0.6627824
4.833752
-10.10028
-1.975336
-0.9405254
-3.238143
-4.795674
-4.273906
-2.865789
-4.405385
-6.844715
-5.770078
-2.74288
-9.211997
4.463783
-7.012958
-1.130114
-7.47449
-7.830831
-7.459188
-7.939278
-4.27089
-3.377629
-1.719554
-6.080677
-4.045061
-5.827196
2.15205
-7.719211
-4.266007
-5.730077
3.729707
-2.098593
-3.217752
1.93551
-10.11024
-5.616617
-3.305748
-7.564346
-4.331035
-0.2594955
-11.99783
-4.586133
3.127866
-7.655285
-5.878922
3.76618
2.604534
-7.900532
-1.902723
-6.920876
-2.439075
-5.714929
-8.918605
-8.319008
-9.650852
-9.720643
-4.497687
-1.776696
2.882442
-4.55453
3.654347
-4.671315
-7.424765
-1.638088
4.973095
-2.280595
5.994431
4.768161
1.176649
-4.638713
-10.30503
-5.452174
-1.921047
-8.050303
-5.267349
-3.738324
-5.585545
3.679939
-4.506646
-8.6445
0.2112196
0.4066442
-10.377
-1.913612
-3.979833
-1.531427
-2.119135
-1.083658
-4.556357
0.2743137
-12.77264
0.5235491
-0.3855231
0.4980024
-2.668445
1.165691
-2.92367
-2.689656
-4.151742
3.436955
-8.417287
-7.066184
-3.114713
-3.050592
7.09827
2.418793
-6.339635
-5.327252
-5.280071
-8.045244
3.511226
-11.3559
1.104767
-9.644378
-5.348128
-2.828176
-2.798054
-10.65939
-7.400239
0.3036933
1.342141
0.008102084
-5.527392
0.6667767
-9.233028
-3.852956
-4.52308
-3.233457
-1.418439
-5.810545
-3.364423
-1.635447
-4.628824
-5.685243
-10.47862
-2.331617
-11.66634
-3.507202
0.1503326
-6.410969
0.5170355
-5.065977
1.176299
-3.952034
-4.312195
-5.592298
-8.524457
-7.239369
-3.341036
-4.558258
-3.549265
1.712418
-5.563844
-6.073511
-8.304564
-7.155206
-0.8921284
-9.765836
-3.463418
-3.700008
-1.067748
-5.024099
-4.512515
-2.033675
0.7101004
-2.3563
-5.856614
-8.606214
-4.663967
5.521048
-3.558588
-5.705647
2.965276
3.303297
1.076481
-10.50441
-3.761854
2.852131
-0.5381075
6.519023
2.259736
-1.974479
5.779731
-5.077218
-1.143333
-3.460798
-1.277125
-4.161193
-5.255309
-5.834259
-2.621385
-2.346155
0.06063078
-10.95189
-1.503659
-7.8837
2.512585
3.161205
-2.471396
-3.884426
-5.890453
6.457005
-0.2834994
-5.872151
-4.67575
0.7956012
1.046628
-3.668907
-6.197753
-4.278194
-9.905394
0.9967263
0.1547878
2.65126
-3.413229
-1.785473
-5.04627
-6.719961
-2.849163
1.180786
2.161021
8.222107
-0.06988311
-3.790681
-3.22681
1.068514
3.287874
-5.312749
3.774025
-1.543384
-1.572162
-0.1686679
-5.698624
2.000918
2.30734
-5.507607
-0.1634021
-3.724923
-3.795957
-7.841376
-3.709215
-2.13974
3.148687
-4.815049
0.05511736
-0.7045352
-0.7461886
-1.83089
-0.8092132
-1.646016
-3.203347
-1.436149
-9.751479
-2.652548
-9.626623
-3.44252
-1.079639
-6.507503
-4.262598
0.936518
-5.737635
0.2319039
1.344099
0.2395472
-7.44109
-2.611337
3.203529
-0.7981216
-0.875878
1.252705
-1.399318
-1.218889
-5.932762
0.4809356
-1.472566
-5.340087
-2.675392
-2.59559
-4.785921
1.971167
-0.1674553
-3.566511
-1.201264
-0.1923633
2.322837
-1.857048
-4.267897
6.412159
1.96674
2.425589
-4.171796
-2.731471
0.4414912
1.293774
0.8338769
-3.184355
-5.332252
-4.02437
-4.10889
-5.927131
-3.170057
-5.946864
-0.393969
3.627663
4.052128
-1.287103
-0.5620081
-5.526176
-2.587691
2.9128
0.2090068
-1.998564
-2.527482
1.085723
3.106903
-4.96065
2.938964
-4.368422
0.6362088
2.496772
1.374143
-1.638729
1.406464
-0.2479987
-0.120319
-2.158082
-2.029737
0.1320415
1.509824
1.003473
-2.58104
-8.41086
3.702741
2.661983
-2.059207
-5.199912
-0.07807443
-6.20001
-0.9926284
3.809785
-2.601864
5.476869
3.331318
-6.045925
-1.04184
2.199219
0.1198272
5.852109
1.43557
4.703922
-4.56423
-0.01610152
-3.051328
0.04059437
-3.840719
3.645304
-5.876644
-0.9621563
2.390673
3.2451
2.484197
-1.253808
-4.627082
-0.02185121
-2.466462
-1.449699
1.779374
5.821595
-4.9506
9.64883
0.1781916
4.996318
-3.745921
2.488006
3.866727
-0.9874025
0.2840906
-0.7282625
-3.662483
4.095554
2.636464
-0.7116162
5.592448
0.7212875
-4.095217
-4.331149
-2.66593
-1.706615
-2.76121
1.599049
4.590881
3.01363
0.3479735
4.312723
-0.4005496
-3.561815
5.125994
4.679974
4.389536
-2.05288
-3.374426
0.04405308
4.108741
-2.540465
1.626444
1.020754
2.808931
-2.031502
2.596156
0.0487421
7.264408
-6.278261
-3.697832
5.568015
7.35766
4.717908
-2.052439
2.735867
3.714102
2.57359
2.430106
2.291425
2.017492
7.775748
-1.787844
-3.808455
6.060665
-3.50867
5.141878
0.8955569
3.378024
3.779851
-0.9468915
0.4157576
5.261688
10.02299
-0.4868613
-3.948455
6.924545
1.331505
1.427061
-0.2280329
-2.753883
-4.22927
4.013695
-3.650307
3.094173
0.7435979
1.720395
0.3157219
4.624973
5.153689
0.7699216
-6.13408
-0.9120855
2.954172
3.807202
-0.6811332
-0.6756376
1.373514
-5.052007
5.473013
-5.221048
6.795966
4.506389
2.09045
11.8668
-1.746747
5.029015
3.791106
1.295123
9.616045
8.762502
4.900433
-0.1131174
7.482102
-0.5738294
-0.03471584
1.896091
2.583299
4.002978
4.23732
1.245613
-1.171928
-0.1750701
-1.584354
6.618875
4.610658
-6.329896
3.695458
4.624868
1.474267
2.195352
3.947589
0.9085135
2.975001
5.395031
3.807659
3.302875
9.80664
3.791369
1.894577
4.099015
1.038643
1.194686
3.801982
-3.110889
3.654705
-4.442328
5.138159
1.329403
-0.9204245
2.035154
-0.7107197
0.4154116
-1.767933
-3.026091
2.418501
-3.927754
5.800285
1.3738
3.369942
7.082234
8.094666
-0.1889436
4.709223
6.962012
2.216578
4.657025
4.484049
5.726062
-0.6394503
7.863752
-0.06108935
3.415675
5.425431
1.306035
-3.071151
4.104605
7.180319
-0.7245599
3.09074
2.716232
1.752145
-0.1388915
-1.060206
9.220421
4.109123
4.396185
1.307257
4.810292
-2.654225
-0.235156
1.455243
2.203048
7.319972
8.543848
1.980264
7.817115
2.257014
5.438742
5.655236
1.254725
-0.08563315
1.903571
-1.09066
0.6113422
8.420366
8.510262
-1.968262
6.904968
12.4269
-3.544113
4.47763
10.86432
9.746645
5.956551
0.4331178
2.386473
13.58729
6.368899
-0.6473072
12.78974
8.276621
0.7161141
4.993094
4.371845
6.055038
11.31129
2.170676
6.259749
1.300572
8.576655
6.381395
6.803268
1.268055
7.080037
-0.4544248
6.27192
3.889286
4.150133
1.313983
0.972189
3.049953
2.255296
0.07636007
6.154045
-0.4072803
9.29883
7.253802
9.015272
8.319155
1.346506
1.257522
3.903993
6.829679
4.651465
3.889808
1.012925
-2.064609
6.730641
-1.620288
6.957714
-3.244324
7.145262
4.106316
0.5061951
3.36952
0.9220981
7.940658
-0.2873842
4.249654
5.064618
11.54759
6.926321
1.993499
10.1082
5.280759
2.828864
2.789118
6.588211
5.510573
1.856831
7.422337
0.2117608
3.324941
8.992972
2.777095
2.199512
1.780605
5.203659
0.7428688
4.271512
10.48241
1.577371
7.767238
10.3631
-0.3652687
6.213489
5.943696
7.838662
11.42086
6.881801
6.026104
5.593518
2.701888
8.163154
4.872974
5.660389
8.40464
7.449893
6.219989
5.646302
11.80274
2.280786
11.81044
8.693187
4.448004
8.285956
10.32389
1.968247
0.4487772
9.888407
-1.011233
4.049587
2.654916
7.441263
8.238618
4.596623
4.678729
8.731902
1.17542
9.393169
6.370854
8.070205
1.856044
4.107478
2.201154
5.048536
0.2384222
3.381407
5.866907
3.071268
8.261564
2.893843
6.068348
5.064371
7.303453
1.753716
7.884417
7.319335
2.610196
4.884197
1.775631
9.004547
2.03912
5.352967
4.325138
6.903401
8.063529
7.9874
6.974774
4.315094
0.6173596
5.931905
4.361334
12.97474
2.930884
5.590377
3.121878
6.68682
4.169377
0.6186816
5.600052
8.328648
6.960087
10.23449
6.389394
11.17634
0.4534209
14.11969
2.051661
6.236378
8.076178
6.666771
2.135487
13.50345
0.03411566
5.322241
5.974704
5.210862
9.835508
8.767103
7.575431
8.898802
-0.9184669
4.75636
-1.26507
13.3528
13.56878
9.918091
8.156291
14.49685
5.701808
8.302954
4.111998
7.205134
1.046218
6.306241
3.54464
6.636522
9.130847
11.30026
10.19773
8.119507
11.77031
13.94297
4.741799
9.881625
14.57266
9.680444
7.467398
9.416834
6.524815
5.521898
10.12196
11.74157
13.23135
11.41514
12.4076
6.822962
6.726096
9.464447
5.830354
8.376562
8.276314
6.243556
5.048093
7.110043
11.31572
13.9665
3.157147
1.75271
7.857833
6.411451
5.21152
8.545164
5.967148
10.14051
8.690888
8.16663
6.10799
7.893512
9.82132
9.149135
-0.2847413
10.98806
12.6595
8.669258
2.136531
3.43007
0.5491623
3.534381
8.393934
8.831257
7.620819
6.983337
7.554673
2.934151
11.60066
9.621463
-1.115251
3.799123
14.27249
9.04827
8.785595
10.81458
10.21287
10.1142
11.45523
4.562417
6.563819
7.670216
11.69711
9.649109
10.18648
5.049035
5.818613
10.40189
8.881779
7.915411
12.55576
8.196042
6.103838
10.85065
10.40613
7.850841
6.53891
