16.69932
0.9334775
8.070302
14.55107
17.85452
23.57818
15.79762
23.90569
12.32243
22.39624
18.10488
12.58511
0.1614814
20.23727
29.79545
8.389602
19.82874
14.15952
20.15535
18.68334
16.89817
17.46404
30.52738
22.87568
15.26943
21.68565
21.59057
14.60402
16.13242
11.20041
13.77539
17.65965
20.37415
4.514462
15.93647
20.40525
26.2062
21.11379
8.734973
18.02633
13.78
29.76925
21.77312
17.61195
17.52036
14.32667
13.29299
19.87858
5.1687
17.43162
15.47857
20.75125
23.82618
32.836
14.04859
11.25758
15.96914
6.060579
11.41537
2.369889
16.151
7.589243
-3.489932
17.84016
0.04451858
2.434834
12.4771
10.92204
-8.969226
11.97546
9.814689
-6.10539
14.71544
8.007808
-5.619724
5.53274
-4.08934
7.152965
17.97423
10.62377
2.366641
3.704378
15.4051
13.74833
10.25736
0.7065454
9.288384
12.68269
6.932063
3.242342
3.94449
6.947214
-1.54749
15.05933
12.07335
2.295219
0.3254978
-1.726578
2.558505
19.03624
14.0133
10.57575
6.597692
9.940414
8.935739
3.527516
0.7164736
1.346803
2.989064
8.457484
3.140404
-7.296047
10.88298
13.49939
-3.859244
8.550187
10.11358
3.777862
9.712167
9.314026
-3.279461
-0.7833391
5.371861
16.63544
-10.88432
13.13527
7.575273
3.891377
-2.028232
10.36133
5.635282
7.379469
0.3789971
0.07377466
27.00498
0.5752824
10.23082
0.4329823
-4.23969
5.097405
13.94508
10.30464
4.517789
8.94846
11.37233
3.958616
14.09343
2.884176
3.498459
15.68772
12.92108
4.418171
-4.787407
15.83558
0.9216365
12.50406
14.39164
20.8328
20.52649
3.788252
-10.76143
12.46536
14.41651
25.47377
17.47302
21.21196
20.57469
-2.028484
3.929799
0.3876459
6.871096
13.87467
7.869618
4.993294
16.50623
15.4418
1.090212
14.35128
7.725079
6.626958
8.148837
15.17989
0.9861883
5.908154
18.82079
15.64902
19.34622
8.824132
18.19345
12.10289
17.82794
18.22461
24.66922
-13.65953
2.458609
13.31848
14.03601
19.64049
3.321947
11.84083
11.31504
7.781502
-0.777846
17.92921
9.594106
10.17594
8.926068
13.80823
14.82402
-0.02467814
17.19887
4.558985
16.17426
3.880268
9.23512
8.734991
12.13305
5.372559
7.856942
22.37574
5.966205
8.730596
4.552581
28.1955
1.343885
8.712896
8.973616
18.61696
13.9559
15.00726
20.08238
22.45626
11.85356
15.27309
1.123545
19.7526
14.98385
0.07533668
6.140058
13.62933
15.1914
5.626763
21.44451
11.37137
-2.117769
10.16401
13.96951
16.53039
6.39514
13.21818
-1.431376
-1.540507
0.6992738
8.926884
13.75478
18.06396
1.58995
16.3905
8.903841
1.586541
16.62113
27.80933
19.79039
21.85029
21.76668
26.28999
19.0887
10.14482
14.70178
22.95738
8.35582
15.49909
4.660427
13.40254
21.86984
6.415345
0.2133395
10.21491
22.42157
20.19898
11.72466
18.14383
12.35617
4.935861
22.74128
8.805262
22.29339
7.456155
6.870536
21.78169
24.56507
9.437711
26.68643
1.437182
15.74982
5.751357
30.96823
8.060052
18.35635
17.05202
16.06885
26.16484
10.80484
15.08396
6.969554
9.435724
14.05052
21.8948
10.42777
20.18485
4.202612
2.495805
15.75455
20.56759
4.492032
10.27631
17.89593
16.1517
21.06779
19.1447
13.16084
3.402706
20.90402
12.74863
16.43171
15.835
24.33692
14.52932
6.382089
22.19474
6.234568
5.920337
25.28878
6.917584
9.95299
15.58943
6.002912
20.89031
11.38051
13.58893
10.47433
28.53986
8.456001
3.584929
8.450523
10.07689
-2.117197
13.06888
25.59347
8.824769
13.85947
8.89106
15.81826
24.71378
14.3574
4.74682
18.49252
19.45382
17.48954
-2.620648
10.37746
36.5773
6.281295
13.37199
9.317373
31.05769
12.1526
19.42978
10.66446
27.10356
19.27753
11.74925
9.789144
1.125788
10.03207
17.5413
24.76457
23.39537
10.98035
13.30253
9.681952
11.37392
13.86059
15.44848
14.56276
13.42397
6.523014
6.383245
8.79864
18.37777
8.496816
18.28628
8.171801
24.64583
22.80971
13.60819
9.344749
27.86751
26.82591
6.298555
22.18697
14.54603
6.346977
13.14754
30.47151
26.18308
17.14416
9.148113
19.32384
8.931445
28.26629
11.2282
12.61303
10.5886
4.80767
14.1303
23.07615
18.30418
25.40689
18.61215
7.231487
7.274602
18.84047
21.58954
16.90684
20.17219
25.19416
21.5866
14.1964
14.44112
21.52002
26.05186
5.584918
15.18396
25.69673
13.92746
9.770267
16.44764
27.32093
29.08989
17.28767
25.72161
15.82037
17.671
16.45338
26.06038
17.21157
23.41129
19.46941
16.14366
27.86315
-8.672882
15.2839
13.64221
16.94526
9.166487
19.88636
11.19624
26.02214
15.37602
17.27487
14.94365
12.46151
21.53425
18.3308
14.2069
26.65626
9.018717
5.350757
13.06098
38.13383
23.18166
19.82182
13.75974
7.230943
25.2179
20.91561
7.957022
16.20074
12.92131
18.65379
19.56169
18.53749
21.14899
22.63136
16.72831
14.41555
9.372632
14.47634
20.53456
24.68721
23.55092
20.82557
10.97969
10.72762
8.756369
16.04508
23.25102
16.33869
13.59851
19.61255
24.09365
13.9301
20.20645
17.21538
15.3515
20.33195
22.2964
14.36366
14.79698
12.61329
12.57168
23.61122
20.24277
4.426615
24.40638
21.7789
21.61627
16.06085
20.04084
21.13635
21.01101
9.775345
11.7559
15.49176
22.76561
24.92755
16.68398
18.51262
23.7312
28.32344
21.94544
13.34156
14.2095
11.10824
25.49482
18.05385
9.557462
23.79371
20.86209
20.656
23.52281
15.32492
15.7208
30.79955
23.53359
22.56858
10.2243
28.5521
12.04896
20.33983
19.83141
17.09606
1.494284
21.62612
18.42122
28.54382
13.25036
26.66257
12.92743
19.20985
18.46049
10.34552
16.11834
17.13132
15.90871
13.85985
6.97211
26.66007
12.67102
19.78593
30.17916
20.19745
28.99022
17.72495
22.04282
30.75711
15.82423
18.6051
17.86055
33.32305
23.36797
24.93925
21.56098
15.55251
20.10555
12.5557
30.87813
19.18995
25.43308
27.0873
32.66895
7.539325
28.47034
27.87475
24.1465
16.91777
12.12591
23.79339
16.56908
28.40508
24.3899
12.42101
33.18743
25.86409
28.81013
15.96515
32.11048
20.49981
14.45747
17.59224
26.53414
26.97401
8.27287
20.01256
27.68444
18.9142
15.89798
27.19413
23.58799
21.6895
12.57698
16.80146
24.68962
16.21278
25.72069
20.45105
21.0202
26.70858
20.94285
15.11176
21.49581
23.47811
14.6678
14.05015
22.35021
27.52935
25.2405
24.82521
10.24941
14.14399
29.42531
23.70326
24.35236
29.40029
11.24048
17.18087
23.32079
9.439149
20.14237
6.077603
24.27216
20.07761
14.49455
22.17046
20.34988
19.61079
18.0333
32.72461
9.998468
29.20626
28.60836
11.0823
37.5958
14.71677
27.33054
24.35752
10.40378
32.67314
23.55263
26.01279
29.37104
31.63377
17.95769
34.93162
19.11015
19.58084
40.7234
22.90653
16.22032
12.27933
19.09
14.23945
28.49522
23.30936
14.31585
27.7396
24.86813
20.31468
27.91412
17.57786
14.29715
30.7876
29.39564
28.09076
31.13668
27.94627
30.61577
24.31985
13.58781
17.52842
23.72582
24.16261
8.129183
24.6365
21.87123
22.72887
20.24544
26.65058
27.53477
3.157331
21.32057
22.37076
20.90033
25.19257
13.26699
28.79836
28.22708
33.83178
34.92574
30.95626
23.81568
30.92077
39.04173
13.53856
12.97037
24.95358
24.1159
24.1008
29.67884
11.51192
32.6248
27.93918
22.44409
23.76697
17.01094
32.6495
17.91803
24.59599
23.52676
24.86724
23.59559
20.52666
31.53425
33.55119
18.72476
19.1378
32.65326
22.51969
14.85077
21.0828
14.66257
31.9924
20.96096
24.4928
38.96477
14.79391
39.22492
28.46226
27.44225
23.25062
28.38629
20.85011
28.59046
25.85828
33.27731
18.27035
40.92608
38.26139
9.562692
13.79652
38.17728
28.82652
37.29653
23.01216
26.96152
33.319
32.00666
29.05513
31.61951
33.96353
20.36142
23.67771
37.54843
22.34565
27.77508
17.90901
33.75754
24.55413
22.61697
24.06642
32.27958
28.25085
27.29307
15.84896
21.91673
17.1661
28.66007
33.85102
25.00081
22.8609
17.82625
17.81059
34.08125
5.560338
40.96289
29.61426
35.77146
28.45609
18.0665
27.21197
26.76243
23.55983
25.47765
30.42992
21.72875
14.39328
29.76581
15.28058
35.33122
13.38895
37.7392
34.34284
30.61406
23.80128
29.74096
18.53266
33.31169
34.47822
30.51404
33.89569
32.49042
20.94071
35.7165
31.37276
20.64973
20.52783
29.67209
32.61375
20.45265
28.78304
20.02073
24.98901
24.62222
31.64612
32.84994
25.0107
22.66295
25.59338
15.6031
44.75591
19.69601
22.88297
30.65056
25.59609
32.73438
31.13745
33.05416
42.53073
24.59785
29.2043
26.54114
30.47385
30.05203
25.57056
34.93302
32.83817
21.29256
34.56474
26.6741
35.90889
22.96134
29.71854
31.27241
33.53203
23.67899
25.07477
35.13848
22.57901
42.00499
17.72224
27.51201
25.76979
29.19556
40.77298
33.44011
22.15773
32.79408
27.8087
32.16372
32.5734
20.22273
26.62145
28.03564
27.09187
36.36343
30.59617
34.72655
28.8204
32.99967
36.06732
29.62291
17.17733
24.97566
25.69194
21.87665
42.10056
20.71291
37.39302
26.56228
26.59032
41.17889
32.28962
25.52502
27.78107
27.19139
31.71116
30.49758
27.49109
27.56513
33.28977
31.26062
18.03894
50.3034
19.07311
22.32738
22.64215
32.16093
29.02361
27.82254
24.44034
34.06095
26.56431
28.00417
38.01702
37.74791
19.8439
37.17316
28.67366
28.14537
30.93567
37.71143
34.80625
40.0774
20.83129
28.20369
41.55136
31.78733
36.17656
25.63315
34.17944
24.63781
19.64131
26.47744
23.47044
37.26139
44.92783
39.69811
29.3474
46.53758
28.64909
37.81235
30.20468
39.12899
25.55118
30.05881
30.08383
38.02672
41.61483
41.83766
28.27209
27.29347
40.27143
37.56048
31.74766
35.0017
38.74564
36.59197
34.33227
34.06413
46.14233
22.85838
34.22739
38.33263
37.27803
35.64401
52.34063
32.86052
35.89206
28.37934
23.43063
24.28186
36.31718
21.69136
33.78832
27.27456
28.94493
49.04899
25.76122
29.72845
29.57202
23.73497
37.34995
32.95809
27.28474
39.4025
35.01553
35.49685
24.66272
36.05349
38.08171
17.87722
28.98825
41.60925
33.95596
43.16123
30.65791
32.45485
20.11861
35.20372
35.12762
52.89948
41.9903
31.96385
33.45923
38.04831
40.44833
26.08371
20.05284
23.14504
44.41773
32.06085
39.47843
36.59402
28.97064
35.67445
36.94857
34.77984
34.2392
33.09171
41.41497
28.41803
45.99474
43.20309
29.74189
32.29012
32.31174
30.22209
42.16335
30.78823
31.04911
37.74533
36.19193
25.55408
30.92763
