7.403411999999999
-11.3357125
-5.570168000000001
1.5832899999999999
2.685780000000001
10.08246
4.3145500000000006
6.23968
-1.703339999999999
3.475629999999999
0.23543000000000092
-3.662510000000001
-12.2448986
6.374439999999998
11.81402
-1.9440779999999993
4.40494
-2.9038499999999985
9.471809999999998
1.9111800000000017
1.0120500000000003
7.140780000000001
14.646880000000001
8.898859999999999
2.414719999999999
6.156559999999999
11.00114
0.19767000000000046
0.5525699999999993
0.43477999999999994
2.9462100000000007
2.1353299999999997
5.92207
-7.737318
1.9131999999999998
5.1530999999999985
3.5174999999999983
7.513270000000002
-4.9635370000000005
3.9833000000000016
-2.081850000000001
14.66044
14.879999999999999
6.46677
1.6119900000000005
5.795037000000001
-0.4792400000000008
7.795869999999999
-4.611493
1.330169999999999
6.524213
5.4506
5.203340000000001
15.57104
5.94064
-7.66995
1.8796
-4.746671
-2.14687
-10.190361
-0.24279999999999902
-8.945057000000002
-19.326022000000002
3.5918200000000002
-7.95254442
-11.395836
-4.561250000000001
-8.23522
-23.027746
-2.1889699999999994
-6.019501
-18.14747
1.0492099999999986
-3.329801999999999
-17.757294
-10.0499
-15.40139
-5.0542549999999995
0.15872999999999848
-1.155619999999999
-7.038112
-10.089712
-1.6554900000000021
-6.175879999999999
-1.4908799999999989
-13.1966546
-11.828215999999998
-0.3369800000000005
-7.159137
-14.273298
-11.79066
-9.641596
-12.69448
-2.2463000000000015
-6.518649999999999
-7.436238000000001
-8.646049199999998
-13.778848
-10.703434999999999
6.395479999999999
-1.3419800000000013
-5.3258600000000005
-4.360588
-5.828985999999999
-1.7955609999999993
-9.281573999999999
-13.7507064
-18.049387
-9.847335999999999
-3.9254960000000008
-15.375096
-13.492731
-4.706900000000001
1.9165299999999998
-11.852707
-10.265363000000002
-4.119
-8.642987999999999
-3.367882999999999
2.9694590000000005
-19.668041000000002
-13.995009099999999
-6.948219000000001
4.249219999999999
-20.228466
-4.265489999999998
-9.037637
-12.288503
-11.541384
-5.400649999999999
-9.963058
-6.4959810000000004
-14.6990029
-13.10330534
14.94858
-15.049877599999999
-9.90369
-14.1546577
-16.56732
-9.319545
-5.501950000000001
-7.283380000000001
-13.351530999999998
-6.3012
-3.2955299999999994
-10.664273999999999
-3.3591999999999995
-10.513454
-8.851241
2.587250000000001
0.42374000000000045
-9.259999
-16.539777
-2.047180000000001
-17.577093499999997
0.0708700000000011
-2.81846
5.218579999999999
6.31579
-11.186228
-28.84308
-2.3676499999999994
-2.0443300000000004
5.1848699999999965
3.8993100000000016
6.612660000000002
2.76042
-15.061594000000001
-8.912161000000001
-11.6392341
-10.519084000000001
0.5380099999999999
-6.923062000000001
-4.103822
2.589689999999999
0.9490800000000004
-14.672218
2.7563799999999983
-8.021791
-10.001602
-3.508103
1.717880000000001
-13.2568617
-6.294656
9.116703
-3.1944899999999983
7.654219999999999
-6.230207999999999
5.103309999999999
-2.0433699999999995
2.350740000000002
2.035059999999998
2.795680000000001
-20.303903
-7.211944
-1.7769900000000014
0.4801500000000001
5.777519999999999
-12.122243000000001
2.2628380000000003
-7.015160000000002
-4.540568
-12.140716
-3.4948799999999984
-5.173684
-5.755379999999999
-5.765402
-1.5328700000000008
-1.678139999999999
-13.682128140000001
-0.8573599999999999
-10.915365
1.1309500000000003
-7.576102
-7.95866
-1.8328689999999987
-5.02384
-8.780940999999999
-9.686308
0.34113999999999933
-3.810411
-2.903684
-8.046089
13.60057
-9.002464999999999
-9.990234000000001
-7.6983640000000015
5.6021899999999984
0.68764
3.33169
6.35196
4.563580000000002
-4.345789999999999
0.594339999999999
-13.501195
0.9334300000000013
1.7905999999999995
-16.60340332
-6.066822
-3.6811800000000012
-1.0476299999999998
-8.678436999999999
6.953530000000001
-0.5183599999999995
-13.272389
-1.2195100000000014
3.703389999999999
5.27125
-8.28482
3.4658890000000007
-15.606986000000001
-14.264167
-13.0214462
-2.4808960000000013
-1.7555700000000005
3.7830900000000014
-10.01859
2.596539999999999
-3.347849
-14.446528999999998
-2.18337
10.30179
3.942709999999998
4.47364
3.0957100000000004
6.388909999999999
2.725670000000001
-6.060310000000001
-4.380490000000002
3.1627399999999994
-3.895340000000001
-0.2145299999999999
-6.968062999999999
-5.84146
7.09084
-12.147934999999999
-13.6108805
0.3393959999999989
7.1110299999999995
0.30660999999999916
-1.8138100000000001
3.8467600000000015
-6.29088
-7.436329
4.964020000000001
-11.462407999999998
2.2969299999999997
-12.902855000000002
-8.470104
6.214180000000001
6.8141099999999994
-7.073999000000001
7.953050000000001
-13.907368
-1.5912100000000002
-5.383583000000001
8.314589999999999
-8.962767999999999
-4.831910000000001
0.7778399999999976
-3.78707
8.876180000000002
-2.640459999999999
-1.4664400000000004
-8.483066
-8.042345999999998
-0.7503700000000002
5.377849999999999
-11.918359999999998
2.2084399999999995
-13.354847999999999
-11.431255
-3.9743699999999986
0.5113999999999983
-10.928718
-5.730169999999999
-3.4774400000000014
-0.08691999999999922
-1.1969600000000007
-3.170390000000001
-3.96593
-11.612384
6.450279999999999
-6.936999999999999
0.7331999999999983
-3.743949999999998
2.6438099999999984
-1.5435700000000008
-8.120501
-0.322890000000001
-8.420082
-15.177273
7.767389999999999
-6.168526
-0.60839
-1.668759999999999
-11.542378000000001
7.01013
-4.699720000000001
-4.58798
-2.5881600000000002
10.1147
-7.2700689999999994
-10.672601
-5.522036999999999
-4.620289999999999
-13.686506999999999
-9.39544
11.56393
-2.9328509999999994
-5.7976399999999995
-9.88316
-5.71391
6.08614
-3.205689999999999
-8.81485
-1.9618000000000002
2.137979999999999
-5.371929999999999
-10.806158
-7.983260000000001
14.730250000000002
-10.936535
-2.88467
-6.796257000000001
9.197330000000001
-4.531390000000002
1.4603300000000026
-5.39157
6.90981
-1.7247599999999998
-8.008659999999999
-11.324846
-14.575382
-1.7000300000000017
-0.8349900000000012
2.7808199999999985
5.191369999999999
-4.52224
-2.770129999999998
-9.983858
-7.745489999999998
-6.368550000000001
-6.054950000000002
1.5862100000000012
-3.97288
-10.243326
-8.059014999999999
-3.3151899999999994
3.7372900000000016
-11.006724
-4.8994399999999985
-5.004279
0.26987000000000094
5.944579999999998
-3.820450000000001
-8.811891
5.453409999999998
4.2065100000000015
-6.314705
0.25667999999999935
-3.4655000000000005
-6.583633
1.90667
11.639709999999997
6.646070000000002
-3.547080000000001
-14.687567
1.181720000000002
-5.719785
10.75976
-8.184210000000002
-5.367569999999999
-8.6247
-9.52479
-6.886419999999999
3.01567
-0.65306
7.312820000000002
1.997119999999999
-8.349422999999998
-7.356548
2.010770000000001
4.761839999999999
-2.874290000000002
2.8824299999999994
4.4014099999999985
2.120250000000002
-1.05903
-5.655199999999999
4.96734
6.7072
-11.914342
-5.492589999999998
4.516359999999999
-9.541340000000002
-7.236733000000001
-1.1571500000000015
6.89209
11.65139
-1.3428400000000025
10.790539999999998
0.0996100000000002
-0.7611100000000022
-0.7632300000000001
9.07038
-1.6440300000000008
4.711640000000003
2.42352
-4.720459999999999
9.57515
-23.986662
-1.5749999999999993
-10.07455
-0.1291499999999992
-5.5572029999999994
-2.9143599999999985
-9.269770000000001
3.061790000000002
-1.2257399999999983
-4.1584
-6.546830000000002
-3.875619999999998
4.103930000000002
-2.6963700000000017
-5.73363
5.96819
-7.274462999999999
-15.420762999999999
-1.8374199999999998
15.061330000000002
5.38186
1.5352299999999985
-3.982029999999998
-5.943237
2.2515399999999985
5.6313200000000005
-3.6409979999999997
-1.0551199999999987
-3.563509999999999
-1.7780400000000007
6.791269999999999
0.033909999999998774
5.183600000000002
7.724740000000001
-0.8168599999999984
-4.122859999999999
-7.414947999999999
-5.329180000000001
2.229499999999998
3.008800000000001
3.0533900000000003
0.9030099999999983
-5.399700000000001
-5.33263
-5.297511
-4.46754
0.1546100000000017
2.57146
-2.9025499999999997
-1.3632200000000019
3.3573699999999995
-5.60567
0.6055899999999994
2.886339999999999
-3.967740000000001
4.417529999999999
5.639599999999998
1.4997299999999996
-4.7153800000000015
-5.557510000000001
-5.504189999999998
6.539249999999999
-1.121739999999999
-9.584265
8.58086
4.268440000000002
4.425740000000001
-0.25951000000000235
-2.4928799999999995
-1.02684
-3.2225199999999994
-6.922085000000001
-4.46414
-2.4895999999999994
-1.1071000000000026
1.700520000000001
-1.8610400000000027
-0.4616400000000027
3.1400700000000015
7.068650000000002
2.552870000000002
-6.240510000000002
-0.3112300000000001
-4.580679999999999
5.021280000000001
-1.2043999999999997
-5.713028000000001
3.874649999999999
0.8937599999999968
0.15724999999999767
6.418240000000001
2.2778600000000004
-5.159600000000001
11.764700000000001
3.403760000000002
6.1069700000000005
-3.4914400000000008
5.840630000000001
-5.83902
3.313839999999999
-4.6998599999999975
-0.5830899999999986
-17.108045999999998
1.8961600000000018
-3.9297299999999993
3.367519999999999
-4.84402
-1.3045800000000014
-8.42929
-1.1257100000000015
-0.9454199999999986
-4.301259999999999
-2.18375
1.2529699999999995
-8.063130000000001
0.46664999999999957
-7.129090000000001
5.845930000000003
-3.94111
4.41061
9.94031
0.016749999999998266
7.850490000000001
-1.5959199999999996
-0.8293800000000005
7.62349
-1.1278199999999998
-5.5458500000000015
-3.9078300000000006
10.675710000000002
-0.6469500000000004
2.8753100000000025
3.2080699999999993
-5.776809999999999
-2.1682699999999997
-6.17356
7.7732600000000005
2.4114299999999993
5.53979
10.667079999999999
6.867740000000001
-14.670345
8.015170000000001
8.74664
6.95224
-0.3674999999999997
-5.112029999999999
2.0183599999999977
-1.7843699999999991
6.46387
4.495440000000002
-0.5857799999999997
9.29401
8.282440000000001
7.514490000000002
-6.314159999999999
7.185170000000003
-2.4343499999999985
-8.407029999999999
3.6355699999999995
7.024060000000002
10.267119999999998
-9.57551
-2.7470999999999997
5.315049999999999
3.4157100000000007
-2.4870899999999985
7.959010000000003
5.164810000000003
4.753679999999999
-13.008919999999998
-0.05653000000000219
7.022880000000001
-3.848480000000002
7.987770000000001
-5.45299
3.7826899999999988
7.19172
4.176020000000001
-6.364280000000001
1.9345999999999997
5.830970000000001
-3.2705400000000004
-2.442449999999999
0.9561700000000002
6.33896
1.386140000000001
6.130779999999998
-6.423209999999999
-5.922579999999998
8.95693
0.6688499999999991
8.38066
4.956619999999997
-5.962090000000002
0.7575199999999995
3.2847599999999986
-10.135200999999999
0.38201000000000107
-13.142807000000001
2.92333
-2.0978299999999983
5.482243
4.910489999999999
-2.7717799999999997
-1.4524399999999993
-4.389509999999998
14.68113
-11.643151999999999
4.459620000000001
9.629280000000001
-4.247540000000001
15.334389999999996
-0.4980399999999996
5.589389999999998
0.3814799999999998
-11.80149
14.144629999999996
-0.6375700000000002
4.360219999999998
4.517520000000001
9.19409
-2.2846800000000016
11.596250000000001
-3.8067199999999985
2.3303399999999996
12.114459999999998
2.0765400000000014
1.0717300000000005
-4.474929999999999
-1.3148400000000002
-3.265410000000001
3.5710799999999985
-1.6740199999999987
-6.166000000000002
6.617699999999999
4.364370000000001
-5.37791
3.4294100000000007
-3.7189699999999988
-9.26102
4.787290000000002
6.014340000000001
6.34309
3.566209999999998
5.815679999999997
6.582900000000002
1.1365199999999973
-8.305290000000001
-3.508969999999998
1.9517600000000002
3.75404
-12.252487
6.183000000000003
-4.086259999999999
3.3715399999999995
0.8830099999999987
3.52064
8.424380000000003
-11.677319
0.48748000000000147
-2.0747099999999996
3.0892100000000013
1.0747900000000001
-10.407509999999998
8.492099999999997
5.327439999999999
11.561590000000002
10.068849999999998
7.43168
5.414629999999999
10.71817
13.77103
-3.7039100000000005
-3.5988099999999985
4.029769999999999
0.703520000000001
6.298680000000001
3.9061900000000023
-8.313600000000001
7.415849999999999
6.35436
2.9584200000000003
-0.6948399999999992
0.5862300000000005
10.135120000000004
-0.47961999999999705
0.028770000000001517
1.61008
3.770439999999997
-0.14026999999999745
-2.9577799999999996
9.30742
10.195149999999998
-2.0673600000000008
1.3437899999999985
12.044800000000002
-2.5991599999999977
-4.552910000000001
1.5198599999999978
-5.475620000000001
7.94744
0.43552000000000035
2.3781
20.52495
-3.1346999999999987
15.155469999999998
4.29983
8.36121
2.6904700000000012
8.38936
-1.6076300000000003
3.9902599999999993
2.47598
6.172370000000001
-4.88973
16.797259999999998
13.232899999999997
-12.289398
-8.753380000000002
8.810340000000004
4.373559999999998
18.821289999999998
0.7818700000000014
5.88261
14.668580000000002
5.885869999999997
6.378729999999997
8.76464
9.61375
-10.965
-2.457889999999999
13.401530000000005
4.794039999999999
11.133499999999998
-3.3339700000000008
15.405539999999998
2.815100000000001
2.7039399999999993
6.399270000000001
11.092080000000003
4.07432
5.743279999999999
-3.111320000000001
-0.5974900000000005
-3.502769999999998
2.7908800000000014
14.701979999999999
0.8067600000000006
1.0423800000000014
-0.1687999999999974
-5.0869
10.356349999999996
-12.495192000000001
15.653550000000003
2.183
11.544099999999997
4.569420000000001
-3.9117800000000003
5.80949
7.336889999999997
3.556630000000002
6.590690000000002
9.620899999999999
-3.7580199999999984
-5.837630000000001
11.35972
-4.925319999999999
7.6566800000000015
-10.24499
15.138819999999996
13.974420000000002
6.201519999999999
3.0207499999999996
9.17671
-2.0228600000000014
7.099589999999999
7.325559999999999
8.378030000000003
14.31296
13.00293
2.6843699999999977
14.417110000000005
7.248159999999999
-3.7989099999999993
-2.573469999999997
3.9283
10.335380000000004
-4.566460000000003
3.750070000000001
-4.55002
0.13397000000000148
7.47804
5.70664
5.396269999999998
0.5197199999999995
1.7917399999999972
1.3836499999999994
-0.21121000000000123
17.3593
-4.4055399999999985
3.3594399999999993
6.58325
2.1422600000000003
10.52006
3.5372200000000014
13.538520000000002
20.77516
1.0311699999999995
3.2134199999999993
4.56279
3.57601
5.972659999999998
6.615580000000001
6.45168
10.119
-1.5056999999999974
10.97609
4.45993
13.620169999999998
-1.672550000000001
9.511420000000001
10.852980000000002
8.834429999999998
0.32742000000000004
1.8269300000000008
7.971530000000001
2.919979999999999
15.54234
-1.3263300000000022
3.8314699999999995
4.062000000000001
2.9865600000000008
9.909029999999998
7.531939999999999
0.922740000000001
13.87266
3.678440000000002
9.420649999999998
11.539570000000001
-1.832410000000003
1.76689
0.868549999999999
2.3481099999999984
8.149550000000001
6.73828
6.0801700000000025
1.9494299999999996
11.073550000000001
13.512670000000004
0.7318700000000007
-8.931089999999998
2.2106400000000015
2.55114
-2.757819999999999
16.41522
-2.196580000000001
9.461829999999999
7.97541
1.331389999999999
15.717110000000002
6.138159999999999
4.95307
3.68816
-1.1192300000000017
12.59574
6.730629999999998
4.313849999999999
6.0909900000000015
4.516679999999997
10.967939999999999
1.01145
22.189470000000004
-2.5124700000000004
6.620250000000002
0.7342300000000002
8.003800000000002
5.368930000000002
4.243079999999999
7.789939999999998
12.681619999999999
5.847059999999999
6.566489999999998
14.048200000000001
12.174439999999997
-6.751199999999997
18.643650000000004
2.4248900000000013
3.9893399999999986
10.581499999999998
15.389869999999998
2.4869799999999955
16.063639999999996
0.41456999999999766
3.022250000000003
12.041710000000002
3.7423900000000003
8.991110000000003
4.618539999999999
10.256619999999998
2.8134400000000035
-4.22428
7.4648900000000005
-0.09585999999999828
18.38703
16.61677
14.38024
8.17952
15.79928
5.7458300000000015
14.619940000000003
6.29195
12.878700000000002
0.899169999999998
5.215580000000003
6.434899999999999
11.030449999999998
14.226239999999997
17.73097
7.072589999999998
2.49474
15.598460000000003
13.075129999999998
7.5884399999999985
14.31644
17.37918
14.271300000000004
9.854500000000002
13.344059999999999
20.26697
-3.3309999999999995
10.61863
12.86907
11.362750000000002
11.15351
24.337139999999998
8.83511
11.04449
5.82629
-2.2567999999999984
-0.4901599999999995
10.45963
0.2358399999999996
11.93674
2.562470000000001
6.465260000000001
21.347990000000003
-0.48468999999999696
7.374369999999999
6.697329999999997
-1.2815499999999993
12.182870000000001
8.017899999999997
4.025639999999999
14.753710000000002
9.143229999999999
12.272950000000002
-0.2240000000000002
11.975159999999995
16.68485
2.660120000000001
2.2460900000000024
13.116880000000002
5.974109999999996
15.498060000000002
3.5576100000000004
7.676639999999999
0.44913000000000025
5.002209999999998
10.369800000000001
19.877159999999996
16.929009999999998
7.607289999999999
5.5509299999999975
6.195
17.240789999999997
4.054320000000001
-6.468150000000001
-0.3549199999999999
18.74155
7.021690000000003
12.753100000000003
9.973010000000002
5.11468
12.77514
7.364839999999997
10.673010000000001
3.3225699999999954
6.519690000000001
14.312119999999997
6.4072700000000005
17.38389
13.805420000000002
5.532200000000003
9.44311
8.873270000000002
7.681630000000002
18.29157
4.619159999999997
7.91554
12.807400000000001
14.28802
0.9189799999999977
8.3018
