0.15957520483927323
-0.3231576226545428
-0.6307654099858013
0.271679615192349
0.05260470490601943
0.2240939473779125
-0.10307220865196082
-0.11961989267916251
0.2855898070659073
0.15874982799381837
0.3641819350532323
0.9188077074817771
0.19548481735520584
0.4518224942634852
0.38951443031886457
0.45710105954390934
-0.9637428168491722
-0.5289695162884143
1.3839199568518852
-0.3670597707877528
0.4035652687329084
0.0685534844034984
0.40053720068697074
0.44782811293832697
1.2081398477396137
1.1453744739946639
-0.16328397239948383
-0.7391133836392125
0.026658484581089853
-0.17529280263154007
0.021084726478450777
-0.19030442714997858
0.4175244464937985
-0.5963145875418461
-0.7790805034306044
0.6156276344832379
1.0754649075699119
-0.11603311234044744
0.4252638031786019
-0.8780181826499017
-0.9892168783332199
-0.18045640340554336
-0.5475573078360866
-0.39480653797155923
0.38899850730909324
0.49014040643065593
0.5859620361056521
-0.8280750785827372
-1.0550331015209824
-0.17468517016819873
0.6348371435211786
-0.41072586424860136
0.13417733123114986
0.8904385998752462
-0.17707499725030973
0.06559140210419634
0.41518328657999803
-0.5004324940514859
-0.2096639462026979
0.7171601516465798
1.3263516346402326
0.5845596553851636
-0.09772476582275291
-0.690125223165555
0.2106996141878097
0.45582032794969135
0.5341942752632683
0.29404582287887
0.5541611421865664
-0.5072772235193856
0.04384537245854436
-0.23076313987221453
-0.7698070733960103
0.048873249922615436
0.5851073028696542
0.5834511301733556
0.12521241877601752
0.42591183011281186
0.2105073908259688
-0.7461568715339667
-0.5686759862617872
-0.2771132400928705
-0.28842153014325733
-0.16451618523928901
0.5179454156182166
-0.3836440352028084
0.20506635685157226
-0.40022888999614936
-0.718437049738021
1.031956059583852
0.877707778937376
0.10291953590966624
0.3547624520279826
-0.3610952797724305
0.14136699567487943
1.0796207241397247
1.1105918848621643
-0.19805332571948808
-0.06597884205189819
1.6119488575719325
0.855739387838448
-0.39070385473583247
-0.5652417885625349
-0.0036868874630252013
-0.4420078829556367
0.2969593481070526
-0.3897099946632363
0.0006097969521581259
0.2897351242585145
0.12555023494587114
0.7094216584467514
0.589465295821175
-0.32527422716131604
0.34531803644608516
-0.16529208028825867
-0.10730495373580223
0.24845142554565675
1.360863508826174
0.466035236464324
0.5766732624610487
-0.6054336087623979
0.9454162189547727
-0.2702463876922264
0.30200302914181126
0.31712420041440487
-0.36860872733107
0.11977184548753794
-0.3536160927108125
-0.476834905830686
0.7800978139271255
0.41686108986975906
-0.40989069483471174
-0.5638910828422632
0.4587806468198825
-0.5195592536215092
0.16435748099645156
0.12731281254817856
0.06621631354644963
-0.20513391156297378
0.03583589609971194
0.6271081265895156
0.7061407682444423
-0.8519522503034067
-0.09538884747315873
0.19338936792929523
0.007602456244564071
-0.18657405997255405
0.9820968800744583
0.3906031825184222
-0.36508302628053113
-0.23289278836659094
-0.441907781192415
1.049523879668358
0.021297110038375866
-0.06320286541816139
0.17767788705625692
-0.0067833183644111505
0.8553209362541397
0.8634994899598181
-0.17003124483523213
0.059762323385110394
0.4798305372296639
0.4742115358377219
0.2540069241556709
-0.08739173602753025
0.5503339060195953
-0.029395827482193104
0.07742226903509264
0.2857429135500855
-0.42827794263055263
-0.5676493202676882
0.08192560212857519
-0.07316303708204486
0.736654390947171
0.05813329231301326
0.3740463563219871
-0.04147582261698404
-0.532183167260923
0.23991591190220007
0.39046936784287894
-0.516749853981243
-0.1529094123172351
-0.36954683553842926
0.05768504872291402
-0.31376968656192006
-0.08501797707497127
0.04840011336394462
-0.192076429543744
-0.871000121565962
-0.24771333432002374
0.22529843114443687
-0.5184245737152056
-0.6050476379097692
-0.3160101000490875
0.1411297954983172
-0.9323002648178927
-0.6446464423242331
-0.04507158412594198
-0.4843476798842726
0.31846043339449137
0.7638046373574027
-0.7972943030953562
0.1897506763858927
0.31468101242048074
0.06304791235438761
0.9789167031429116
-0.3842633700742033
0.15546159267675108
0.015328896337688691
0.0033059152593218344
-0.13079409662289798
-0.4390768203933434
-0.1713046716908856
-0.393929091928104
0.24839777425471976
0.1183324785548413
-0.21345613148532655
-0.3386151724555885
0.6003662452425162
0.7184762349857398
-1.088013228740529
-0.9844341867797
-0.009892240592581425
0.08600974137294393
0.5146056708618264
-0.4323363962747739
-0.6182885155134816
0.6270276074844333
0.33984253661621633
0.09326698568298608
-0.7080707142617108
-0.09695884049004044
0.731947308377171
-0.19771486635734759
-0.12859854271859816
0.0411094023038337
-0.05630821386600593
0.2731770973212853
1.070092784790117
0.3231407449131979
-0.10233374740446638
0.43729924021416355
-0.04754290979462661
0.07577834428673857
0.28264957993406803
-0.3113765167969672
-0.025611213626921647
-0.12777467589454428
-0.7999189806746356
-0.2671419384020828
-0.21129950878058046
-0.007537985800236041
0.6076351131342778
-0.07790334764641432
-0.6954081501328813
-0.5691875445250087
-0.9556684472160297
0.12588756172268156
0.8467022520468301
-1.0187559570549853
0.1145548069118571
1.0074439728635294
-0.7416009781731672
0.532359181236417
-0.08600490179484843
0.05544331733514374
-1.0856081468246237
0.5925206306986857
0.32105310025157874
-0.07734987133969268
0.3980641267641647
-0.2000234212558436
0.25935870828398166
0.1756137376264656
-0.6655525374235449
0.2928383045517724
-0.42945781192389876
-0.09234259616652585
0.22126916030523164
0.09405060553259598
-0.3093060803950838
-0.3285285658229776
0.24483212328947282
0.9473719904886838
0.15545567831041654
0.018151199716156086
-0.14129462282906693
-0.7075364765256756
0.21965283254887785
-0.24976744894105424
0.0564748926651934
0.5835911661120573
0.6287215961316608
0.1061592430139705
-0.4057178991109339
-0.1916719314091756
0.7313606736023989
0.012661766177166855
0.9151134852555881
-0.6363572890518812
0.8737077056185218
0.009418079352175979
0.138527841576621
0.20073888635535833
-0.6898892619179765
-0.20091008876435165
0.6726476042069457
0.020729940720767948
0.28698159722060584
0.9325574686268138
-0.34610172072647427
-0.018039608107374483
0.31131134489391465
0.5154471252956618
-0.11190884044001614
0.3301480575501897
0.6124289453008824
0.28820652057686663
-0.1779068567850014
-0.914394214045832
0.309173155085442
0.4273087956910728
0.24650673879471915
0.4027866522360052
0.6009305593650893
0.6504533492208583
1.178544288826501
0.07912201778077455
-0.5587724848665083
0.058765691795052366
0.6057674632076122
-0.020982486329331362
0.6789465435312074
0.0881764102941997
-0.4036815566116686
-0.11226440301096807
0.010016480764992869
-0.11327248821918873
-1.0643531417521874
-0.6194351356141501
-0.12472511761772898
-0.694832251895758
-0.4103343113399996
1.3595917132208588
-0.27272436494083363
0.049433833805888505
1.4030896227767355
-0.37034559780348386
-0.014030409700791169
0.6147454016191305
0.9411665445051413
-0.00884084206847413
0.5117311769607572
-0.41803220032511024
0.1675112293158066
0.9819491469299473
0.8630301691443567
-0.7991842958339647
0.1636088128223116
0.8865863595858922
0.16384386378692734
0.021646241975456948
0.11202661181269857
0.052894626834920966
-0.3834229799932367
-0.022794582899033355
0.3052110657115471
0.1302298602551759
-0.1367556742172527
0.7718535358631677
1.113942106160889
-0.0037767234608275246
1.0163145975518522
1.0907067585198826
-0.0021315365394629637
1.0003120548705182
-1.0008771978694726
0.6780162486187393
-0.6991831507184776
0.06614691333963302
-0.01961958349620166
1.0230360283058078
0.3017658580514375
-0.52379517490348
0.035362080533017926
-0.4812162145204306
1.0357586118727065
0.435369799341328
-0.7101963410939511
0.45173078337983064
0.40725286235283137
1.1338166568870869
0.03494638082057008
0.45101127699905275
0.11704178290908529
0.5170844015407839
0.15955852529043385
-1.0682848068727508
0.11592210038905026
-0.07842189697986734
0.17111409008295903
0.41810768029411227
-0.9004184211086801
-0.3656815048684688
-0.22316443935872776
0.5253734988441119
-0.45990249166789754
-0.4574173152317479
0.7460516665639201
0.12883577787376588
-0.3221353114455386
0.12522888692674783
0.2731645050222334
0.800711813232116
0.5941987491632158
0.9427997154211487
0.4957453863532284
-0.2589770432125913
-0.6076204155689879
0.4736669132932628
0.3113576826956376
-0.3180997167382318
0.34850433205077075
0.0033067149633217996
-0.20865250162420113
-0.19754894874583917
-0.07673092259451775
0.4856614134138879
0.1395006737090625
0.09086391780556546
0.15447633233565133
0.15491952462353398
0.13120141372771799
0.19978223043841192
0.14826656112479064
-0.048450687539674075
0.028951666005044396
0.22195110544252125
0.7498741104069396
0.2345270564691627
0.44060088238133266
0.002626452721634198
0.4749201670784597
0.320460426846919
0.5626391623648169
-0.3186931492941662
0.434976206011107
-0.12185087384146512
-0.10975992050721373
0.15914414493652143
0.15837776551844251
0.03083076445180588
-0.32768606525143545
0.23875296006479196
-0.1043209240931876
0.314283039845941
0.5958957928763342
0.4911271470815525
-0.11202524721075363
0.34206544621421
0.07044328013670942
0.5600133792864095
-0.3500498580030862
-0.5583711904648059
0.583045222428782
0.47208607538520503
0.7192466929480756
-0.05397015241130937
-0.36628153919612305
0.2923115969601628
0.3308910556909958
-0.5132787980477964
0.6127373206218678
0.31203062091539174
1.1922348636260578
-0.9897111439376283
-0.568898060891807
-0.055665029607920524
0.06969697302746092
-0.18508174842640557
-0.4499134464785073
0.8712321671167078
0.4681355567505922
0.23478277903672545
-0.30837187768568775
-0.10388533840488906
0.37009592616390596
-0.14436853820778894
-0.22250582824023385
0.235568505407789
0.04749390300403672
0.07081794279071907
0.08082288369847873
-0.0782287289739465
0.454783251954664
0.8371631934059216
0.43837636807668373
1.0076537874301477
-0.17284337553170687
0.1963545577065311
1.5442105025702435
-0.6750071432771567
0.7583204312095292
0.05590368616652386
-0.28939637136916607
0.49053376461804055
0.993128843662556
0.0006472295157033126
0.020422649848008123
-0.02281153551681281
0.3267219724337593
-0.2871398444780843
0.8559943711459272
0.03824678843827917
-0.023267242351931394
0.35344663142549865
0.6283946079339854
0.9998909905582959
0.5439271711440853
-0.0361153554175388
-0.04591571505059755
0.004181058384392589
0.9422059153141799
-0.11380156886263204
0.13575692676377216
-0.5591296199909691
0.007814696103883634
0.09788824754412961
0.2900833493589504
0.3339153984283847
0.37860533089467485
-0.12782190837059454
0.5792014257976744
0.029718088386068375
-0.16974868069268878
0.6263757135168901
0.5518574063641513
0.19342968046483455
-0.1517819487545533
0.3925714981509242
0.07854666740096827
0.08411000091749493
0.1897876661993515
0.3532193705410729
-0.44181941926680246
-0.9315646665302963
-0.4596939428916073
-0.11960377848175724
0.2664597534592922
0.010921381087691528
-0.028941079746229947
0.8860709580480454
0.6511570329317858
1.0061683575068037
0.8643069726760197
-0.15640255782068618
0.39601872868695964
0.1160616899876426
-0.11406206648227168
0.6560082028120087
0.5504556091541517
-0.293176756203108
0.10585766064066471
-0.008401445235458715
0.09304727560095627
-1.1844122135126711
-0.0010356327886321959
0.2284779633198173
-0.29126336204320646
0.17750727919064546
0.7611790739593227
0.9456825307035731
1.2520361062446317
0.274555759126367
2.0757216456414302
0.6483181928797912
0.9599318742414467
-0.6474955889592807
0.5651213274957025
1.1792019401613372
1.0496638008278283
-0.6169262832829452
-0.2736545382657036
-0.25490987202418425
0.44428393799235766
0.23183164896529312
0.5203760417403032
0.20833885366431532
-0.07789375298903872
0.06153836433104644
0.7821092390162314
0.34540541076648335
-0.24954390840671725
-0.02570903803125746
0.41611722599345385
0.26646284810769244
1.029411065992791
-0.07566478895130874
0.8197840988644657
0.272503706432029
-0.32023387958747174
-0.5357587616391827
0.9685632620976958
1.6019473771716046
0.6019619344447937
0.3177188837118659
0.1209844434000385
-0.016300103353724837
1.2420091582792359
-0.0038425185546415164
-0.00809715656061416
0.4678498961835346
-0.6557105972004149
0.35870278822147844
0.6760811209674095
0.5571149933853847
-0.2535733995141401
-0.33002778528331295
-1.068278078636556
0.22052722758924215
1.027991153234983
0.3753830105936286
1.014523662542633
1.4758648017716771
0.19677496380241405
-0.2703206549629714
-0.3619050975692977
-0.29059940967961223
0.3549863710683981
1.3897282434385372
-1.2469469399798983
0.05917971127958377
0.19840902059506876
0.23016249361224733
0.25778575522104774
-0.5097252202190734
0.8681659308841754
-0.05470404368201065
0.014229604592165435
0.17861883877845708
0.7061779287387209
0.10046958753918672
0.753252497862659
-0.2785195913666108
1.3203870479705588
0.23959836815129681
-0.9690949342834708
0.6404342302484156
0.14800403379955385
0.8442787896328641
1.2096716595696815
-0.29044274792506414
-0.000641575145737372
1.411874412945603
0.18909465760577585
-0.49243209906696644
1.0803142808608164
-0.5423709359174793
-0.8467850792851066
1.0279086458843223
0.13905440312114628
-0.472385600463981
0.05474223944881673
-0.13575159233871015
-1.0616263030960655
0.1996058196238007
0.8195344554760344
0.18190347550713148
0.17664382491000033
-0.14960889655292064
0.14242051861234278
0.9358410429858137
0.15517492747913558
-0.9198967231847184
0.26546887173429357
0.06944394533119097
1.4474059258483656
0.16733729609273523
-0.1915067561856122
0.2027396535224345
-0.8904775621795861
-0.7020805484119517
0.8277246320183662
-0.01419854062471071
0.7644565321158836
-0.021224597476388662
0.15288948456431195
-0.2682866257513106
0.2863302354470794
0.18110659255107037
0.41538089484592555
0.08107561371094718
-0.05561985363445243
-0.01293996950912002
-0.07759570347877448
0.13029459365448604
0.021750432204028836
-0.2021832573706322
0.12552292867401538
0.11127556828360818
-0.962829383791575
0.3940734445758111
-0.37527063797858035
-1.0840844740055873
-0.31775289287689745
0.8052610512296045
1.2053558966279494
-0.04334076930094166
-0.6327048595592797
0.7260853321835393
0.05859398355567852
0.3404871203860619
0.24728641237796722
-0.13004588404249384
0.6811023667153262
1.4095691096468015
0.7656750982925615
0.1631470008129359
0.014259988014964836
-0.5187059092833319
0.9634748800449979
0.49819589859099445
-0.31472676239599595
-1.6740765077401765
0.46830650481012814
0.3535023807002823
-0.15771476452154548
0.24457398706574074
0.617148361437952
-0.10181954371127508
-0.5139862119067404
0.932744953380141
-0.5522803792032333
0.6693741123016529
0.006417187302439065
0.9901360627671899
-0.025858208819258155
0.5166170065566853
-0.160210111819567
0.44000567403600155
-0.31943141298638844
-0.26320398765169417
1.2809281108055837
1.6388768211002176
-0.28915153867380106
-0.2732982590022314
-0.20681996487074472
-0.43488807490411424
0.6516114502845162
0.3652709654327049
-0.7383746609170545
-0.1929671647264073
0.667621945937047
0.0116264399893245
0.5024757418751816
-0.05008371832506986
0.9934046909164751
-0.4298331738488034
-0.24426648099974846
-0.7614197450804168
0.5598985046559589
0.4346801223008008
1.2910676153600367
1.0482383214083624
-0.6764059002642058
-0.47292514105460537
-0.21640277716961798
0.028849266881554314
0.934303836913945
0.09425436777282536
0.5487628830837066
0.3770640713865059
-0.4411996803983672
-0.0728761038039889
-0.031887769064985416
0.9531132609525539
-0.8476490496454894
0.07233388110526828
0.5414720985432107
0.5398313451692466
-0.1509793805905239
-0.27746952827468296
0.27636440489632735
0.6702570819760356
-0.2932061717613642
0.7762935926598598
-0.7860045116178649
-0.3558961821173286
0.45436386739278467
-0.03594977956117529
-0.6344758574904221
0.09857615725551871
0.8118635258517088
0.53608623596421
-0.067321884375727
-1.0451523322122191
-1.1357899491565413
1.265425597720547
-0.487997720552258
-0.3362678114090816
-0.6698192627311792
0.7938408726713437
-0.49120327890929505
-0.1341818494696927
0.03318648826270132
0.3931171864941594
0.2668856418048738
0.6189542453204613
0.8190830865926456
0.28319671647729494
0.3668008080577815
-0.22117438676353635
-0.4429459968925091
0.5115171217111899
-0.5946198760404524
0.917984969278882
0.22444631811589716
0.12422695097924247
0.23412556796384576
-0.7285777453534724
0.7880459471230572
0.3947645518572577
0.3191903926627459
-0.20442321493590887
-0.2856991304486355
0.19154420324068694
0.12057395270600824
0.1586801752493896
-0.9091534897891773
-0.40382046498884194
0.5213195005743244
-0.43835904274121495
-0.00326098055477958
-0.24156813095948937
-0.03236795525503727
-0.4499201529152457
0.7820737649175724
0.5361536306593586
0.7938292526565988
0.47886781272436013
0.7378749210499622
0.2985925767298949
0.059773959710514024
0.6224741562099685
-0.6508430313032035
0.06896304979424872
-0.6998019460934297
-0.6030951594076551
0.13054489746954617
0.15678808616326567
0.3188383306399375
0.9884453782345264
0.50355884302253
-0.3718478383484617
0.2908005456133266
-0.6964923618971522
-0.30928766782425277
0.0944392784957147
1.0416651354049087
0.9928226514505757
-0.1671724780100196
-1.477012767841459
0.06405790251259014
-0.14354379255946947
-0.38566160824543283
0.7574277412288609
0.0816858814199809
-0.7800530918483655
0.22009001503700165
-0.03955043370568129
0.16100120892852698
-0.39599205963041295
0.1587410777074224
0.6432533420088953
0.30692174114619086
1.2786299359575
-1.1307433500838155
0.40598023428738605
0.6441426812540435
0.46561040982406854
-0.13708350714800904
-0.1110054754252765
0.4474287693631712
0.1735559719160062
0.24710293309644948
-0.5543314500179164
-0.17800329253516278
-0.19406453859246184
-0.440623846183449
0.3799661880048439
0.6676392653522646
0.060310599302392354
-0.2780387870991009
-0.13893142145283455
-0.5885857503542682
-0.605882868794235
0.39883126640125327
0.4784662750071216
0.7879698605488158
-0.31932226605418335
0.12291882211451821
0.5209951449893888
-0.4118631183738764
-0.11844650050788391
0.2965510213787154
0.4910796684864961
0.5894318358694753
-0.010491021736780237
-0.5515446295688113
-0.02721397725016894
-1.019611328623306
0.6497485421879631
-0.3310424984089889
0.2300396190372198
-0.1126440357677756
0.46482561245289583
-0.4180943488052667
0.24513064310535387
0.9914927477903319
0.1289013297776741
-0.17620131251579443
-0.0220271530759657
-0.9397352474369303
-0.4783562733217682
-0.31235698327312117
-0.33595166385024544
0.4773161837770606
0.6978321565929562
0.14836758283458718
-0.2598163550600905
-0.05278524828009845
0.6560066881189195
-0.1308692131108521
0.18868596126047443
0.9870665501392824
-0.19589597916941115
0.4139083798301594
-0.1557106671178708
-0.6376769668928148
-0.23380322380667717
-0.7092673652475652
-0.10310424390042017
-0.6033918857058762
-0.624555284682006
-0.184220306283099
-0.3962516454734627
-0.2724425033052398
0.054365851155302625
0.22654565788421738
-0.466252964942685
-0.6082724372061712
-0.036058470751763994
0.22532400193304536
0.3355941227481687
0.6012249130738576
-0.9130631065093247
-0.2732220969002297
0.48198697100252175
0.19638127614133982
-0.71945000889746
0.3967111219610582
-0.04876383935765899
0.032577512665370456
-0.2808849701419842
0.17498430263023507
0.6331146899577482
0.3217996109714397
-0.19199243273600808
-0.20158430634594432
1.2170392836463597
0.7597725086746986
-1.06804329567984
-0.6320189762120685
0.47817822973327573
1.285288357450491
0.5373193293331964
0.010127824320378842
-0.45876723281747156
0.362859104126094
-0.5859411880876222
-0.3312686867964904
0.12110127461969802
0.5810697892537999
-0.25663611009235915
0.08423925250852982
-0.14852813869977016
0.06781174268283899
-0.9507834640115791
-0.9414401856701162
0.05499370963478234
-1.3780538971356322
0.3698790228939358
0.3777134838598126
0.0435574584746643
-0.31354235449636425
-0.8274855634129858
-0.3107186652921774
0.40197780236494496
0.2523385854568756
-0.14239723891344525
-0.4919169008517186
-0.1505170019112719
-1.493215660760952
-0.44807235896542374
0.6142227347565445
-0.5983902062144023
-0.38990706545645143
0.19012161067199818
-0.5955696407173359
-0.4552685545193751
-0.2868470234805458
-0.3059381595833222
-0.6402050339750716
-0.5311443415163446
1.1700464258108838
0.6377301101392603
0.19559040366320596
-0.24537439244178094
0.43406670397137925
0.10824830952566233
-0.6437093031972128
0.8314536349460304
-0.12041895049038548
0.7669697542942822
1.2823237145861492
0.7240238491793147
0.2563092589863728
0.2391733369873757
-0.022563890143545096
-0.9015871338650351
0.36411454261064363
0.3306703587332781
-0.43648894265543015
-0.013982694130973583
-0.47794046802967705
0.8712008037190094
0.41961555889756796
-0.6553390349170771
0.7063490588184602
-0.3301586871393064
0.11161589935672683
0.16441973524239234
0.6381149178897917
-0.04992733989413978
0.04810326383969421
0.13907804413150693
0.26131683487176505
-0.8187343074778535
-0.8320017135215025
0.7293575060519694
-0.20642568866974859
0.15509985319960143
0.5479360638920336
0.5462116053999474
-0.42585388619533776
