7
10
14
19
26
27
33
34
35
36
39
43
45
47
48
49
57
66
86
90
109
110
114
117
120
122
136
139
144
148
149
157
161
163
168
171
175
176
182
194
202
210
211
212
213
216
218
226
227
228
230
231
236
239
240
243
244
246
248
252
253
254
258
263
268
272
276
283
284
286
287
288
293
294
298
306
312
316
319
322
326
328
330
331
332
333
336
339
341
342
347
349
352
354
359
360
370
373
374
377
378
385
387
391
393
395
407
417
421
422
424
427
431
438
440
443
444
447
449
451
460
461
463
464
466
472
477
480
481
484
490
492
494
500
503
509
512
517
520
523
525
533
537
540
542
543
546
552
557
558
559
561
567
568
573
574
579
580
581
592
597
599
601
616
621
630
637
639
644
655
661
668
671
672
675
676
677
686
689
691
694
697
698
700
703
712
714
715
722
734
736
746
747
751
759
764
766
767
769
771
774
776
777
783
786
788
790
793
797
802
809
811
823
825
835
838
844
846
852
857
865
871
882
887
889
895
901
904
916
918
920
922
927
928
930
933
937
939
943
945
948
950
951
958
963
964
967
988
995
999
