-0.6934421205937777
-0.7745366631761302
1.1578108800035047
1.3860747145370507
-0.03007128168638684
0.32807120067639023
-0.6696130237072474
-0.437574231253144
0.6597426504979857
0.6263497020044644
0.5642169489201249
1.1201048474597575
1.0692011088711026
0.016167612118487343
-0.9047534352321546
-1.7943005481638508
-1.775764528219459
-1.9602717278281916
1.1823892236825932
-1.1093595128586031
0.52372102192736
0.8525728775844941
0.9365199287821309
1.7671440849738111
0.8505026195214433
2.4293019916766774
-0.1869835950385349
-0.44557915252646096
0.0843138694463369
-0.5109647410163358
0.3431932946121231
0.656227514377328
0.875989764475594
-0.5350673881688055
-0.39253504701511754
0.08437064788658644
0.22237424178431242
-0.3793762792757515
0.2607025836505945
-1.203172731414117
-0.9476169574782897
0.2888829686405482
-1.8202359223141338
-0.6106231751913795
0.4387880212098382
0.8187061570565767
2.961285877595243
-1.8063415030490675
-1.378772121692041
-0.14068254976792255
-0.4373416184463946
-1.136020006515771
0.3425421833885123
1.0127006193168528
-0.32965374915354695
0.16956757131926886
-0.05627204723870241
0.3264104772497626
0.14122613195666844
-0.3358651424553569
1.4639475994782676
-0.28491380350810347
0.1379080093052979
-1.5205239697164425
-0.23148181602539514
0.5405231499601688
0.7018256487923598
0.28770928879795454
1.2987216530836538
-0.5655842539255742
-0.35270507477763446
-0.2308647482241885
-1.1927777592349857
0.016162346956603346
0.09297931481012828
2.073722745736342
0.037560571568226286
0.4462116157886614
0.020799981285264668
-0.7648307049693573
-0.4435683451925007
-0.5063639353133178
-0.6406187800664257
-0.8563439845416464
-0.10469149601665523
-0.62866271273027
0.8380695926356521
-0.5658159507928311
-2.0223338046553363
2.451345393743095
1.5472732089801289
-0.09103074179495133
-0.030788795718437845
-0.5613180506829859
0.5607335606987633
0.40438847771177333
1.0677414124749034
0.08856480685345275
-0.8229590039816101
0.6069255437293208
1.043956630860324
0.11253148766529075
-0.7480813308159819
0.911866007802985
-0.17532142035108364
0.832786754495629
-0.7158117906971101
0.12088672218883512
-0.21287398136824387
-0.23669610770994393
-0.17197256719180798
0.06850011354349983
0.5298045448544582
-0.32292789160404345
-1.0658929314496801
1.6465105727898264
1.1225821646981968
1.3697059456313834
0.27552458294237003
0.11499451222117574
0.28533908604080005
1.6815674320586267
-1.4119593837540372
-0.08513389519501915
-1.2899869458622168
-1.2003158113205825
-0.40914135587747064
0.32997131527545037
-0.9754186826219879
0.9092704857427492
-0.31384175166424894
-0.016912836223909516
-0.9516306852619352
0.13479512765348828
-0.7964260507394982
0.49012912189886393
0.31018138270584333
-0.28868832740416495
-0.7293676120788093
-0.663006487908913
-0.08270954597674696
1.7930499331112408
-1.1574849046561346
-0.2580543264567655
-0.18791283801234834
0.8437838426337296
0.7304102973581276
0.6016960518146552
0.14338327758844527
-0.8960917067091261
-0.555057429619753
-0.3913675805732164
1.722549320837218
-1.8911683383309277
-0.2738743920270046
-0.1108221858126695
-0.049975916756458516
1.537808403711499
1.4582115360092387
0.15934814342339665
1.1542369523609177
1.1615325666630434
1.1781891594915117
0.021153401617749756
-0.2616733859685247
1.1606063830930968
-0.8952991163420279
0.3537033097940748
1.0982899475729007
-0.6474026747851694
-0.94146305639963
-0.3164024683310068
-0.06010133266358669
-0.6003880152971269
-0.2321133743278977
-0.3005667132617764
-1.172174901537906
0.7614726971102819
1.4847880048591549
0.7686116409227979
-1.9317697273786916
-0.8514118594772203
0.3474661324085334
1.5913471872782206
-0.38762510318689997
-0.9534360257759477
0.44627888877661925
-0.47015811536558516
-0.8077718042127028
0.16497615954558248
-0.6681929494430203
-0.7172513193980239
-0.24571328409823523
1.1174713039364526
0.8018760147836016
-0.121613071226789
-1.3165843912610693
0.4237437095668066
-1.5153802744619462
0.30789991792379695
1.9119858252599624
-0.981648431644035
1.2598655642353191
0.5914195650640784
0.22367093139460836
0.6071996365442192
-1.6027184753331478
-1.5741134363568934
0.18848761057023192
-1.1857845563734712
0.20920496956396312
0.4054459415582782
-1.6186134263135488
0.08604861417321258
-0.012228005491214389
0.9300344503603348
0.38130073259843034
-2.0827082759934705
-0.6977046156699844
1.5310715328586952
0.4333980717889247
-0.815641490673009
0.6205693246731626
1.1074509493832472
1.3574369256348402
-0.47176406639570784
-0.39559804332224396
0.8397689828279753
1.0848349521183822
-0.7068762956830097
0.309000878816282
-0.614283131797571
1.3756725462577672
-0.3505810564858173
0.3150796834311793
-1.5579736717279435
0.9358451115436962
1.4943597020154065
1.031170376804132
-0.4145125748116487
-0.0036397769759153875
0.658959973716295
1.0964679178369117
0.7028964614013682
-0.34267191424981785
-0.256458056378701
0.9759783287341501
1.2253736289136525
-0.62702208900327
-0.14047481307096532
0.474240218310917
0.7854904964232494
0.2946860910547593
0.21096284933494863
0.19126910507452177
0.9520148801092324
-1.7921461386094875
0.4010877046731452
1.5061063595724256
-0.4767061553894845
-0.8738272300771446
0.9359261053172578
-0.16636421303800494
0.9849861250921507
-0.189466727863014
0.5910630815008897
-1.049619456284597
-1.0406861185001661
-1.0472753985668073
-0.40984406369306525
-0.4674982011920548
-0.4848075231055946
-0.43010727492798784
0.9237245191795138
-1.093751314318977
0.390346111281449
-0.6425303603444806
-0.9951591284507255
-0.4114968308896236
0.5629369648290239
-0.524674785778679
0.37210428156741066
0.41073092696397256
0.49698906604114734
0.7067943412179345
-0.7956936430001572
-0.11011368324707127
-0.35883549055988484
-0.05709783869171836
0.1015540044679962
0.2209670450873366
0.33832523763243466
-0.2622486131540786
-0.36243491839040687
-0.8191587948404682
0.7718827328604155
0.7481208023896994
-1.3505235319066797
0.41079513066418194
9.592486326459593e-5
0.9787756761169557
-0.5318642351708157
2.162345922986913
0.14616736298803334
-2.0323099223081504
-0.061132148030267355
0.5640513556873445
0.6537837689506063
-0.5678282284472993
1.048866786257613
-0.5414040051600422
-0.023013879929919212
-0.5512427333579326
-0.09894640710312186
0.25721637460984415
1.4924833163964109
0.592249056887195
-1.0908417332951472
-0.09091134939978884
-0.3066098416590498
0.2941609159137708
-0.4367056318202237
0.3755132979711148
0.4413582603351929
-0.16101005282742398
0.033349067730712556
1.1649064256486297
0.5839563389850901
-0.8786445952277205
0.3475409192841678
0.19180868575169036
-0.11609207784693701
0.8558258524111108
-0.029496022720151394
-0.2943692875003969
-0.4138588056164702
-0.22805413595049084
0.8174261145632036
-0.9931041252618624
-1.1518143827948015
-2.082754746389152
-1.5396297771735343
0.6765463128610919
0.9878522141391981
-0.7635343575232025
-0.6473546992747415
1.17928019480581
0.31803582593779345
-0.9251142087378093
0.7190981440229094
0.5722179889917085
-0.05374993719799845
-0.3720987099634061
0.2972886777927305
-0.3521429021369576
0.8962526628031128
-0.18222159708117402
-0.8471107853657404
0.7389244961179267
1.3513484986116595
0.7202722000518638
0.45984844669074765
-0.1390509145543482
-0.29351293216573804
-0.3475055279748086
0.23874742329495183
0.5821401851634421
-0.18465818526924205
-1.533221728471907
1.2427395490514903
0.9527113472100953
0.04301050484570951
0.4538011676063532
2.0538999172767918
-0.17363044254044346
1.5055560381509545
-1.5774724289516122
0.8095901736133747
-0.553353363918626
1.1339571847893497
0.7714896841455496
1.605791443665754
1.138411672763499
-0.7891246836926888
0.5234540145012777
-1.6498829593368645
1.3978091068343974
0.5582969611445081
0.20338299795846881
0.025560957113251015
0.9846994728151186
1.5330209394190821
0.4311630674198167
0.44720419144263124
-0.8645487890995424
2.272930454222898
1.2158641395389775
-0.7826770293827383
-0.7536327699505275
0.7326903837739991
-0.46523172807129515
0.025279917041879735
-0.020591887975285106
-0.9161699854575662
-1.152552710796651
1.016252597838554
0.3450396722408083
-0.4986022818994063
1.346514357604595
-0.11402461229355615
-0.8364850493046174
0.07641354746749202
-0.10184574486915554
0.8204554676390576
0.17586077747821852
1.2002375630265862
-0.28151721569406685
0.9429690231839902
-0.6242596496413688
-0.5583130424029201
0.10316401496269312
-0.5432000389400483
-0.37668362954041323
-1.0504193262125012
-0.5453255666226087
0.3449735113188699
-1.1252411119248478
-0.2505154950440367
0.13765944665909494
-0.8632674759990538
-0.6484943282226292
0.6253842491597201
-0.5780471317827095
-0.31729511239920893
0.7499110189326349
0.9600796987041529
-0.7957751151850552
-0.6298958745588861
0.8025549755181538
-0.5677295751318506
-0.5302399835275948
0.09966323188690075
1.766864786826787
0.30922192446455465
0.9049731147511255
-0.24699230388144455
-0.9832792590254789
0.24146374957068562
0.3927064228868774
-0.1992991550481597
-0.7580494183797539
-0.6410245474652305
-1.0138309275944737
-0.23045656128036307
-0.874081125208078
0.9002504001698246
0.7951086186564079
0.8465802703309464
-0.5493221462596879
0.7391382389589609
1.095886287503929
1.4844902230765569
-0.25944765509362105
-1.0462727468206061
0.08759042283074425
0.5194534154951755
0.7261025778708781
-0.10920137479593225
0.6824771591078991
-0.031214180738712002
0.11651953155535998
-0.32009565299541376
1.82418372159953
1.0712551459060862
0.5561063720527608
-0.20688745317307178
-1.282790328017127
-0.4473082030220187
-0.24863099070779704
1.0504037430890585
-0.751239836342381
0.7329325472629433
-0.1738589547744622
0.3438317940728962
0.05460416286441783
0.3643474287853858
0.6074515615994949
-0.8530133664421469
-0.43982951356082517
0.26319964453561334
-0.6664352396611265
-0.417610963205885
-0.466084765784106
-0.5325572917725714
-0.6906234551443747
0.8164269447774273
2.110296158647364
1.1527466088135732
-0.21536034425207842
-0.35428052946041266
2.1776699459969255
-0.8464556722499129
-0.2700805201584192
-0.7253542636444175
-0.6608345220636526
1.1187074220254714
0.5627261506978543
0.3949922425946548
0.7761024055661462
-0.03936799247933237
-0.21355614507969786
-0.28432810368267314
0.38895013761705566
1.2267005585402002
-0.6418975343789035
1.441946912488245
0.06117608563692156
1.4984592453669638
0.8771848702472995
-0.05037757825125999
-1.8714657868127937
-0.11066302349092762
1.2151856382481085
-0.8578127375476461
-0.14859447853618502
-1.2443984753666835
-2.2015286995653423
-0.47070036474711374
1.303499039605363
1.464271525536391
-0.08723335621023665
-0.33057075548847203
0.9099267410409813
0.1358997137022095
-1.0498468889286026
1.2221885499767327
0.45274541246473343
0.7526851875294803
1.561435308279182
0.21808280286715076
0.3127556775954179
1.2333007854899818
-0.6030010697500817
0.284101229275607
-0.8658476631016493
-1.171551036430798
-0.9984965418769579
-0.15518256586886825
0.277682515925498
0.6888685605947137
0.30365420774356466
0.48269855547029317
1.2565155730158415
-0.45353222188586406
0.35449444098719674
1.0599034670698746
0.07027932510036589
-0.5036899188891619
-0.6403251746482275
0.808118760775483
0.9899797716462283
-1.416700506040055
0.7459298933857149
-0.585134447364438
-0.43471196941786755
-1.2650149028236926
-0.049793690517751205
-0.0708377555389057
-0.03523609005869288
-0.0714425730321524
-0.40052255558317923
0.9221752984241721
0.318542544111877
-0.1612497810865286
1.8330135243871573
0.3233684552532183
2.1334439553862885
-0.38103542694547804
0.13567288577382763
0.5669628510925737
0.870905592227134
-0.44645444958605796
-1.0449514521840835
-1.1944138918564886
0.8511303734704775
0.022197873842408067
1.2790505735763613
-0.9547871534427472
-0.5952345051186285
-0.0697998355719407
-0.9521535086412867
1.2184617911261362
0.15503243089807447
0.7087182141769878
0.147243973969496
0.5122893078049799
1.996302583337717
-0.16871704640024593
0.7566439935599292
0.5071045249534114
-0.8353965440172859
-1.5664411610802473
2.178251587519085
2.1484514354447786
0.8428779449433148
1.5077108518896463
-0.8135378531052571
-0.38174681943342403
1.0909898331618004
-0.6083082613301362
0.8871769815116819
0.43271893039664056
-0.5897901672628848
0.23210798622800904
0.6312721671480322
0.5475191598167457
-0.23257761696281398
0.4042214292545018
-1.798995238398056
0.44588387169193405
0.5865279898590521
-0.5298053637010856
0.9400739514772685
2.504361557582733
-0.7187720679097899
1.600852369181283
-0.5761006099526519
0.6512503224639961
0.1862131909971836
1.755715552868661
-1.6544925235522523
-0.5711454676883748
0.46918096318923075
-0.6184482024705071
-0.2405461266229426
-0.9436166490375955
0.12718166416509136
-0.47437637106374214
-0.32099460522865003
0.016990089683147636
0.9484061024038859
0.5279183493699331
-0.041454425244700666
-0.12873639392131853
0.04333944665178069
-0.2898999711301785
-0.562533793295738
-0.48671422244197093
0.48453324187315594
0.8203758752573639
1.0420367699646822
-0.7661618805176625
-1.6758029428475933
1.5409159944296786
-0.1687481986741307
-0.07429912454244231
1.4120590576235545
0.5918396479951366
-1.2011731062738407
1.2568483377361297
-0.3728864029817366
-1.7389921885259971
-0.8188715950625662
1.0889234046200977
-1.3382988359840653
1.5945858433737836
1.2079256904388518
0.06344951219892914
1.0128842381811471
-0.29968212465978183
1.680341584257513
0.9779447979839728
-0.0073358151933825555
-2.053017325104001
-0.2131669400452846
0.174007991046052
1.3803094417289155
0.6374084459114919
-0.4287135231977088
0.5543129004744004
0.45026546623410313
-1.5172219164887588
0.6822034716690661
-0.2044325687302691
-0.517588274020478
-0.3536125969442049
0.6611916510890966
-0.18527805057349894
0.42580768753284975
-0.292059356270126
1.9628777699067863
-0.6334274951875333
0.9612800797618551
0.6706905026102672
-0.34170231204253865
-0.532826466117059
0.525772717377103
-0.563319414641745
1.0791456143941551
0.5410385473167721
-1.0588428897085633
1.7082329306939208
0.9846297689555059
-1.335336685164729
-0.1799905911439989
0.40453210657001404
1.243193528880135
-0.26834044227840703
-2.20545803898171
0.7724208299644517
0.043114807504328834
0.4043908760654437
1.5127327126553949
-1.0032183812402078
0.6944264967218025
1.2026033696777405
1.7927106449824348
0.7852944525990786
-0.3378480897250147
-1.010328345882606
1.0976720690599988
0.760854265793669
-1.526729527585425
-1.4542665556658083
0.9831897800515759
-0.7325720575311241
-0.4709143039707043
0.002579811595127933
2.346308848343696
0.8571480404407016
-1.415187253507714
2.478810819334748
-0.6527234558799275
1.2576034309997048
1.2779363730442088
0.17504918429517646
0.08678687411475573
0.5585039573438699
-1.9844374529773314
-0.2048104246403522
-0.7710654330512835
-0.28069465697353674
1.49552202657725
2.2614729742760633
0.16093090285924894
-0.9406466935540783
0.08523498888344616
-1.4223542166674719
0.6731177347504442
-0.11366891448449021
-0.6012033541995119
-0.13443894775966186
-0.2402880212301302
0.9705055222295157
-1.290679835003536
-0.3998997230436738
0.9833662060584162
-1.2344178566127635
1.1763248189121174
-1.7888397081679228
0.2246319954327379
1.8107390674759085
0.5402889663391328
1.5187183371721105
-0.8404289259403382
-1.0654375732833672
0.14707484480820393
0.5731052576730834
0.027933077946136753
0.35897020132856283
-0.6481772926556046
-0.39986859501283345
-0.5605931693177622
-0.30214524825389755
0.5483433216939172
1.2994482681988038
-0.7436248743779937
0.09178203518175221
0.9110616334463513
-0.2940153863160185
0.36680276027971725
-0.25767954963710193
0.4098589225328938
0.01595121108559283
0.10622426434067878
0.5759246062171621
-0.5284143313696033
-1.058941275174587
-0.08300977887389882
0.7436520948540023
0.05628059007039932
0.7359998284885598
0.5111349024689202
1.0116585869708334
0.6544314994192812
-0.32362070006352806
-1.8657755382307033
1.0605640847540234
0.4953874839816631
-0.46510384551235945
0.03984811684768863
-0.27361003932337336
-0.14635636645205186
-0.31848081945003914
1.4279847140341666
-0.031060398120643762
-0.2040588077783857
1.8748638501754438
0.9482741988314153
1.1464332593870565
0.8012927092127584
-0.25369969306454404
1.3892963900263087
1.12374813307713
-0.2396247602260654
0.14243632687535934
1.3935337296324453
0.6275218341597688
0.7010165093871165
-1.2877543957567152
-0.5957003013495694
0.22630345166802884
-0.9945899355677112
1.7832426347828698
0.33281115678138207
1.316995691589888
0.27573783217301595
0.043616580531360916
-0.7405276174299873
-0.6840535661674816
-0.11270163907127512
-1.8096100642783444
0.13600829364580239
0.4896345367586191
0.31811365449133944
-0.42538043242437573
0.645800098180596
0.5951583953535321
1.3774701623216208
0.5034830821097366
0.31730507731388347
-0.5058069088803531
0.6544567382119633
0.029614105619874653
-0.7608096806588507
0.18740672799459923
-0.7558844335193111
0.5397779897847019
0.556185896975445
-1.5462813375968643
-1.4052545500881723
1.3795830027884326
1.7222513305986582
-0.545814349227306
1.686582494734628
-0.9607181755262473
-0.20445281702668539
0.14594297437237133
0.9165206675828284
2.147500968472495
-0.638310748509612
-2.2457062218948494
-1.103498144767277
-0.6472980122284258
-0.5425456311999477
0.7367786430039934
-1.2323277944784032
-1.8621489051634323
0.6183853897889648
1.3414691955212712
0.2537157968614109
-0.1250091305536255
1.9546771391744513
0.49221136197936755
-0.41486804746531614
2.5405146807428136
-0.3830315899254041
1.6548114935300493
1.2632845085274171
-0.14682859090269135
-0.03739066722057488
-0.41862878974028267
0.5837562392205968
-0.19688740645909353
-0.7804086713068658
-1.2818503782284665
0.24617954518614948
-0.05838031149376288
-0.7062575718143619
0.523392614023654
1.569240397852635
1.1112545988946791
-1.4554038726354923
-1.5116498256442306
0.2009672872322555
-0.39629150890252723
0.3780572714733499
-1.2580798172489926
0.657564751976632
-1.2403542048555076
0.02347302490537767
1.611434944945832
-0.46030603410181353
0.9145070777135389
0.5519610143689915
2.187346526052909
-0.31151112698783134
0.7108675282306524
-0.7103155126284827
0.1898093142344922
-1.6962795266571655
1.3295820397478768
-0.7876389181816955
0.7356138881325167
-0.37595917127336864
-0.002250790796595681
-0.2916937331268821
0.10255697071421543
1.3341037300791174
0.018124560918935106
-0.024165631783531524
-1.4587290868234253
-0.7705602924550159
-1.1803274290649926
-0.25029114816681464
-0.2513547611130217
1.139470543778236
1.2498314538332669
-0.7117749867949936
0.7964171059583497
-0.5047531094823774
1.3824977641627236
-0.4182677562152123
0.5345363156132035
-0.5960675630011916
-0.5553674588309429
-0.39563733244691723
-0.879640052911642
-0.9584285709408538
-0.2249121660447202
0.21835997091690623
0.29103905613243447
-0.8651972958457457
-0.9795728410732258
-1.390276477306792
-0.7326906930997726
-0.72020811091196
-0.44956226730782517
0.5713782745853112
-1.9968504961465852
0.1593864825331065
0.2963863477559537
-0.2502497791558712
1.5757849025183759
1.7630885117982502
-0.12369195927604354
1.6613427742031357
0.5393741047035746
1.3499789741031076
-0.6430091548168435
0.5493487352267856
-0.05735617566288409
0.872690952781126
-1.9073055836218247
0.3338567517938784
-0.5068420209633264
-0.6731702404774351
-0.05032007805772254
-0.45639962279991075
-0.47081817639835055
0.36068274590368954
-0.33770851853482986
0.6924685170118383
0.4905856859206563
1.2269100687870116
0.849615313892335
0.8308458105283854
-0.5163275503442688
0.03316899572106105
-0.034432474860912055
-1.3651490593092164
0.9754780044048637
-0.6859815442971295
0.05638356169714891
-1.1281089629816425
-0.5502775455008742
-0.1973914345364075
-1.4560967149207986
-1.4311384835849996
-0.8571527895275179
-1.492887001937532
0.8362752204432362
0.7777222486399719
0.6220880238958025
-0.21523548544318316
-0.8664660815953882
-1.2899474172181367
0.7669585726692532
0.41922423743931686
-0.5451420015151118
-0.15068393795415197
0.3319983786496748
-1.700797026835331
-1.2146787154638488
0.6062941505643069
-1.4919873557767267
1.0837732602156676
1.319243519368319
-0.14272528384506966
-0.7943888118797113
-1.1467888020155423
0.9253880883102831
-0.4090573055651338
0.22540159925464387
0.22700599327381887
1.5185373913981093
0.019458203395565143
-0.002616417696917339
-0.2692139382839097
0.6197940635445359
-0.28204216823214
1.1322052520447778
-0.9905155603347242
1.2878846689352086
1.5046229102223156
1.1334949663944718
0.5274797369213424
0.241507661588232
-0.5113061343361449
-1.0967046322706828
1.3713973558843668
0.05918915017382931
-0.6033517390724272
0.2996802245363024
-0.3442240232525982
2.0561871598059156
1.2285059669690361
0.24539829877481995
-0.1870097997452997
-0.08451292163914281
1.0372161007804037
0.11988628737016649
0.46981170361956653
1.257494337555083
-0.7174821578997962
-0.589239641176067
0.5067823620427528
-0.511785925902613
-1.854723428015828
1.1219254019781244
-1.495792656190233
0.8027309196432645
0.818186820651964
-0.6396256791377092
-0.10326352907340101
