2
17
22
31
84
93
106
146
160
162
170
177
189
200
201
220
222
233
244
258
282
299
317
352
409
411
432
500
520
530
537
550
555
561
586
598
635
636
667
673
741
838
839
843
852
908
919
956
976
994
1015
1021
1047
1058
1072
1111
1115
1134
1142
1157
1175
1195
1243
1299
1302
1346
1347
1369
1381
1399
1408
1418
1437
1438
1441
1456
1503
1533
1537
1560
1570
1576
1577
1593
1755
1772
1820
1844
1847
1857
1860
1884
1936
1944
2002
2010
2021
2024
2032
2044
2051
2052
2054
2068
2105
2151
2158
2189
2204
2207
2211
2247
2261
2262
2268
2277
2344
2362
2382
2412
2423
2451
2469
2478
2502
2506
2547
2564
2571
2583
2600
2605
2639
2650
2661
2714
2720
2741
2830
2844
2869
2911
2913
2922
2939
2959
2967
2973
2985
2995
3043
3046
3077
3083
3097
3110
3111
3199
3218
3224
3238
3244
3277
3281
3303
3315
3339
3341
3375
3383
3390
3408
3418
3430
3446
3460
3466
3519
3524
3565
3602
3603
3618
3668
3704
3723
3776
3789
3807
3838
3869
3873
3874
3880
3905
3948
3953
3971
3974
4098
4105
4120
4163
4168
4170
4197
4217
4218
4222
4242
4243
4253
4291
4307
4317
4340
4374
4407
4438
4462
4515
4531
4533
4546
4570
4604
4631
4678
4681
4704
4706
4715
4748
4758
4769
4791
4806
4816
4820
4847
4860
4885
4908
4923
4944
4953
4989
5002
5005
5049
5050
5058
5072
5082
5092
5103
5108
5120
5124
5130
5153
5167
5169
5191
5192
5243
5246
5250
5266
5270
5283
5315
5352
5399
5411
5415
5425
5446
5468
5523
5547
5556
5570
5590
5655
5678
5682
5689
5708
5745
5768
5845
5865
5872
5877
5881
5890
5938
5939
5966
5991
5993
6042
6047
6048
6071
6131
6144
6152
6161
6185
6190
6193
6224
6254
6271
6319
6321
6330
6359
6381
6437
6441
6444
6514
6529
6620
6632
6642
6669
6675
6688
6689
6700
6744
6766
6799
6808
6810
6846
6861
6894
6906
6913
6941
6950
6953
6973
6991
7010
7018
7034
7038
7087
7098
7109
7113
7158
7162
7171
7191
7226
7238
7242
7252
7255
7258
7334
7337
7346
7366
7387
7399
7428
7431
7433
7438
7455
7467
7484
7513
7516
7529
7571
7626
7658
7663
7704
7711
7713
7719
7724
7758
7796
7825
7856
7858
7889
7922
7926
7944
7961
7969
7974
7988
8019
8027
8041
8065
8081
8101
8156
8174
8196
8207
8213
8236
8261
8287
8429
8433
8436
8442
8468
8501
8527
8531
8540
8559
8564
8600
8612
8638
8661
8689
8692
8723
8731
8835
8840
8841
8848
8867
8893
8898
8917
8947
8990
8995
9032
9042
9053
9069
9075
9098
9109
9113
9129
9130
9253
9256
9262
9273
9276
9284
9299
9304
9307
9326
9353
9357
9389
9441
9449
9453
9460
9487
9496
9503
9542
9579
9593
9613
9622
9624
9660
9682
9685
9690
9694
9723
9729
9768
9770
9783
9796
9826
9845
9849
9860
9869
9910
9937
9941
9951
9955
10019
10025
10042
10094
10096
10133
10150
10187
10191
10216
10227
10261
10278
10283
10342
10344
10352
10360
10361
10388
10497
10587
10603
10623
10642
10679
10685
10704
10716
10732
10738
10757
10762
10768
10770
10795
10808
10809
10869
10889
10931
10952
10954
10990
11009
11014
11054
11055
11083
11125
11129
11135
11151
11159
11171
11192
11198
11201
11254
11293
11305
11320
11350
11386
11387
11443
11447
11469
11493
11523
11555
11605
11607
11623
11628
11636
11645
11667
11696
11702
11703
11736
11743
11825
11892
11897
11903
11918
11983
12033
12038
12041
12047
12074
12103
12108
12115
12151
12160
12163
12165
12192
12194
12274
12299
12309
12320
12357
12367
12368
12402
12420
12433
12441
12468
12476
12482
12530
12539
12557
12607
12610
12624
12634
12682
12714
12727
12772
12773
12776
12779
12781
12787
12799
12903
12904
12949
12953
12954
12979
12989
12995
13000
13016
13040
13043
13065
13074
13079
13118
13127
13132
13140
13242
13255
13258
13268
13298
13311
13312
13368
13388
13394
13396
13403
13411
13427
13443
13477
13498
13552
13569
13595
13609
13639
13678
13698
13722
13753
13771
13813
13816
13819
13820
13827
13829
13830
13863
13891
13916
13934
13936
13937
13951
13965
13991
14018
14027
14056
14068
14073
14088
14097
14104
14112
14152
14191
14192
14206
14210
14211
14222
14232
14251
14262
14266
14278
14299
14321
14337
14347
14388
14451
14479
14481
14484
14496
14504
14508
14546
14549
14576
14597
14602
14671
14706
14744
14759
14798
14799
14889
14893
14940
14985
14993
15010
15051
15056
15083
15141
15146
15149
15153
15203
15212
15237
15241
15266
15350
15406
15467
15480
15516
15519
15528
15531
15605
15641
15727
15776
15786
15793
15816
15831
15849
15855
15856
15858
15859
15873
15887
15952
15984
16001
16005
16021
16047
16057
16069
16075
16084
16087
16096
16110
16132
16138
16156
16172
16180
16203
16223
16229
16235
16267
16269
16281
16334
16350
16379
16385
16392
16413
16426
16436
16450
16461
16521
16533
16534
16542
16545
16554
16588
16601
16609
16658
16689
16697
16740
16772
16773
16782
16790
16838
16877
16880
16884
16921
16930
16941
16967
16972
16991
16997
17001
17018
17046
17070
17090
17120
17137
17145
17164
17167
17186
17192
17209
17224
17238
17239
17271
17279
17300
17387
17390
17392
17408
17409
17501
17553
17572
17574
17594
17595
17611
17622
17643
17674
17687
17726
17756
17763
17766
17770
17796
17818
17844
17893
17907
17918
17937
17992
18114
18177
18213
18257
18276
18284
18295
18313
18323
18355
18356
18358
18431
18433
18459
18483
18485
18501
18504
18552
18554
18559
18562
18572
18604
18608
18624
18635
18636
18653
18691
18709
18711
18749
18830
18842
18878
18894
18896
18917
18923
18945
18947
18974
18980
18981
19006
19017
19038
19046
19048
19065
19068
19076
19086
19093
19097
19120
19122
19131
19164
19192
19238
19256
19281
19292
19321
19341
19344
19377
19385
19423
19436
19453
19471
19500
19596
19668
19679
19696
19699
19723
19724
19756
19770
19779
19864
19876
19879
19911
19937
19976
19983
19985
19990
19996
20025
20041
20043
20100
20122
20145
20153
20155
20164
20202
20206
20247
20261
20273
20278
20280
20315
20319
20330
20373
20400
20409
20428
20437
20440
20460
20471
20477
20483
20489
20566
20639
20663
20689
20731
20736
20739
20747
20757
20773
20804
20808
20828
20839
20850
20855
20872
20898
20922
20940
20943
20969
20982
20989
21020
21033
21037
21039
21060
21077
21100
