14.67284
19.30954
15.12968
15.349
11.1308
19.42753
14.89387
17.6092
21.4301
13.84396
16.54321
14.20776
22.70384
15.29752
18.7924
15.37204
14.09111
15.40404
5.84222
10.94282
11.76664
15.92808
18.27252
24.50671
13.84777
22.91282
19.17577
18.18775
18.33075
27.76584
21.91754
16.50917
15.06772
12.58839
24.77791
15.23011
20.98478
18.07526
20.82872
9.18178
22.33008
15.55646
22.14076
6.47947
18.31169
14.9579
17.54075
18.4366
14.05631
9.750239
26.43188
26.57634
17.98822
22.85588
15.50286
12.55141
12.44269
9.417797
15.13879
9.211716
9.125758
-2.125826
9.479408
13.65777
12.51714
10.21138
0.9865234
-1.98695
7.923038
5.050984
10.01131
18.45762
0.3461622
0.3810508
10.31286
12.66554
19.4898
6.944586
1.87096
10.21762
7.527479
15.32114
8.813514
6.238198
-1.111032
4.844902
10.08291
11.07584
13.26157
11.87833
8.799722
13.70372
4.520539
4.832861
12.18056
7.147902
1.216534
5.888479
6.768947
2.59661
6.005656
10.08205
8.118061
2.68619
5.622447
19.09657
10.36689
9.5309
4.162677
6.662503
-0.1660751
7.859325
12.9082
8.201718
8.487565
0.7778543
10.45688
10.61896
-3.279092
9.297915
3.472299
7.54573
11.79982
10.97262
-1.036862
5.006267
0.5306899
0.4077088
-3.798753
12.12637
-2.625732
19.56851
-1.41035
16.8967
1.201092
3.024682
12.6148
6.163455
14.1493
5.49637
9.659582
13.89841
10.46944
5.181547
0.5578816
7.759735
9.603722
4.188071
9.289851
4.891646
-2.484793
9.328064
2.999262
6.515524
11.06913
3.260879
8.801501
0.9414381
9.123081
5.084765
11.21254
9.31267
14.87791
11.44686
9.795328
4.392929
12.13863
15.02613
-2.343628
8.915918
11.92621
10.71185
7.296945
12.32703
5.174994
14.03873
11.42068
6.462526
14.41402
10.56273
7.711483
8.47271
8.479129
12.08152
6.08441
13.63528
3.243595
8.114141
5.628491
12.71766
7.061344
8.313541
10.15982
4.854343
9.516807
2.660984
18.6991
11.29553
10.22173
16.82949
9.007537
17.49816
11.69023
21.63345
16.74422
9.7773
3.431577
8.825815
9.361765
10.93098
22.52001
10.73791
9.801606
2.811591
-0.3621966
14.36394
7.031355
15.96701
9.284397
2.89719
12.65548
10.12463
13.45332
13.17218
0.6188703
4.036909
12.80765
11.31747
11.27024
1.781695
7.368892
4.69936
7.620749
3.042645
5.73669
8.167811
10.90903
11.47697
11.89981
8.565763
19.27188
13.12759
15.5187
8.820067
5.883809
16.0011
2.562797
3.318545
9.128219
10.28437
7.95487
6.095971
8.876533
14.2935
15.28038
17.16331
11.43867
13.64463
18.38583
13.65202
4.828792
14.38494
17.16641
14.78789
9.341604
16.983
20.69517
13.66208
21.44486
10.12905
13.8469
6.114838
21.11507
16.38324
12.66962
19.02142
13.77606
5.307353
7.857388
3.631398
18.04571
7.654916
9.794225
6.934111
13.19715
18.78994
12.05695
10.33258
7.545003
25.60426
13.53371
18.24896
9.05616
16.76299
17.46075
6.9832
13.37805
24.38693
8.812312
18.06589
13.18943
6.92094
0.9415142
10.73504
16.68845
11.01725
8.156562
15.77864
12.01852
6.138334
11.76615
14.39426
14.57035
8.606244
19.12744
15.26518
12.46506
15.87995
17.67474
24.09986
12.85484
11.18126
14.31101
8.879404
17.61618
5.829453
7.911712
16.3397
13.20128
9.110455
12.59172
8.459735
8.536312
13.37972
12.8116
18.90982
22.3341
15.96337
12.27166
12.149
19.31091
14.4592
20.04185
11.99673
14.21446
18.70249
19.32231
16.85638
11.66788
7.186795
16.19623
14.78393
19.04401
8.461751
17.53444
23.08791
19.55864
16.71913
8.404022
11.90873
21.96889
12.1926
11.0246
14.51113
18.69427
7.624035
15.29578
10.3073
16.23501
18.95737
17.64884
20.85574
20.74862
17.82748
6.567873
25.23189
14.36988
23.3302
7.1808
18.10916
13.09781
18.53925
18.3732
15.97043
14.04758
12.27082
19.54255
22.06465
15.96089
17.18766
12.21527
19.76935
9.618924
8.57592
21.84296
19.17964
17.64103
16.95804
16.49045
15.72177
7.364259
9.340839
6.86842
17.09971
14.95725
11.57927
16.41588
22.72599
13.83475
19.2403
28.75542
21.0536
23.83821
13.72621
14.58782
18.57816
12.13428
3.6542
10.51479
13.55899
18.16755
14.2165
9.651158
15.75701
9.238617
21.06379
22.28089
7.037161
12.21962
10.39942
13.02478
15.06194
4.860935
12.63752
19.0572
23.40107
8.917134
17.49008
19.9187
25.97879
15.44637
19.04008
18.2891
21.50335
21.30698
13.23776
13.28814
19.38255
13.17805
22.52912
10.78424
17.14187
11.71255
25.08763
19.23618
14.67465
19.1829
23.73724
13.18848
16.50781
16.98133
15.8465
16.35689
18.63093
21.29267
20.22904
25.70421
19.88365
17.24808
19.0241
22.14031
14.98656
23.66642
10.82862
23.55344
13.93204
22.55239
14.91502
16.82759
17.49642
12.58567
21.68903
14.47084
7.344125
17.1709
26.79591
17.57942
21.13872
13.44216
17.45451
18.80633
19.35858
21.34264
8.367992
17.20538
16.13319
21.52467
18.2531
16.91667
17.30253
20.16259
23.49667
16.47167
24.84578
19.03749
21.69711
20.20918
18.28784
23.61868
12.96829
17.02148
16.80687
30.08109
12.9985
9.910622
24.22053
10.84355
23.5545
20.01363
18.65153
28.92637
20.02274
15.0127
23.41333
13.80901
12.11132
14.1903
14.59301
25.54696
18.41448
11.20959
9.982264
15.14038
19.02372
23.52821
21.20868
17.82455
17.56544
24.43019
16.47758
5.666169
19.71051
13.82655
18.44673
18.87894
27.82786
17.38509
17.06658
16.90515
16.08543
23.84544
12.70884
23.54956
21.98683
19.54783
26.04898
14.51292
18.8095
17.03673
20.24362
26.45244
16.72963
24.26645
16.87479
26.12242
24.31433
21.7374
16.11658
13.89031
10.21378
19.48128
13.21382
24.6957
10.84866
17.13569
13.14516
11.48005
23.66051
18.53494
25.55426
15.88564
22.65531
14.58374
20.98699
24.87401
15.69484
24.99075
24.6933
20.15263
20.78488
13.67012
25.70158
13.04845
15.72211
15.18542
23.66723
15.23239
24.17278
19.04758
16.19623
19.88565
16.29827
12.86448
16.0298
13.63165
22.82795
23.92182
23.95237
24.98987
17.84544
17.55704
18.71748
22.71816
24.38605
19.74442
30.53987
20.76661
27.55647
19.43759
14.136
11.77952
12.29222
24.21625
23.85842
30.59306
24.92743
24.85735
26.95221
20.54614
26.44211
20.7199
19.00279
19.90926
15.58013
17.09889
16.58962
21.60003
17.95094
22.5219
21.34161
26.56445
19.37773
18.85385
26.31418
22.50503
18.71798
13.15739
13.14229
20.51771
22.00875
7.707864
25.12961
16.01097
8.613173
13.72882
25.52938
20.53384
21.82884
22.43674
23.48547
12.54527
33.02152
25.43977
13.46807
25.54306
31.99959
20.05358
22.7637
20.46445
20.64961
30.76675
20.96455
20.76508
26.92759
25.68468
26.38847
29.44584
26.57776
40.44424
21.83124
25.17707
23.96502
29.87908
19.43214
26.68006
34.52972
20.52576
30.6047
27.06441
23.13421
32.61357
22.30973
26.74575
24.29953
22.18143
23.6789
23.58541
22.86904
22.12605
17.54341
25.34456
26.75825
30.76974
22.10821
21.77928
26.0752
16.28896
24.21776
20.72802
22.28372
30.82073
18.50698
30.94564
17.11882
25.36534
26.64015
14.16496
30.72906
20.07181
21.48169
26.00753
24.37737
30.38985
26.03001
24.47309
36.91239
31.94535
19.18028
17.88319
19.45904
20.06388
30.42558
25.2122
20.49111
24.17909
31.64665
22.6659
27.13433
25.6719
15.63854
22.00282
30.99953
27.48487
29.28502
33.0585
28.28841
25.74456
26.28855
25.45886
31.41934
22.58762
14.178
24.49831
21.30784
26.85594
26.19826
26.53739
29.50819
24.95261
21.61347
24.14478
31.0633
26.55297
30.27301
28.23446
30.7928
27.31208
22.78643
26.47542
25.58871
32.4289
31.22103
29.09674
24.22913
23.03961
28.16358
25.66176
22.25217
25.46681
30.61225
20.3383
25.15754
27.24205
30.82553
36.3761
18.02732
20.31051
23.40506
25.35866
36.5256
23.75882
29.9746
34.34499
28.9532
30.05921
20.52884
25.58083
30.73898
18.41313
32.56188
19.97384
24.42365
29.55652
31.15179
31.71158
30.95085
17.89868
17.44762
28.0446
28.80007
23.6821
31.96652
23.86264
20.57301
20.85924
25.32007
32.79123
28.73108
25.46911
35.52123
26.27878
24.79833
28.08887
30.89427
26.87968
26.2984
31.92995
24.84663
29.74705
31.15556
21.94382
27.8503
27.00941
22.16934
27.46
19.50194
25.27578
19.41424
21.14417
28.7524
29.59702
24.55242
34.24775
31.96525
25.25536
39.1503
30.38224
37.87902
27.20928
27.44148
17.50967
31.05478
25.97827
27.29077
26.48303
35.9367
34.49985
27.90619
29.04921
27.6571
29.99773
33.17643
25.72032
30.44848
24.98103
28.34656
31.78924
33.84423
28.91505
26.64556
33.38575
19.7004
34.46372
34.39232
26.2896
25.15079
34.61299
30.31759
33.29017
32.50497
30.18505
30.63162
34.32473
38.26475
33.28131
39.10257
34.4381
26.7753
16.36194
27.15225
28.63368
27.50029
33.83349
23.36831
32.51654
26.55704
28.87033
28.15105
25.99581
29.33359
35.48568
30.87663
34.46632
36.51899
28.12027
31.69824
27.6562
35.7303
36.48115
31.52261
24.31482
36.01727
28.30357
32.75131
24.50998
25.80814
34.89881
25.75404
35.17503
28.56427
28.16457
26.26463
24.53792
21.42101
31.31013
29.55764
30.09065
28.39227
24.54646
30.00738
25.78534
22.25045
29.5038
29.6324
28.85821
21.38442
33.61853
25.6428
27.14689
20.40041
20.85044
30.62189
25.06333
35.51744
33.82475
22.88112
22.66452
22.94713
31.73693
36.1459
29.99398
25.18215
21.64371
26.25242
31.36001
27.09994
33.91384
38.58651
45.23515
28.47672
33.12863
32.98557
27.41671
34.24348
28.01644
31.7396
32.11632
28.41055
28.86092
38.42832
31.2148
32.76581
34.39947
27.90241
31.14508
34.48565
26.13862
32.52465
43.57418
37.82603
41.86677
34.29811
27.2769
29.25216
31.81866
34.51983
31.84039
34.99269
28.97038
35.27282
36.08246
33.21874
32.33428
41.32423
37.86383
20.92331
22.18376
32.80819
30.56432
24.20885
40.7731
29.88797
35.38716
40.16502
37.63179
26.45742
31.70898
22.37598
39.48043
35.53251
33.84737
28.69412
30.5532
44.51597
31.49548
34.00317
26.52981
35.46298
33.7891
40.75293
30.67236
36.13138
33.0592
35.97463
35.56595
30.78888
34.98084
36.98189
32.86864
31.69433
34.37791
27.36462
33.53493
29.89144
31.31244
34.68894
34.31743
42.29092
30.69207
37.25022
33.10741
22.8642
35.10992
27.86115
32.65556
23.34946
40.20211
37.54602
34.36512
27.26994
33.89841
32.64735
35.0276
38.38449
36.22121
