2.145435
3.186559
3.476304
4.139587
-1.613465
0.5391365
2.868288
3.754145
8.192728
1.692786
2.520285
3.994235
8.217229
1.271755
7.076722
-0.4631271
-3.157536
-0.74285
-2.392943
-1.767721
-0.6310752
3.502333
2.156744
8.680678
3.524515
9.420013
2.302946
2.755231
6.726047
12.04601
4.937053
5.457176
3.359972
-0.2663145
10.17612
2.974841
4.655407
3.860887
3.274182
-2.085928
7.867717
4.954124
4.298027
-3.55174
10.39083
2.935245
4.029422
-0.8325937
7.622738
-2.001091
10.21403
8.349176
4.184326
0.6540869
0.3555596
-8.729196
-5.865603
-4.937048
-3.15585
-2.302614
-8.344696
-10.86078
-5.951441
-3.687918
-2.484139
-9.091916
-6.439091
-15.4416
-8.103268
-5.731544
-7.027037
-4.070226
-13.01389
-11.67749
-0.283715
-3.957729
-1.312686
-5.663708
-6.092158
-1.589893
-7.090565
-5.219434
-6.180369
-4.495028
-12.44074
-12.3091
-4.939163
-8.069758
-3.252955
-5.841175
-6.534412
-2.981595
-9.814112
-9.171089
-4.563658
-6.330966
-12.50703
-9.476892
-9.20206
-7.02271
-6.036229
-2.790344
-8.653015
-8.285247
-9.986435
4.329532
-4.339656
-5.986911
-6.568624
-6.146589
-8.517477
-8.850357
-5.37634
-7.255101
-5.180357
-7.708283
-5.940945
-0.9077831
-12.67177
-6.413406
-3.43729
-9.853505
0.1362889
-1.367845
-14.54796
-9.257849
-8.66424
-11.68951
-13.56456
-5.274392
-15.0993
0.3703988
-9.47769
-1.027436
-8.381361
-12.141
-3.620236
-11.93852
0.3830337
-8.849134
-4.447497
-3.816304
-4.858186
-9.293289
-12.38104
-5.02668
-7.528383
-11.08154
-6.678386
-13.48499
-12.41397
-6.854752
-12.98047
-6.637502
-8.293424
-8.08044
-3.689746
-9.402556
-3.844325
-4.666372
-2.625557
-11.94082
0.2786068
-3.89788
0.2549638
-8.318841
-4.186655
-2.010493
-12.14437
-5.104044
-1.915185
-4.052483
-6.714634
3.463232
-9.483373
-1.560938
-6.144641
-10.67379
-6.775776
-8.192555
-2.789845
-4.532825
-5.382393
-5.342367
-7.275158
-4.115323
-9.955299
-7.832931
-7.032764
-3.879926
-7.424306
-8.32405
-5.641503
-8.439352
-9.045761
-10.6441
3.391888
-4.284456
-11.65181
-2.008885
-4.137671
-0.2506769
-1.928587
1.7687
-0.9643147
-9.680604
-6.569986
0.5935769
-8.084945
-2.924812
4.463783
-1.505632
-6.70867
-6.965037
-11.69919
-0.1117532
-6.896861
-3.529032
-4.632173
-7.802866
-1.874396
-9.915557
-0.004132247
-1.707262
-12.72049
-12.43046
-2.924039
-1.395963
-4.828629
-9.857609
-6.862922
-12.13434
-4.586133
-10.22094
-5.742814
0.01221656
-1.080229
-6.229666
-3.552998
-9.204062
3.910557
-1.363856
-3.26728
-2.439075
-5.864881
-0.2347145
-6.698714
-9.838792
-7.895736
-7.805394
-8.317669
-1.880515
-4.756651
-0.2388502
1.511334
2.882442
-7.31894
-3.181642
-1.067593
-3.436706
-9.57146
-4.602626
-1.638088
-2.80588
-4.743074
-1.334873
-0.9311737
-1.152928
2.605925
-8.358709
-3.878769
-6.934788
-0.9104726
-2.779773
-4.545117
-1.063559
-6.003043
-7.233984
-7.120429
-10.46802
6.759385
-9.104961
-5.390196
-11.71981
1.36664
-1.429538
-4.477762
-4.77457
-7.668343
1.406631
-0.1442432
0.4980024
-6.002241
0.08138835
5.182474
-4.151742
-3.836873
7.09827
-7.27885
2.325781
-0.5762732
-7.560314
-6.179905
-5.983119
-2.644172
-5.008773
-6.731498
1.390865
-11.13352
-6.323728
-5.760414
0.9908213
-6.510794
-7.400239
-0.5557486
-0.7325015
-3.233457
0.1948786
-1.664124
1.360704
-5.673962
-3.672112
-4.874712
-2.451254
-4.514876
-5.706394
-5.819041
2.126592
-1.541292
-3.952034
0.6793245
-4.972857
0.6384914
-4.420817
-6.941135
2.87074
1.616796
-2.720848
-4.251388
-1.185098
-7.52043
0.6994594
-2.432364
-0.4054512
-3.925367
0.1504761
-0.1789181
0.8503212
-1.825352
-4.799322
0.7368342
-4.455378
1.30282
-5.777306
-1.8434
2.184297
-1.769193
-1.892992
-7.772031
-6.771395
4.755237
-8.163317
-2.925994
-0.8901903
-1.399425
-5.915652
-0.4443713
-2.324834
-2.770244
1.469397
0.4750151
3.741652
3.617184
-0.7055386
-8.047296
2.186232
-2.078578
3.50742
-7.132744
-1.786461
-1.429355
-0.9860475
0.06630671
-0.7314379
-2.276628
-6.113117
-2.829074
-1.302098
-0.9430374
-3.131209
-1.584773
1.755172
-6.630846
-4.478128
2.792492
1.795114
-0.9459985
-1.629795
-1.521189
-0.8354489
-4.242592
-8.822862
-8.03062
-0.3352174
-2.471396
0.6798993
-2.723783
2.302544
-3.557211
1.767737
8.176278
1.066199
-1.477806
0.7956012
0.8335776
-4.204453
-0.9535732
-7.015832
-5.50516
-1.435996
-2.849163
-5.814179
-7.654185
-6.851505
-4.429423
3.774025
-0.05494262
-6.271342
-4.426002
-5.077655
-6.068139
0.4977647
-10.37493
-8.459125
-1.476301
-0.820248
-6.056192
0.9350168
-2.286336
3.38289
0.3977791
1.717663
-2.13974
1.264987
1.967812
-6.574642
-2.363195
-1.317712
-4.919034
0.5046597
-0.3905773
-1.822304
-0.0752025
4.798399
-4.626738
-3.999688
-0.905603
0.936518
-6.167196
-0.5728462
-4.244445
0.0218835
-5.778493
-1.778642
2.455663
-0.7981216
6.159929
4.520606
-0.4839904
-2.721594
1.610958
-6.101671
2.774841
-5.552925
0.4809356
-7.391075
2.969849
-1.951641
-1.196761
-3.176586
-0.4277094
7.121734
-5.758758
-11.48618
-4.123439
8.737365
2.355713
1.510134
-2.858919
-0.4053381
-2.681442
-1.239596
-0.8690585
-7.17682
-1.523889
1.155809
3.881887
-2.251243
-0.3217885
-3.3561
-4.698678
1.726793
-4.033988
6.223678
-3.918513
-1.505044
0.5049074
4.076247
4.366646
-0.9898518
-4.490971
0.5338089
8.961082
-4.333185
-6.947001
1.846102
-7.182803
1.346865
3.117011
1.661025
7.090088
-2.656953
-2.093181
1.762206
-2.610898
-4.96065
-2.029737
-1.971142
7.840318
-0.9244044
-2.652511
-8.322599
-5.853936
-2.373021
3.075796
3.541669
-0.1266023
-2.256603
0.6506431
-1.29073
-9.996348
-2.485989
3.11137
-0.771446
1.673886
2.352567
-1.625236
0.04059437
-3.61236
-1.923428
1.914086
-6.379591
-1.663938
0.8687498
5.590029
5.518364
-2.015054
0.1373321
-0.9463734
-1.731865
4.224135
-4.627082
1.690123
-0.6793776
-0.1680103
5.115972
4.273816
0.02121022
-0.6165606
-1.749484
3.235937
-3.904125
4.604657
-4.756679
-1.509478
-2.434723
-1.594617
5.394395
2.633104
5.690299
-1.925927
3.207414
-4.528816
3.375637
0.9457747
2.118873
3.546002
7.249639
-0.699583
0.3089298
0.08326812
4.606838
-0.6670583
-1.613788
0.2905124
9.196885
-2.05288
2.935312
1.090196
4.244343
-1.947723
-5.313675
-5.412251
-2.289922
-5.239831
0.4896293
3.067148
2.371773
-0.53225
-1.174726
2.456284
0.1539479
5.884395
3.451661
0.4461176
5.724221
1.481796
2.529397
0.2657633
-2.1488
-2.646709
-3.6662
4.424012
8.271028
10.21861
3.926075
5.536627
4.890719
4.132959
3.229857
2.338202
-0.122345
-1.649009
-3.072446
-1.651397
-3.771613
2.304441
2.330823
1.331505
5.171304
5.077216
2.634154
3.220344
8.110281
1.645212
-0.7483271
-5.285535
-2.577991
4.713896
3.392842
-6.092705
2.954172
1.277485
-2.548646
-6.431715
5.224813
-1.882688
1.444428
1.373514
4.506389
-0.1666334
11.37567
3.368855
-1.746747
0.8160129
6.304806
6.056921
4.194429
-0.06230062
6.818639
5.758352
1.475816
2.124279
7.31579
4.075852
8.32951
8.76177
2.824085
12.7388
0.03442789
6.420939
3.031729
4.349233
2.884789
2.195352
11.96128
-0.8207085
9.446789
7.975312
3.975006
9.709317
1.116333
3.390152
1.253734
2.807684
1.012814
2.273443
1.372902
0.5704069
1.668907
3.795303
3.222885
7.89225
3.654705
-0.5198716
3.537687
-4.786214
0.900895
2.629544
2.615192
9.119429
-2.567261
7.299289
0.001020623
4.19307
4.917953
-0.8234339
6.57303
-5.868717
3.897992
3.117964
1.213872
5.22181
8.054875
6.306374
9.693894
7.72731
-1.010446
-1.593934
2.216578
3.245271
4.122852
6.274339
1.772656
5.774191
10.18624
1.460276
7.60042
3.712398
-2.070894
2.759251
4.580194
5.089062
5.213499
3.378705
-0.5064708
-0.2130271
2.381791
3.535651
10.30465
2.744313
-0.5839745
2.149679
-3.151015
0.6737724
5.259823
4.153357
5.438742
5.162269
1.349437
4.979404
5.466471
0.4443466
11.66878
4.428979
9.921494
-1.567518
4.298002
4.967838
5.495103
7.783722
8.826396
1.966204
6.5851
1.300572
3.869644
3.347576
1.953743
2.52453
5.642152
0.914158
0.4722292
0.225035
11.62542
11.68891
1.215756
5.027621
4.665397
4.024675
11.23847
4.07066
10.12779
8.407199
3.684431
5.992385
-1.437516
2.720687
10.50666
-1.209129
9.970111
3.826271
0.7988113
8.007616
9.95213
8.146894
4.518254
3.191356
1.793886
3.969028
5.637395
0.731443
5.747175
0.8834677
2.971606
0.8502017
1.78857
7.01429
5.485436
1.660781
6.649697
3.411395
3.378152
3.299798
6.80744
6.291847
-0.1480064
10.1822
2.180248
5.370935
3.661905
-2.539071
4.32251
6.620881
1.375311
2.889151
-1.915857
5.332473
0.716214
1.202093
5.614625
7.754699
4.303215
11.9137
8.860967
0.6489278
7.920532
8.582798
10.48241
-0.8102764
1.260703
-2.419698
7.354231
6.276619
7.767238
6.012127
7.514896
8.820293
4.894767
7.656677
5.665709
5.578149
11.42086
5.810103
6.881801
3.6809
8.86213
5.221582
13.4827
3.857661
7.161874
4.920028
1.005604
9.176936
7.370953
1.558961
9.780427
10.79819
3.637244
16.21015
11.72777
4.791245
10.78415
7.159343
14.42349
9.746193
8.238618
9.982574
4.350719
3.134101
8.656431
4.809834
7.368257
2.126107
2.778218
6.463067
1.188947
6.381165
1.958707
0.06891006
4.787435
7.253755
5.570114
9.004547
8.883585
2.739037
6.698813
3.835728
10.40587
10.92222
4.788523
4.166971
9.486549
4.860164
3.033811
0.2282532
2.415831
5.775246
2.558253
5.382609
3.915766
7.314306
5.381898
7.187137
0.1879602
8.745677
5.789082
5.071098
9.051339
3.110473
8.564024
6.18819
5.600052
13.59148
7.056993
9.77209
-0.6669129
10.35131
4.644324
6.335052
3.740756
3.602936
10.12827
3.735007
11.93662
10.1638
2.533896
0.5474
-0.9184669
8.013367
8.495464
5.714268
7.177479
-0.07372275
8.784629
8.360694
7.444883
8.239773
7.384554
14.49685
3.514106
9.293255
7.260489
2.505233
11.01489
3.804501
4.275398
10.52038
5.652543
10.47244
13.94297
2.906474
4.83796
10.28396
5.161662
6.053784
6.217512
4.004953
11.74821
17.30314
7.668929
16.03304
9.84149
1.701601
3.304175
4.225437
11.74079
8.477106
8.987271
7.927145
6.134642
11.4163
9.767663
7.199419
11.28095
8.063827
-2.699449
1.286956
6.05764
10.45607
6.924054
11.53133
7.373169
10.4639
13.12396
8.443768
-0.2847413
9.299281
3.391816
10.98806
9.448468
8.942384
3.536978
8.58195
14.25032
7.029806
9.759072
1.329728
7.554673
10.87923
14.58474
10.24946
6.627243
6.085375
13.18438
5.353581
5.110718
8.239478
10.49799
8.560239
6.240198
6.71884
3.628889
5.027146
5.503988
5.412866
8.336868
14.41614
9.561019
7.272566
8.384643
6.043766
3.223089
8.877872
4.226557
5.520136
1.350951
11.84945
8.542127
8.196042
5.810282
5.74788
3.141484
9.135729
11.81843
7.081195
