13.10114
22.9704
13.05001
24.67487
8.261683
19.64838
12.50972
17.67634
14.13096
6.441395
21.03273
8.800657
18.24412
12.32243
16.39929
16.58853
15.23992
13.16628
9.893293
8.457703
13.94561
18.97744
17.91414
23.27882
17.46404
27.50167
14.55606
16.44077
18.19495
24.40221
22.04243
27.04099
15.34042
15.26943
19.34793
23.839
22.60816
16.26323
20.8486
-0.01125056
20.07899
16.09192
23.42905
9.904592
17.55295
15.20107
17.39591
19.28994
20.86116
14.68957
30.44677
31.03543
20.13938
30.42244
16.43355
13.64624
9.891425
4.619637
12.72027
10.98226
14.75871
-9.806654
3.494587
12.66397
5.069375
8.649499
1.526966
-3.792832
14.24453
5.171975
12.4771
19.9406
3.779091
-1.936441
8.066933
18.18397
19.15636
6.379221
1.648456
6.257607
11.26996
11.68697
8.950678
8.905322
-4.133416
0.7808628
12.61626
11.49677
5.630268
13.30636
12.29891
14.09669
0.6409633
-7.464886
9.608042
9.967771
1.755843
14.91745
8.48247
2.269129
9.075253
10.45163
-0.1851865
6.57522
2.212336
22.20605
11.37941
5.808576
8.935739
3.527516
-2.572412
9.996578
7.971888
7.594308
2.576369
0.5436296
16.81436
14.98374
-0.1689936
19.76372
5.9689
7.513081
11.90973
8.086736
-6.483963
9.732222
6.291557
0.3807211
-10.5664
13.13527
-5.410204
19.21221
4.668223
11.9355
-14.62099
-0.788182
9.850285
1.718258
17.29722
4.685473
6.094019
15.48124
12.75715
9.562496
-0.8124436
15.02472
13.40011
10.12115
4.25024
13.59995
-0.6652254
8.341937
2.834936
-0.7125428
7.397128
8.290567
9.617982
-3.589019
9.959705
2.202311
3.444309
6.744267
21.21196
6.941746
15.11237
8.90934
21.61624
9.718331
-1.779807
4.723574
10.35879
12.7045
11.72882
6.859051
15.41647
16.89205
5.189649
9.52753
14.26227
15.84642
9.908572
12.02648
11.61243
12.49163
3.858172
19.52248
4.442735
15.5519
6.622968
15.51756
-1.188176
2.108522
6.562026
17.03243
5.862312
4.840219
9.338047
3.72199
24.66922
15.95629
6.573356
11.56709
1.747533
23.56421
23.95448
15.38114
1.677314
13.66028
17.65705
2.633956
17.19887
18.21594
5.612509
-0.2004617
-5.918577
15.67484
12.03167
16.82973
5.775134
-1.012154
15.89603
25.51541
14.52273
16.66855
1.577735
7.740841
6.274264
1.551191
7.43705
3.825986
10.50823
3.602658
6.140058
-5.742455
1.629694
7.367511
-0.4152001
12.88658
10.16434
4.899385
16.01826
14.76293
8.273571
16.53039
1.383803
22.75288
-2.909045
2.284555
11.77754
9.370851
7.440862
6.519191
14.03407
31.1467
15.71007
18.06396
12.84202
17.3002
14.05679
16.37853
1.377425
18.14469
16.62113
13.1568
4.518308
19.28071
22.0501
12.1025
17.93386
5.15097
19.18783
5.835887
21.84064
17.61068
23.67724
23.51083
23.01828
0.9290903
1.274125
4.589037
8.353874
6.550607
22.8351
6.370479
20.95858
16.38258
9.007729
3.361308
9.850803
28.1032
21.75713
24.56507
2.583034
17.60996
20.62903
5.751357
20.69544
26.16484
-3.310499
14.90969
6.258992
5.136116
-11.52443
0.6460628
17.79223
12.90674
-0.9357667
10.87129
12.76707
-5.252738
13.40304
23.28629
19.12811
10.27631
16.15771
16.68726
16.43171
20.50868
13.35137
24.37724
15.47438
20.16542
19.81777
10.88656
26.67495
-0.6045587
2.493117
18.16734
11.48809
10.47433
14.60684
10.11037
8.70483
8.04493
10.79619
22.59782
16.95033
11.67584
2.339532
5.632763
16.35012
17.38085
13.24158
10.67644
24.0572
8.979962
8.594657
18.63922
7.558477
11.0437
20.11504
13.16267
13.83669
13.92058
21.85212
22.55214
14.41507
16.73801
13.47998
10.55522
28.07166
16.97446
21.2228
22.56821
11.06136
10.74463
9.337338
10.37531
22.36427
11.38761
21.68709
16.11274
22.42392
16.05343
1.673266
21.08856
9.816669
35.27442
11.31908
19.48077
4.180799
23.89931
20.93459
21.81313
14.57213
12.62584
21.32403
23.8399
11.21334
15.70428
9.616664
5.045961
9.514281
12.7184
12.91453
27.33395
25.05599
16.79611
16.31038
13.17384
1.936739
4.84315
8.134216
12.07197
13.60819
3.482857
20.67069
10.29998
16.01061
28.21943
27.10389
21.73062
29.46328
6.346977
12.3718
16.18208
16.03933
0.6270736
14.03785
7.903366
14.1303
12.03074
7.607404
6.801511
15.43756
20.17219
26.37768
0.264814
20.086
11.53201
26.05692
18.99716
-1.70905
14.70383
8.210537
27.95967
9.251544
19.78267
10.47652
23.01287
24.31211
20.64418
27.32093
24.75479
20.31889
13.13069
3.193909
20.81511
11.84969
27.72365
1.209902
25.09921
13.68749
26.48646
17.05855
6.954785
30.52913
19.88636
21.78041
13.92192
13.9895
15.0631
12.09359
16.0942
23.05579
18.3308
16.46969
22.83631
15.52466
30.65151
21.3939
18.19453
20.0468
15.03465
38.13383
20.11286
22.46343
15.92632
20.35908
27.48689
1.532839
16.40477
12.97286
12.10826
16.38329
26.67189
14.96999
9.208462
13.69625
24.10466
15.97331
23.76496
18.32626
18.14167
19.3421
10.16707
23.41073
20.07886
11.01165
26.59371
23.1836
17.63198
13.46561
16.07177
14.45024
26.64037
17.6097
25.67195
27.72588
6.061386
24.29111
22.40722
27.88733
6.855381
2.132835
28.78598
12.58315
13.59429
26.92074
16.85633
30.92206
27.09079
2.06392
28.15389
9.577339
23.61122
11.7559
14.17175
28.0011
12.86425
9.854343
-1.606229
11.04501
22.51549
31.03827
34.7771
16.89812
18.77764
23.60368
10.27033
7.819155
26.31075
6.151202
16.57972
16.49748
32.56794
24.51056
20.33983
22.10413
17.6445
24.11025
12.42184
21.50389
24.18369
21.8252
20.08064
3.563718
13.68605
24.43239
26.82449
27.11105
12.92743
21.03437
26.76035
18.8389
17.56658
27.35845
23.04244
6.801217
12.19054
19.61772
15.92299
16.52895
5.560563
21.27478
13.79578
6.062186
27.52888
22.3085
32.51696
16.38889
32.79814
13.91933
22.35502
32.54175
9.159581
32.15661
18.90063
28.01637
13.68229
8.881039
25.46555
11.61576
14.24115
21.04309
23.4556
16.91777
20.65932
20.48531
25.54426
23.25914
9.538246
6.867314
10.44137
14.88474
29.39337
29.24105
20.79705
29.86878
19.10493
12.47444
28.49459
30.55468
29.08224
22.02402
31.78017
14.57239
23.9957
15.03606
10.79614
16.02102
15.60751
22.68306
23.07499
27.63094
22.97125
27.61622
31.21768
24.60514
21.05052
17.7564
18.84129
20.00859
19.16078
16.28005
24.14757
13.49423
21.46962
27.52935
16.80686
22.14981
16.02217
8.579357
33.03836
13.8757
28.92905
21.95769
14.10856
21.71026
23.84441
19.69894
20.07761
10.0694
13.74294
5.636661
27.26744
19.23541
29.20976
19.61079
28.60836
17.43583
37.56535
31.02777
14.71677
28.92694
32.32386
28.90778
21.21317
26.10976
25.59385
24.99291
31.20462
15.39399
35.06495
26.70595
31.48806
23.58163
32.16866
42.60016
18.50139
19.6217
19.79251
36.99553
25.18421
27.91412
35.54422
21.25898
30.10245
25.27369
29.54618
26.35065
12.42211
22.95551
20.50849
15.91033
25.67547
10.53766
28.69583
19.52212
18.17276
26.79506
24.33316
31.87835
24.6365
26.32804
25.59984
18.56819
24.51892
17.26379
20.64884
33.19441
12.18074
33.17436
23.50037
31.51827
26.68179
17.90662
17.78769
16.27173
28.5572
19.41302
13.40889
25.34813
27.67948
30.13325
42.58772
30.84162
31.70958
6.215433
13.53856
11.82391
25.57025
21.50538
29.39217
27.42791
27.07777
23.36944
33.83289
26.04886
15.18277
19.41259
33.96154
33.34803
25.65087
37.04874
23.00652
30.96373
21.80015
22.02001
37.46871
23.27998
10.90886
27.25649
15.1336
24.81395
35.32069
20.37696
39.22492
27.33116
15.97469
30.45071
34.1221
29.11982
37.74766
34.97419
21.64431
29.99079
21.27841
23.25513
25.01398
29.32563
27.43646
29.34806
36.0809
24.55413
35.53948
24.11391
30.39568
24.61144
29.8946
26.83198
26.15145
17.4878
39.70188
34.74027
10.31536
14.70063
28.36866
32.44294
34.30627
27.96428
25.20419
26.77823
32.65259
24.87539
28.22335
16.174
34.00179
14.63593
24.0016
17.33776
20.86687
29.09149
22.76714
28.13003
34.80514
13.98172
14.35467
30.433
22.0343
26.29849
24.23397
22.34429
16.74815
20.04049
31.74171
33.42488
27.5616
27.20792
38.14289
24.2353
26.60154
26.79234
24.31535
20.82657
22.39782
38.68669
24.72063
23.50601
31.73521
21.70717
22.14918
29.11518
22.63527
21.0132
18.48564
32.4293
12.21891
24.86498
25.41278
40.84448
17.72142
38.00166
29.06611
20.86984
44.88412
25.48347
44.75591
17.58782
29.70898
13.23751
28.86288
37.45178
22.88297
24.12117
37.97502
32.08027
24.3228
31.05628
28.4495
30.59634
42.53073
23.29607
24.59785
30.51847
35.99163
27.49418
35.51051
39.68765
24.55485
31.92574
14.93569
31.2559
36.78594
23.05238
31.89503
29.01933
23.39394
37.49101
34.60241
24.69983
39.40226
33.72373
37.47069
31.56338
40.77298
36.87302
23.35421
17.3643
20.81054
34.44544
24.83104
39.18266
23.23653
31.1278
22.03404
31.35136
28.98477
22.72743
27.32355
36.40251
28.30512
41.17889
44.53638
22.32499
31.404
38.14357
42.37341
31.20713
25.21767
22.0346
24.94514
26.64097
35.50382
24.98096
28.25252
32.18173
22.71893
38.06314
18.47204
21.59853
21.96812
20.57749
25.40215
32.62252
31.56149
25.60796
36.19674
22.84172
23.13591
23.10742
24.44034
33.69861
25.55061
28.99915
16.99354
40.34544
29.65356
21.12471
17.43607
19.58952
33.34521
37.86293
44.30125
25.9801
27.84889
20.19515
19.64131
30.17739
43.49244
35.79064
16.75422
16.16964
18.94549
34.00577
28.8963
37.43346
41.61012
46.53758
28.31314
36.29626
30.20625
23.96269
31.97318
25.10703
32.73833
34.48723
24.77373
30.30296
37.56048
33.6279
37.50004
30.47734
31.98848
39.48367
37.2594
24.56261
37.61933
49.88226
33.44927
41.00619
34.00005
25.47155
26.84245
30.29434
41.29391
21.18457
22.86662
20.66997
27.05593
35.71227
45.07005
24.82237
40.91471
31.32592
22.32536
15.06403
28.57933
29.70614
29.842
38.07489
31.04626
31.54344
33.98736
42.75925
28.98825
39.14908
23.89382
41.60925
39.13009
32.62571
21.25563
34.28258
42.72459
32.26207
38.22931
33.48355
33.45923
41.97328
37.80831
36.32927
35.03132
29.85321
43.23591
36.19454
27.22708
41.75478
37.41193
35.72463
36.36145
33.94041
22.22468
44.98255
31.58481
25.04518
25.88348
27.6307
42.96145
34.05652
43.02362
34.31477
15.10952
29.90661
27.87057
15.39259
31.65983
50.70341
36.22682
30.78823
20.01355
34.15343
25.80838
34.14274
34.80579
33.64447
