0.5737299999999994
6.847420000000003
1.3966399999999997
13.465459999999998
-4.482577000000001
0.7599899999999984
0.4841300000000004
3.82128
0.8935899999999997
-5.709785
7.0098
-1.4128630000000015
3.757509999999998
-1.703339999999999
4.68361
0.7533599999999989
-2.0087300000000017
-2.9806099999999986
1.6581299999999999
-4.2528369999999995
1.5478900000000007
6.551690000000001
1.7983599999999988
7.45279
7.140780000000001
14.00887
-2.3167600000000004
1.0082500000000003
6.590249999999999
8.68238
5.06194
15.989
3.632669999999999
2.414719999999999
4.746130000000001
11.58373
6.278790000000001
2.04885
3.2940600000000018
-11.27896056
5.616630000000001
5.489579999999998
5.586320000000001
-0.12661800000000056
9.632090999999999
3.178419999999999
3.8845800000000015
0.020750000000003155
14.427589000000001
2.9382400000000004
14.228920000000002
12.80827
6.335479999999999
8.220650000000003
1.2862500000000008
-7.634359999999999
-8.416865
-9.735202999999998
-5.574370000000002
-0.5320699999999992
-2.711739999999999
-18.541607
-11.936263
-4.68172
-9.931905
-10.653801
-5.898649
-17.247482
-1.7817799999999995
-5.610555
-4.561250000000001
-2.587250000000001
-9.580959
-13.994981000000001
-2.5296369999999992
1.560699999999997
-1.6461299999999994
-6.229069
-6.314662
-5.549913
-3.3480800000000013
-8.853609999999998
-6.043202000000001
-1.8279080000000008
-15.463126
-16.3731472
-2.4058200000000003
-7.648830000000002
-10.884262
-4.41314
-3.0352200000000007
-2.58863
-13.6936867
-21.468836
-7.136177999999999
-3.5110989999999997
-11.967727
-0.4479199999999999
-7.48854
-7.350192
-2.966627000000001
-2.4207599999999996
-16.9562665
-4.39622
-13.396543999999999
7.439020000000001
-3.32714
-9.709234
-1.7955609999999993
-9.281573999999999
-10.923814
-6.713101999999999
-10.312652
-7.862512000000001
-11.091551
-7.942507399999999
0.41654000000000124
3.456999999999999
-9.561675600000001
4.052399999999999
-0.9406890000000008
-9.886159
0.24619999999999997
-4.253734
-19.995063000000002
-4.531898
-2.9033729999999993
-11.7164989
-20.332203999999997
-4.265489999999998
-17.883774000000003
0.014099999999999113
-3.3991169999999995
-5.988640000000002
-24.203443
-15.953872
-6.384755000000002
-16.383722000000002
3.530949999999999
-9.660027
-8.013061
-2.23348
-2.5704700000000003
-4.912344000000001
-13.7513636
2.2383100000000002
-3.732000000000001
-5.14847
-11.718
-4.7766899999999985
-10.5943994
-7.840883
-13.144794000000001
-13.865572799999999
-11.965421999999998
-3.0507530000000003
-2.8732680000000013
-13.933009
-3.0077049999999996
-7.548826
-10.393791
-14.509222999999999
6.612660000000002
-8.402994
5.572006
-3.8024299999999993
5.290960000000002
-7.318299
-11.580549
-9.296385999999998
-3.4826099999999993
-2.0598400000000012
-2.2827599999999997
-2.004746999999999
0.7581000000000007
1.2923800000000014
-12.375671
-7.608790000000001
-6.927530000000003
-2.908859999999999
-0.5927579999999999
-0.9790600000000005
-2.2490900000000007
-4.932259999999999
-9.501398
1.7718699999999998
-8.756155
-0.39517000000000024
-6.038292
-1.0800300000000007
-15.673826
-14.529067999999999
-9.239304
3.738730000000002
-12.700258000000002
-8.464860999999999
-5.969163
-11.858
2.795680000000001
-2.8820900000000016
-6.571854
-6.181750000000001
-11.871286999999999
3.6994599999999984
6.245950000000001
-4.076759999999998
-8.324245999999999
5.428042
0.2103400000000022
-11.221834000000001
-0.8573599999999999
5.9724
-10.897771000000002
-9.9770907
-17.255567
1.1991499999999995
-1.8965499999999995
-2.666319999999999
-8.141435999999999
-11.712214000000001
1.3661499999999993
5.47523
1.0652799999999996
1.789109999999999
-11.761624999999999
-8.726519
-9.457416000000002
-11.162249000000001
-8.661820000000002
-7.813314
-3.72358
-13.231042
-6.066822
-19.006045
-9.849806
-0.7880830000000003
-12.4044601
-4.82005
-5.288460000000001
-12.870445
0.6569400000000023
0.27149
-10.512408999999998
5.27125
-10.364887
6.51707
-12.170556000000001
-10.872785
-5.246419999999999
-8.718908999999998
-8.831678
-1.4572950000000002
0.4008900000000004
16.61435
1.94102
3.7830900000000014
-5.91559
0.4739299999999993
-5.396630000000002
-0.7101899999999972
-13.022825
-0.842880000000001
-2.18337
-4.436969999999999
-9.566372000000001
0.9628399999999999
0.42376000000000147
-2.71251
-0.9050800000000017
-13.33679
1.4621600000000008
-7.213743000000001
-0.18489999999999895
-1.5523300000000013
6.462500000000002
3.425849999999997
3.239180000000001
-11.6122497
-13.703695
-9.510373000000001
-2.9324460000000006
-10.209273
7.650680000000001
-12.283441
9.128070000000001
-3.8369
-7.526991000000001
-11.745842
-5.362546999999999
3.905570000000001
8.079180000000001
6.8141099999999994
-12.475366000000001
0.9283600000000014
8.350760000000001
-5.383583000000001
3.480520000000002
8.876180000000002
-19.401659
-0.8304100000000005
-7.506708000000001
-9.345133999999998
-18.645849000000002
-16.0720972
-1.5403899999999986
-3.11928
-15.8238267
-3.5164899999999992
-10.38497
-17.714798
-4.123519999999999
9.882850000000001
-1.9530300000000018
-5.730169999999999
-3.525479999999998
0.6895799999999976
0.7331999999999983
4.823609999999999
-5.987500000000001
1.6380800000000022
-3.0544200000000004
5.312050000000001
0.6320499999999996
-0.4441000000000006
4.543900000000001
-12.1404087
-11.237633
3.954229999999999
-3.254480000000001
-2.5881600000000002
2.69444
-3.3222199999999997
0.8070099999999991
-9.75561
-8.95654
6.55874
-3.7669700000000006
-7.008379999999999
-14.183518000000001
-7.701337
-10.48122
3.621109999999998
-9.232629999999999
-1.7257499999999997
5.917370000000002
-9.572047999999999
-10.906573
2.6331700000000033
-5.934753000000001
-0.9424200000000003
4.65565
-6.076639999999999
-3.9044999999999987
-0.318480000000001
2.4742800000000003
1.648530000000001
-6.912769999999998
-1.8741100000000017
-2.6960700000000006
-8.124909999999998
10.858
-3.3814600000000006
7.272209999999999
7.16689
-9.032339999999998
-2.7950599999999994
-6.402811999999999
-2.2568199999999994
3.359020000000001
-6.10036
4.5132600000000025
-1.0013500000000022
5.292489999999997
-2.4795900000000017
-12.941904000000001
-1.9571000000000005
-6.6317910000000015
15.451639999999998
-2.99446
-0.4148500000000013
-10.346361
4.374009999999998
2.627700000000001
5.1112600000000015
-1.7520700000000016
-5.758099999999999
-1.0475999999999992
0.47316
-5.6905899999999985
-4.61459
-4.183375999999999
-12.968219
-6.735489000000001
-0.33564999999999934
-6.1359400000000015
9.94942
6.468960000000003
-1.7917300000000012
-1.7012600000000013
-3.3833800000000007
-9.670111
-13.320549999999999
-6.764823999999999
-5.362950000000001
-3.820450000000001
-7.416512999999999
1.5310200000000016
-10.12346
-1.3813500000000012
10.746869999999998
6.524750000000001
1.7432199999999973
4.147259999999999
-6.583633
-1.382439999999999
-6.600529999999999
2.95148
-10.042956400000001
-1.9821000000000009
-7.0916239999999995
-6.886419999999999
-7.999930000000001
-9.697936000000002
-15.806999
1.76952
2.8824299999999994
4.04185
-13.043686000000001
3.4403799999999976
-3.945070000000001
6.964000000000002
4.432980000000001
-16.94491
-6.39282
-12.322963
3.7383500000000005
-5.721786
3.2276099999999985
-11.72851
0.4169699999999992
9.26352
3.3217599999999976
6.89209
4.51643
0.97973
-6.681710000000001
-12.457431
0.11484000000000094
-6.247389999999998
5.699189999999998
-9.964918
6.13504
1.8997399999999995
6.197230000000001
-6.804359999999999
-11.719545
10.440629999999999
-2.9143599999999985
2.42474
-3.1587400000000017
-7.236270000000001
-0.7615099999999995
-10.04179
-4.315369999999998
4.218779999999999
-2.6963700000000017
-3.0745900000000006
7.473260000000002
-2.2074099999999994
8.905819999999999
0.8645399999999981
-2.893699999999999
-0.8447800000000001
-1.346890000000002
15.061330000000002
-1.2102599999999981
2.8808899999999973
-0.9403499999999987
2.3347300000000004
6.8138799999999975
-11.480540999999999
1.8374699999999997
-7.256740000000001
-6.722040000000002
-4.9110499999999995
8.61334
-0.2537200000000013
-10.420117999999999
-2.6048299999999998
6.2448099999999975
-5.5144600000000015
3.1667799999999993
-3.885439999999999
2.5968600000000013
0.6128299999999989
-4.810309999999999
5.767950000000003
-0.4254800000000003
-6.22681
5.935080000000003
-1.6776700000000027
-4.137900000000002
-7.040049999999999
-2.550329999999999
-8.505759999999999
3.438220000000001
-2.094570000000001
11.460349999999998
8.473849999999999
-7.8967540000000005
2.7786599999999986
6.134159999999998
6.767319999999998
-10.476298999999997
-14.724785
6.411549999999998
-5.443200000000001
-8.61334
10.02412
-0.134170000000001
9.08578
4.411099999999998
-15.04196
6.502770000000002
-6.842571000000001
6.539249999999999
-4.46414
-2.392400000000002
10.29446
-6.474639999999999
-4.007757
-19.911089
-9.949309999999999
1.1187499999999986
10.58586
17.110089999999996
-1.0530299999999997
-1.0443999999999996
-0.17586000000000013
-7.49798
-7.843365
4.114249999999998
-4.5639780000000005
-2.638460000000002
-0.7075700000000005
7.092639999999999
5.500230000000002
3.313839999999999
1.58662
-0.3643599999999978
2.1789000000000023
-6.666589999999999
-3.7096100000000014
3.0656099999999995
7.867399999999998
-0.44998000000000005
-12.964252
-4.986120000000001
6.449290000000001
4.849
4.882739999999998
-8.42929
-1.54195
9.20619
-7.451530000000002
-1.631770000000003
9.894870000000001
6.94707
-7.705652999999999
0.22727000000000075
3.37237
-1.19496
-3.5620900000000013
-10.044777
2.6296099999999996
-1.78411
-7.012484
9.26276
6.406669999999998
12.652999999999999
-1.42267
13.350249999999996
-5.193219999999998
4.743659999999998
8.613520000000001
-4.416389000000001
10.711860000000001
1.4569699999999983
7.164159999999999
-6.793660000000001
-4.705811000000001
4.370799999999999
-2.0997500000000002
-3.0947499999999994
6.14818
8.98526
-0.3674999999999997
-0.5781499999999973
2.527919999999998
13.59237
1.42577
-12.073694000000001
-11.409416
-7.878350000000001
-3.9867399999999975
7.055050000000001
8.386380000000003
-0.7835500000000017
4.34666
0.08475999999999928
-2.6263199999999998
9.931059999999999
13.72091
8.147849999999998
2.725719999999999
6.964519999999997
-4.7124299999999995
-1.031369999999999
-4.135769999999999
-5.488660000000001
1.5947899999999997
-0.3509100000000007
2.8908200000000015
7.4876000000000005
7.256489999999999
1.9699000000000026
8.295489999999997
9.156180000000003
8.191959999999998
-2.161730000000002
-0.6252999999999993
-0.2838499999999975
-1.5496799999999986
0.5082099999999983
-2.470230000000001
3.7863400000000027
-5.801360000000001
5.849499999999999
6.33896
0.6365599999999993
0.6625799999999984
-0.7213999999999992
-7.0541529999999995
14.834469999999996
-6.984119999999999
9.46275
3.5147699999999986
-1.61172
5.906440000000002
5.2285
5.89837
-2.0978299999999983
-4.66409
2.5811200000000003
-14.523869000000001
6.962870000000002
-3.18112
8.82534
-1.4524399999999993
9.629280000000001
4.723929999999999
15.919490000000003
8.95685
-0.4980399999999996
4.1998999999999995
6.629080000000002
14.911119999999999
2.643900000000002
5.583010000000002
11.76287
-0.015490000000003334
11.715889999999998
-3.246809999999998
15.453150000000004
5.09712
13.429100000000002
2.897560000000002
8.414980000000003
14.894720000000003
-3.2954299999999996
0.8655700000000017
-1.1407799999999995
11.465680000000003
8.636859999999999
3.4294100000000007
12.975780000000004
-0.08748999999999896
8.94454
6.1846
10.386980000000001
3.446390000000001
-8.77128
-0.4000899999999987
-2.537300000000002
-3.4634100000000014
3.00939
-10.774309999999998
7.19969
-2.0335199999999993
2.298260000000001
5.245799999999999
0.7977899999999991
9.00086
6.183000000000003
4.0288900000000005
3.0623299999999993
-2.5069899999999983
1.202060000000003
-0.8346799999999988
0.9803099999999993
11.493109999999998
-8.8935
9.528009999999998
6.382580000000001
10.346
4.959589999999999
2.91822
-6.36834
-9.668789999999998
10.973500000000001
-3.4765499999999996
-9.75461
0.18008999999999986
9.704340000000002
11.966529999999999
15.369219999999999
6.62359
11.51885
-13.261686999999998
-3.7039100000000005
-4.9947
-0.7324799999999989
2.5675199999999982
10.67372
9.023019999999999
5.617350000000002
2.1638100000000016
14.29898
4.08935
-2.5266600000000015
0.16902000000000328
7.542200000000001
10.95222
1.5793500000000016
7.368950000000002
-5.788360000000001
5.006140000000002
-2.10661
0.09679999999999822
16.354020000000002
3.4366699999999994
-3.853109999999999
4.9078599999999994
-9.325260000000002
-1.3682200000000009
14.382259999999999
-2.007069999999999
15.155469999999998
7.54082
-4.289340000000001
11.285340000000001
8.525270000000003
3.011189999999999
19.143430000000002
11.16871
0.7729999999999997
1.1111900000000006
2.78998
1.7475500000000004
4.920369999999998
4.68045
5.041830000000001
2.2175200000000004
18.43687
2.815100000000001
11.245539999999998
1.7997300000000003
10.097259999999999
1.6691600000000015
4.9245100000000015
7.407830000000001
1.4661399999999993
-9.529219999999999
20.501770000000004
10.053080000000001
-6.49621
-0.5822599999999998
9.628989999999998
11.10896
9.019139999999997
8.276119999999999
5.357389999999999
0.840440000000001
7.3838199999999965
0.8085699999999996
6.256989999999998
-6.686140000000002
13.769459999999999
-4.986330000000001
1.409839999999999
1.1901899999999976
-2.7579600000000006
7.542580000000001
1.5674799999999998
4.565350000000002
8.37254
-0.7256
-1.2990700000000004
6.357430000000001
-1.1283699999999968
3.3478400000000015
-1.9853799999999993
-0.6348899999999986
-0.8532500000000027
0.031449999999999534
8.21021
7.647940000000002
4.315949999999997
3.39959
9.271350000000002
1.3679099999999984
5.1813600000000015
2.0032700000000006
0.2285199999999996
0.23873999999999995
-4.048580000000001
16.93895
2.0542499999999997
-0.8701000000000008
4.24156
-2.7757199999999997
-1.3786099999999983
8.726659999999999
1.841239999999999
-3.5576399999999992
-2.93215
12.485989999999997
-6.47911
4.922909999999998
2.2750100000000018
19.002159999999996
-2.52778
15.66761
5.961829999999999
-3.7365899999999996
13.654350000000004
3.68403
17.3593
-10.431739999999998
3.528200000000002
-6.691859999999998
5.162330000000001
17.75013
3.3594399999999993
3.650269999999999
9.55322
6.40071
1.3113799999999998
9.66375
6.458110000000001
6.176760000000002
20.77516
3.3858500000000014
1.0311699999999995
9.218340000000001
16.5072
0.92652
15.148979999999998
14.630259999999996
5.071169999999999
3.46002
-3.759100000000002
5.969110000000001
9.764569999999996
-1.6782600000000016
16.52467
5.204529999999998
-3.2864000000000004
20.41099
13.825209999999998
-0.6939799999999998
19.554799999999997
6.558340000000005
13.62943
8.02826
9.909029999999998
12.417489999999997
0.9296299999999995
4.13646
2.314720000000001
10.621599999999997
4.699000000000002
7.475269999999998
2.6464399999999983
5.07433
-3.3340499999999977
8.862200000000001
2.7924299999999995
-3.1994700000000016
2.7774
8.170580000000001
2.9986099999999993
15.717110000000002
16.90097
-3.056239999999999
6.404579999999999
14.323099999999997
17.04898
5.648199999999999
-1.51642
1.8867500000000028
-1.5855800000000002
3.1975599999999993
5.786319999999996
0.6992399999999996
4.860210000000002
3.058160000000001
-0.4768599999999985
8.270719999999997
-6.176459999999999
0.7482600000000019
1.0853900000000003
3.2267100000000006
4.1691
10.05807
7.792929999999998
0.5884099999999997
16.855809999999998
1.4057299999999984
1.6925500000000007
3.510270000000002
7.789939999999998
17.78629
2.9751999999999974
9.91303
-5.0578
17.078230000000005
8.655089999999998
0.3128700000000002
0.776410000000002
2.3420200000000015
12.851590000000002
16.534609999999997
20.720430000000004
2.3191500000000005
7.501670000000001
-1.9219699999999982
-4.22428
6.45382
15.842010000000002
11.510930000000002
-1.2504600000000003
-5.547789999999999
1.4776999999999987
11.006449999999997
9.241240000000001
11.759389999999996
10.408170000000002
15.79928
3.3505199999999995
12.460889999999996
4.481170000000002
-0.9487900000000025
8.744589999999999
0.8950900000000033
5.274129999999996
12.891279999999998
2.0157200000000017
11.914479999999998
13.075129999999998
5.319579999999998
9.572189999999999
6.361830000000001
9.24773
14.392379999999996
8.99126
2.4289400000000008
16.842889999999997
23.611210000000003
3.2921699999999987
15.172459999999997
9.54343
-0.10374999999999801
0.8944699999999983
2.7011199999999995
18.51487
-2.1787199999999984
-3.1388
-0.3732600000000019
-2.0822499999999984
11.046109999999995
21.61898
-0.3124900000000004
10.87143
1.5259199999999993
-1.2973999999999997
-5.832769999999998
1.8287799999999983
9.59789
12.557199999999998
8.833120000000005
8.53146
6.620180000000001
6.946300000000001
13.57123
2.2460900000000024
16.739379999999997
4.909660000000002
13.116880000000002
13.046050000000001
7.7207199999999965
-3.9015099999999983
12.311330000000002
12.458939999999998
7.796390000000002
13.985209999999999
8.283470000000001
5.5509299999999975
19.06341
11.64012
15.906370000000003
5.527190000000001
2.879380000000001
20.445649999999997
5.9821700000000035
1.5489200000000025
15.013409999999997
10.92803
11.416229999999999
10.907319999999999
6.28134
-1.511050000000001
16.474770000000003
7.19735
-0.8543900000000022
-0.4685900000000025
7.7294100000000014
10.231540000000003
10.63702
14.15804
7.251130000000003
-4.531590000000001
3.6745599999999996
4.235980000000001
-11.74283
9.66132
22.350759999999998
7.222929999999998
4.619159999999997
-1.446110000000001
6.0029
-3.6974799999999988
8.250860000000003
8.239740000000001
4.504459999999998
